0 0 100
0 1 47
0 2 46
0 3 39
0 4 55
0 5 46
0 6 54
0 7 42
0 8 69
0 9 50
0 10 38
0 11 42
0 12 47
0 13 46
0 14 48
0 15 28
0 16 57
0 17 43
0 18 38
0 19 52
0 20 29
0 21 82
0 22 46
0 23 25
0 24 47
0 25 55
0 26 52
0 27 56
0 28 61
0 29 53
0 30 50
0 31 55
0 32 26
0 33 58
0 34 29
0 35 52
0 36 54
0 37 57
0 38 54
0 39 49
0 40 52
0 41 48
0 42 51
0 43 52
0 44 55
0 45 54
0 46 47
0 47 42
0 48 39
0 49 40
0 50 46
0 51 38
0 52 53
0 53 46
0 54 37
1 0 47
1 1 99
1 2 74
1 3 84
1 4 71
1 5 66
1 6 79
1 7 59
1 8 64
1 9 84
1 10 63
1 11 59
1 12 84
1 13 67
1 14 79
1 15 59
1 16 62
1 17 50
1 18 51
1 19 47
1 20 46
1 21 58
1 22 45
1 23 38
1 24 70
1 25 73
1 26 71
1 27 82
1 28 70
1 29 77
1 30 71
1 31 74
1 32 50
1 33 80
1 34 61
1 35 79
1 36 77
1 37 73
1 38 83
1 39 68
1 40 77
1 41 60
1 42 73
1 43 69
1 44 67
1 45 67
1 46 61
1 47 49
1 48 52
1 49 60
1 50 50
1 51 56
1 52 63
1 53 55
1 54 43
2 0 46
2 1 74
2 2 100
2 3 72
2 4 63
2 5 54
2 6 70
2 7 55
2 8 57
2 9 78
2 10 56
2 11 71
2 12 75
2 13 60
2 14 76
2 15 61
2 16 60
2 17 52
2 18 45
2 19 45
2 20 48
2 21 53
2 22 42
2 23 35
2 24 59
2 25 71
2 26 64
2 27 74
2 28 67
2 29 61
2 30 63
2 31 72
2 32 45
2 33 75
2 34 57
2 35 75
2 36 73
2 37 65
2 38 70
2 39 70
2 40 69
2 41 65
2 42 65
2 43 58
2 44 66
2 45 63
2 46 56
2 47 54
2 48 47
2 49 52
2 50 54
2 51 52
2 52 52
2 53 50
2 54 45
3 0 39
3 1 84
3 2 72
3 3 99
3 4 67
3 5 62
3 6 69
3 7 53
3 8 54
3 9 77
3 10 66
3 11 54
3 12 70
3 13 66
3 14 78
3 15 60
3 16 51
3 17 41
3 18 43
3 19 37
3 20 43
3 21 49
3 22 40
3 23 33
3 24 61
3 25 70
3 26 66
3 27 78
3 28 63
3 29 76
3 30 64
3 31 73
3 32 58
3 33 76
3 34 62
3 35 77
3 36 71
3 37 71
3 38 72
3 39 63
3 40 79
3 41 55
3 42 67
3 43 69
3 44 61
3 45 57
3 46 54
3 47 40
3 48 47
3 49 54
3 50 49
3 51 50
3 52 52
3 53 49
3 54 36
4 0 55
4 1 71
4 2 63
4 3 67
4 4 100
4 5 58
4 6 70
4 7 62
4 8 66
4 9 69
4 10 57
4 11 60
4 12 71
4 13 61
4 14 67
4 15 43
4 16 79
4 17 51
4 18 56
4 19 46
4 20 54
4 21 56
4 22 45
4 23 40
4 24 65
4 25 67
4 26 67
4 27 67
4 28 60
4 29 64
4 30 65
4 31 69
4 32 35
4 33 75
4 34 47
4 35 68
4 36 73
4 37 63
4 38 72
4 39 66
4 40 68
4 41 73
4 42 86
4 43 80
4 44 83
4 45 82
4 46 79
4 47 54
4 48 60
4 49 64
4 50 60
4 51 58
4 52 58
4 53 52
4 54 49
5 0 46
5 1 66
5 2 54
5 3 62
5 4 58
5 5 100
5 6 64
5 7 68
5 8 62
5 9 64
5 10 59
5 11 49
5 12 63
5 13 67
5 14 64
5 15 61
5 16 54
5 17 48
5 18 60
5 19 43
5 20 47
5 21 54
5 22 39
5 23 39
5 24 51
5 25 61
5 26 60
5 27 62
5 28 55
5 29 63
5 30 54
5 31 64
5 32 41
5 33 61
5 34 54
5 35 62
5 36 61
5 37 55
5 38 67
5 39 62
5 40 67
5 41 64
5 42 54
5 43 57
5 44 62
5 45 60
5 46 47
5 47 50
5 48 59
5 49 58
5 50 60
5 51 59
5 52 74
5 53 54
5 54 47
6 0 54
6 1 79
6 2 70
6 3 69
6 4 70
6 5 64
6 6 100
6 7 72
6 8 71
6 9 76
6 10 61
6 11 67
6 12 73
6 13 69
6 14 69
6 15 60
6 16 70
6 17 61
6 18 58
6 19 63
6 20 50
6 21 66
6 22 51
6 23 45
6 24 66
6 25 76
6 26 75
6 27 70
6 28 66
6 29 60
6 30 68
6 31 76
6 32 52
6 33 69
6 34 64
6 35 68
6 36 62
6 37 64
6 38 70
6 39 68
6 40 67
6 41 73
6 42 69
6 43 68
6 44 74
6 45 69
6 46 52
6 47 55
6 48 63
6 49 64
6 50 60
6 51 57
6 52 60
6 53 66
6 54 49
7 0 42
7 1 59
7 2 55
7 3 53
7 4 62
7 5 68
7 6 72
7 7 100
7 8 71
7 9 62
7 10 57
7 11 52
7 12 59
7 13 66
7 14 51
7 15 61
7 16 59
7 17 58
7 18 74
7 19 54
7 20 58
7 21 58
7 22 56
7 23 54
7 24 49
7 25 62
7 26 64
7 27 53
7 28 48
7 29 49
7 30 47
7 31 60
7 32 44
7 33 49
7 34 57
7 35 50
7 36 44
7 37 48
7 38 60
7 39 57
7 40 55
7 41 74
7 42 51
7 43 54
7 44 68
7 45 65
7 46 49
7 47 69
7 48 74
7 49 73
7 50 71
7 51 75
7 52 53
7 53 62
7 54 64
8 0 69
8 1 64
8 2 57
8 3 54
8 4 66
8 5 62
8 6 71
8 7 71
8 8 100
8 9 66
8 10 55
8 11 66
8 12 61
8 13 60
8 14 61
8 15 49
8 16 66
8 17 62
8 18 61
8 19 59
8 20 57
8 21 81
8 22 67
8 23 54
8 24 56
8 25 67
8 26 73
8 27 64
8 28 65
8 29 55
8 30 58
8 31 73
8 32 52
8 33 64
8 34 57
8 35 62
8 36 60
8 37 62
8 38 63
8 39 63
8 40 63
8 41 68
8 42 55
8 43 62
8 44 70
8 45 66
8 46 63
8 47 64
8 48 65
8 49 65
8 50 64
8 51 62
8 52 64
8 53 68
8 54 63
9 0 50
9 1 84
9 2 78
9 3 77
9 4 69
9 5 64
9 6 76
9 7 62
9 8 66
9 9 100
9 10 65
9 11 61
9 12 80
9 13 67
9 14 82
9 15 60
9 16 63
9 17 51
9 18 54
9 19 44
9 20 48
9 21 61
9 22 48
9 23 38
9 24 75
9 25 80
9 26 73
9 27 87
9 28 77
9 29 75
9 30 70
9 31 80
9 32 52
9 33 81
9 34 63
9 35 83
9 36 75
9 37 76
9 38 79
9 39 77
9 40 80
9 41 69
9 42 71
9 43 68
9 44 69
9 45 66
9 46 64
9 47 50
9 48 53
9 49 57
9 50 54
9 51 60
9 52 60
9 53 59
9 54 47
10 0 38
10 1 63
10 2 56
10 3 66
10 4 57
10 5 59
10 6 61
10 7 57
10 8 55
10 9 65
10 10 100
10 11 47
10 12 58
10 13 63
10 14 62
10 15 57
10 16 55
10 17 58
10 18 48
10 19 47
10 20 36
10 21 45
10 22 43
10 23 34
10 24 53
10 25 62
10 26 53
10 27 63
10 28 52
10 29 63
10 30 49
10 31 64
10 32 64
10 33 63
10 34 60
10 35 65
10 36 55
10 37 56
10 38 60
10 39 52
10 40 79
10 41 60
10 42 52
10 43 56
10 44 58
10 45 57
10 46 39
10 47 49
10 48 50
10 49 52
10 50 58
10 51 54
10 52 56
10 53 53
10 54 43
11 0 42
11 1 59
11 2 71
11 3 54
11 4 60
11 5 49
11 6 67
11 7 52
11 8 66
11 9 61
11 10 47
11 11 100
11 12 63
11 13 53
11 14 66
11 15 36
11 16 61
11 17 55
11 18 38
11 19 45
11 20 45
11 21 51
11 22 40
11 23 50
11 24 46
11 25 64
11 26 72
11 27 60
11 28 63
11 29 43
11 30 65
11 31 74
11 32 49
11 33 66
11 34 57
11 35 63
11 36 67
11 37 54
11 38 58
11 39 64
11 40 53
11 41 57
11 42 59
11 43 63
11 44 66
11 45 58
11 46 50
11 47 58
11 48 48
11 49 49
11 50 56
11 51 46
11 52 47
11 53 62
11 54 46
12 0 47
12 1 84
12 2 75
12 3 70
12 4 71
12 5 63
12 6 73
12 7 59
12 8 61
12 9 80
12 10 58
12 11 63
12 12 100
12 13 66
12 14 76
12 15 53
12 16 70
12 17 54
12 18 52
12 19 48
12 20 52
12 21 56
12 22 42
12 23 39
12 24 68
12 25 72
12 26 71
12 27 78
12 28 67
12 29 70
12 30 72
12 31 71
12 32 38
12 33 78
12 34 57
12 35 76
12 36 77
12 37 68
12 38 84
12 39 73
12 40 72
12 41 68
12 42 77
12 43 64
12 44 72
12 45 69
12 46 68
12 47 58
12 48 57
12 49 61
12 50 59
12 51 57
12 52 64
12 53 52
12 54 46
13 0 46
13 1 67
13 2 60
13 3 66
13 4 61
13 5 67
13 6 69
13 7 66
13 8 60
13 9 67
13 10 63
13 11 53
13 12 66
13 13 100
13 14 62
13 15 53
13 16 55
13 17 49
13 18 56
13 19 45
13 20 49
13 21 55
13 22 54
13 23 45
13 24 53
13 25 64
13 26 65
13 27 58
13 28 50
13 29 56
13 30 54
13 31 67
13 32 50
13 33 58
13 34 68
13 35 57
13 36 54
13 37 56
13 38 63
13 39 65
13 40 65
13 41 64
13 42 56
13 43 58
13 44 64
13 45 62
13 46 48
13 47 52
13 48 61
13 49 62
13 50 54
13 51 63
13 52 59
13 53 58
13 54 52
14 0 48
14 1 79
14 2 76
14 3 78
14 4 67
14 5 64
14 6 69
14 7 51
14 8 61
14 9 82
14 10 62
14 11 66
14 12 76
14 13 62
14 14 99
14 15 51
14 16 61
14 17 46
14 18 42
14 19 40
14 20 41
14 21 54
14 22 45
14 23 38
14 24 64
14 25 75
14 26 72
14 27 86
14 28 74
14 29 71
14 30 67
14 31 78
14 32 53
14 33 82
14 34 59
14 35 86
14 36 79
14 37 74
14 38 75
14 39 69
14 40 81
14 41 60
14 42 72
14 43 68
14 44 67
14 45 66
14 46 60
14 47 48
14 48 43
14 49 49
14 50 52
14 51 52
14 52 65
14 53 52
14 54 41
15 0 28
15 1 59
15 2 61
15 3 60
15 4 43
15 5 61
15 6 60
15 7 61
15 8 49
15 9 60
15 10 57
15 11 36
15 12 53
15 13 53
15 14 51
15 15 100
15 16 40
15 17 39
15 18 54
15 19 39
15 20 37
15 21 45
15 22 46
15 23 31
15 24 49
15 25 58
15 26 43
15 27 52
15 28 39
15 29 52
15 30 37
15 31 48
15 32 54
15 33 50
15 34 53
15 35 51
15 36 43
15 37 45
15 38 51
15 39 49
15 40 61
15 41 58
15 42 39
15 43 48
15 44 50
15 45 46
15 46 31
15 47 40
15 48 54
15 49 52
15 50 44
15 51 47
15 52 48
15 53 43
15 54 36
16 0 57
16 1 62
16 2 60
16 3 51
16 4 79
16 5 54
16 6 70
16 7 59
16 8 66
16 9 63
16 10 55
16 11 61
16 12 70
16 13 55
16 14 61
16 15 40
16 16 100
16 17 61
16 18 49
16 19 61
16 20 53
16 21 60
16 22 44
16 23 41
16 24 57
16 25 63
16 26 66
16 27 62
16 28 58
16 29 54
16 30 64
16 31 64
16 32 34
16 33 70
16 34 43
16 35 64
16 36 68
16 37 55
16 38 71
16 39 61
16 40 63
16 41 74
16 42 76
16 43 69
16 44 83
16 45 77
16 46 67
16 47 60
16 48 60
16 49 61
16 50 68
16 51 53
16 52 58
16 53 60
16 54 51
17 0 43
17 1 50
17 2 52
17 3 41
17 4 51
17 5 48
17 6 61
17 7 58
17 8 62
17 9 51
17 10 58
17 11 55
17 12 54
17 13 49
17 14 46
17 15 39
17 16 61
17 17 100
17 18 45
17 19 68
17 20 49
17 21 57
17 22 47
17 23 47
17 24 50
17 25 60
17 26 57
17 27 48
17 28 47
17 29 40
17 30 51
17 31 59
17 32 37
17 33 48
17 34 49
17 35 47
17 36 47
17 37 50
17 38 52
17 39 50
17 40 49
17 41 63
17 42 44
17 43 42
17 44 59
17 45 55
17 46 41
17 47 60
17 48 55
17 49 62
17 50 66
17 51 53
17 52 51
17 53 64
17 54 57
18 0 38
18 1 51
18 2 45
18 3 43
18 4 56
18 5 60
18 6 58
18 7 74
18 8 61
18 9 54
18 10 48
18 11 38
18 12 52
18 13 56
18 14 42
18 15 54
18 16 49
18 17 45
18 18 100
18 19 39
18 20 56
18 21 50
18 22 45
18 23 48
18 24 41
18 25 51
18 26 52
18 27 44
18 28 37
18 29 43
18 30 35
18 31 49
18 32 33
18 33 43
18 34 45
18 35 43
18 36 40
18 37 39
18 38 56
18 39 59
18 40 49
18 41 64
18 42 48
18 43 51
18 44 60
18 45 62
18 46 53
18 47 53
18 48 69
18 49 62
18 50 53
18 51 62
18 52 50
18 53 48
18 54 51
19 0 52
19 1 47
19 2 45
19 3 37
19 4 46
19 5 43
19 6 63
19 7 54
19 8 59
19 9 44
19 10 47
19 11 45
19 12 48
19 13 45
19 14 40
19 15 39
19 16 61
19 17 68
19 18 39
19 19 100
19 20 38
19 21 59
19 22 53
19 23 39
19 24 44
19 25 55
19 26 52
19 27 43
19 28 45
19 29 38
19 30 47
19 31 47
19 32 40
19 33 42
19 34 44
19 35 40
19 36 36
19 37 42
19 38 47
19 39 40
19 40 45
19 41 57
19 42 40
19 43 42
19 44 50
19 45 48
19 46 30
19 47 50
19 48 49
19 49 53
19 50 54
19 51 45
19 52 47
19 53 60
19 54 47
20 0 29
20 1 46
20 2 48
20 3 43
20 4 54
20 5 47
20 6 50
20 7 58
20 8 57
20 9 48
20 10 36
20 11 45
20 12 52
20 13 49
20 14 41
20 15 37
20 16 53
20 17 49
20 18 56
20 19 38
20 20 100
20 21 45
20 22 43
20 23 44
20 24 40
20 25 49
20 26 57
20 27 43
20 28 41
20 29 36
20 30 48
20 31 51
20 32 26
20 33 41
20 34 48
20 35 41
20 36 38
20 37 40
20 38 49
20 39 55
20 40 41
20 41 61
20 42 43
20 43 40
20 44 60
20 45 50
20 46 51
20 47 58
20 48 56
20 49 59
20 50 59
20 51 57
20 52 43
20 53 47
20 54 52
21 0 82
21 1 58
21 2 53
21 3 49
21 4 56
21 5 54
21 6 66
21 7 58
21 8 81
21 9 61
21 10 45
21 11 51
21 12 56
21 13 55
21 14 54
21 15 45
21 16 60
21 17 57
21 18 50
21 19 59
21 20 45
21 21 99
21 22 55
21 23 40
21 24 55
21 25 63
21 26 64
21 27 62
21 28 64
21 29 54
21 30 57
21 31 64
21 32 33
21 33 59
21 34 43
21 35 56
21 36 56
21 37 61
21 38 61
21 39 58
21 40 57
21 41 59
21 42 56
21 43 57
21 44 60
21 45 59
21 46 52
21 47 57
21 48 51
21 49 55
21 50 54
21 51 49
21 52 58
21 53 61
21 54 49
22 0 46
22 1 45
22 2 42
22 3 40
22 4 45
22 5 39
22 6 51
22 7 56
22 8 67
22 9 48
22 10 43
22 11 40
22 12 42
22 13 54
22 14 45
22 15 46
22 16 44
22 17 47
22 18 45
22 19 53
22 20 43
22 21 55
22 22 99
22 23 48
22 24 36
22 25 51
22 26 54
22 27 42
22 28 38
22 29 34
22 30 33
22 31 49
22 32 44
22 33 36
22 34 47
22 35 37
22 36 29
22 37 37
22 38 40
22 39 45
22 40 43
22 41 56
22 42 35
22 43 45
22 44 49
22 45 50
22 46 40
22 47 52
22 48 53
22 49 55
22 50 49
22 51 50
22 52 38
22 53 59
22 54 59
23 0 25
23 1 38
23 2 35
23 3 33
23 4 40
23 5 39
23 6 45
23 7 54
23 8 54
23 9 38
23 10 34
23 11 50
23 12 39
23 13 45
23 14 38
23 15 31
23 16 41
23 17 47
23 18 48
23 19 39
23 20 44
23 21 40
23 22 48
23 23 99
23 24 32
23 25 50
23 26 59
23 27 28
23 28 32
23 29 22
23 30 34
23 31 43
23 32 34
23 33 29
23 34 45
23 35 31
23 36 25
23 37 27
23 38 36
23 39 45
23 40 33
23 41 46
23 42 33
23 43 41
23 44 42
23 45 41
23 46 39
23 47 50
23 48 53
23 49 48
23 50 45
23 51 50
23 52 37
23 53 57
23 54 53
24 0 47
24 1 70
24 2 59
24 3 61
24 4 65
24 5 51
24 6 66
24 7 49
24 8 56
24 9 75
24 10 53
24 11 46
24 12 68
24 13 53
24 14 64
24 15 49
24 16 57
24 17 50
24 18 41
24 19 44
24 20 40
24 21 55
24 22 36
24 23 32
24 24 100
24 25 73
24 26 59
24 27 66
24 28 63
24 29 56
24 30 65
24 31 67
24 32 40
24 33 66
24 34 49
24 35 63
24 36 61
24 37 72
24 38 61
24 39 61
24 40 63
24 41 54
24 42 66
24 43 61
24 44 58
24 45 59
24 46 53
24 47 41
24 48 39
24 49 50
24 50 44
24 51 44
24 52 56
24 53 49
24 54 39
25 0 55
25 1 73
25 2 71
25 3 70
25 4 67
25 5 61
25 6 76
25 7 62
25 8 67
25 9 80
25 10 62
25 11 64
25 12 72
25 13 64
25 14 75
25 15 58
25 16 63
25 17 60
25 18 51
25 19 55
25 20 49
25 21 63
25 22 51
25 23 50
25 24 73
25 25 100
25 26 77
25 27 77
25 28 75
25 29 66
25 30 75
25 31 80
25 32 53
25 33 75
25 34 63
25 35 74
25 36 66
25 37 75
25 38 71
25 39 75
25 40 74
25 41 67
25 42 66
25 43 71
25 44 69
25 45 65
25 46 56
25 47 51
25 48 57
25 49 59
25 50 57
25 51 56
25 52 56
25 53 66
25 54 49
26 0 52
26 1 71
26 2 64
26 3 66
26 4 67
26 5 60
26 6 75
26 7 64
26 8 73
26 9 73
26 10 53
26 11 72
26 12 71
26 13 65
26 14 72
26 15 43
26 16 66
26 17 57
26 18 52
26 19 52
26 20 57
26 21 64
26 22 54
26 23 59
26 24 59
26 25 77
26 26 99
26 27 72
26 28 74
26 29 60
26 30 72
26 31 79
26 32 50
26 33 72
26 34 60
26 35 73
26 36 67
26 37 68
26 38 70
26 39 72
26 40 68
26 41 68
26 42 66
26 43 67
26 44 72
26 45 65
26 46 61
26 47 64
26 48 57
26 49 63
26 50 64
26 51 60
26 52 58
26 53 68
26 54 57
27 0 56
27 1 82
27 2 74
27 3 78
27 4 67
27 5 62
27 6 70
27 7 53
27 8 64
27 9 87
27 10 63
27 11 60
27 12 78
27 13 58
27 14 86
27 15 52
27 16 62
27 17 48
27 18 44
27 19 43
27 20 43
27 21 62
27 22 42
27 23 28
27 24 66
27 25 77
27 26 72
27 27 100
27 28 86
27 29 88
27 30 68
27 31 80
27 32 50
27 33 91
27 34 57
27 35 93
27 36 85
27 37 84
27 38 81
27 39 70
27 40 87
27 41 59
27 42 73
27 43 65
27 44 64
27 45 66
27 46 61
27 47 48
27 48 44
27 49 51
27 50 52
27 51 51
27 52 65
27 53 52
27 54 39
28 0 61
28 1 70
28 2 67
28 3 63
28 4 60
28 5 55
28 6 66
28 7 48
28 8 65
28 9 77
28 10 52
28 11 63
28 12 67
28 13 50
28 14 74
28 15 39
28 16 58
28 17 47
28 18 37
28 19 45
28 20 41
28 21 64
28 22 38
28 23 32
28 24 63
28 25 75
28 26 74
28 27 86
28 28 100
28 29 75
28 30 74
28 31 78
28 32 47
28 33 83
28 34 51
28 35 83
28 36 75
28 37 82
28 38 71
28 39 66
28 40 73
28 41 53
28 42 65
28 43 60
28 44 60
28 45 59
28 46 54
28 47 49
28 48 38
28 49 46
28 50 51
28 51 48
28 52 57
28 53 53
28 54 39
29 0 53
29 1 77
29 2 61
29 3 76
29 4 64
29 5 63
29 6 60
29 7 49
29 8 55
29 9 75
29 10 63
29 11 43
29 12 70
29 13 56
29 14 71
29 15 52
29 16 54
29 17 40
29 18 43
29 19 38
29 20 36
29 21 54
29 22 34
29 23 22
29 24 56
29 25 66
29 26 60
29 27 88
29 28 75
29 29 100
29 30 58
29 31 66
29 32 45
29 33 83
29 34 55
29 35 84
29 36 76
29 37 73
29 38 78
29 39 58
29 40 84
29 41 53
29 42 65
29 43 61
29 44 57
29 45 61
29 46 53
29 47 39
29 48 46
29 49 51
29 50 48
29 51 49
29 52 61
29 53 44
29 54 30
30 0 50
30 1 71
30 2 63
30 3 64
30 4 65
30 5 54
30 6 68
30 7 47
30 8 58
30 9 70
30 10 49
30 11 65
30 12 72
30 13 54
30 14 67
30 15 37
30 16 64
30 17 51
30 18 35
30 19 47
30 20 48
30 21 57
30 22 33
30 23 34
30 24 65
30 25 75
30 26 72
30 27 68
30 28 74
30 29 58
30 30 99
30 31 73
30 32 39
30 33 73
30 34 52
30 35 67
30 36 70
30 37 71
30 38 71
30 39 66
30 40 60
30 41 57
30 42 70
30 43 64
30 44 65
30 45 57
30 46 59
30 47 50
30 48 46
30 49 54
30 50 57
30 51 46
30 52 51
30 53 56
30 54 37
31 0 55
31 1 74
31 2 72
31 3 73
31 4 69
31 5 64
31 6 76
31 7 60
31 8 73
31 9 80
31 10 64
31 11 74
31 12 71
31 13 67
31 14 78
31 15 48
31 16 64
31 17 59
31 18 49
31 19 47
31 20 51
31 21 64
31 22 49
31 23 43
31 24 67
31 25 80
31 26 79
31 27 80
31 28 78
31 29 66
31 30 73
31 31 99
31 32 61
31 33 81
31 34 66
31 35 79
31 36 74
31 37 80
31 38 69
31 39 77
31 40 74
31 41 63
31 42 67
31 43 68
31 44 69
31 45 66
31 46 61
31 47 57
31 48 53
31 49 56
31 50 60
31 51 57
31 52 61
31 53 67
31 54 56
32 0 26
32 1 50
32 2 45
32 3 58
32 4 35
32 5 41
32 6 52
32 7 44
32 8 52
32 9 52
32 10 64
32 11 49
32 12 38
32 13 50
32 14 53
32 15 54
32 16 34
32 17 37
32 18 33
32 19 40
32 20 26
32 21 33
32 22 44
32 23 34
32 24 40
32 25 53
32 26 50
32 27 50
32 28 47
32 29 45
32 30 39
32 31 61
32 32 99
32 33 51
32 34 70
32 35 57
32 36 38
32 37 47
32 38 38
32 39 40
32 40 63
32 41 42
32 42 29
32 43 53
32 44 41
32 45 34
32 46 21
32 47 33
32 48 39
32 49 34
32 50 38
32 51 39
32 52 41
32 53 54
32 54 35
33 0 58
33 1 80
33 2 75
33 3 76
33 4 75
33 5 61
33 6 69
33 7 49
33 8 64
33 9 81
33 10 63
33 11 66
33 12 78
33 13 58
33 14 82
33 15 50
33 16 70
33 17 48
33 18 43
33 19 42
33 20 41
33 21 59
33 22 36
33 23 29
33 24 66
33 25 75
33 26 72
33 27 91
33 28 83
33 29 83
33 30 73
33 31 81
33 32 51
33 33 99
33 34 54
33 35 92
33 36 92
33 37 80
33 38 83
33 39 72
33 40 83
33 41 59
33 42 79
33 43 73
33 44 70
33 45 71
33 46 65
33 47 48
33 48 47
33 49 50
33 50 54
33 51 47
33 52 65
33 53 53
33 54 39
34 0 29
34 1 61
34 2 57
34 3 62
34 4 47
34 5 54
34 6 64
34 7 57
34 8 57
34 9 63
34 10 60
34 11 57
34 12 57
34 13 68
34 14 59
34 15 53
34 16 43
34 17 49
34 18 45
34 19 44
34 20 48
34 21 43
34 22 47
34 23 45
34 24 49
34 25 63
34 26 60
34 27 57
34 28 51
34 29 55
34 30 52
34 31 66
34 32 70
34 33 54
34 34 99
34 35 60
34 36 45
34 37 49
34 38 53
34 39 60
34 40 61
34 41 53
34 42 44
34 43 54
34 44 52
34 45 50
34 46 38
34 47 47
34 48 53
34 49 52
34 50 51
34 51 54
34 52 49
34 53 61
34 54 44
35 0 52
35 1 79
35 2 75
35 3 77
35 4 68
35 5 62
35 6 68
35 7 50
35 8 62
35 9 83
35 10 65
35 11 63
35 12 76
35 13 57
35 14 86
35 15 51
35 16 64
35 17 47
35 18 43
35 19 40
35 20 41
35 21 56
35 22 37
35 23 31
35 24 63
35 25 74
35 26 73
35 27 93
35 28 83
35 29 84
35 30 67
35 31 79
35 32 57
35 33 92
35 34 60
35 35 99
35 36 86
35 37 78
35 38 79
35 39 69
35 40 88
35 41 59
35 42 74
35 43 69
35 44 65
35 45 67
35 46 60
35 47 46
35 48 41
35 49 49
35 50 51
35 51 48
35 52 66
35 53 51
35 54 37
36 0 54
36 1 77
36 2 73
36 3 71
36 4 73
36 5 61
36 6 62
36 7 44
36 8 60
36 9 75
36 10 55
36 11 67
36 12 77
36 13 54
36 14 79
36 15 43
36 16 68
36 17 47
36 18 40
36 19 36
36 20 38
36 21 56
36 22 29
36 23 25
36 24 61
36 25 66
36 26 67
36 27 85
36 28 75
36 29 76
36 30 70
36 31 74
36 32 38
36 33 92
36 34 45
36 35 86
36 36 100
36 37 79
36 38 81
36 39 68
36 40 78
36 41 54
36 42 78
36 43 68
36 44 67
36 45 69
36 46 68
36 47 47
36 48 43
36 49 48
36 50 52
36 51 44
36 52 66
36 53 45
36 54 35
37 0 57
37 1 73
37 2 65
37 3 71
37 4 63
37 5 55
37 6 64
37 7 48
37 8 62
37 9 76
37 10 56
37 11 54
37 12 68
37 13 56
37 14 74
37 15 45
37 16 55
37 17 50
37 18 39
37 19 42
37 20 40
37 21 61
37 22 37
37 23 27
37 24 72
37 25 75
37 26 68
37 27 84
37 28 82
37 29 73
37 30 71
37 31 80
37 32 47
37 33 80
37 34 49
37 35 78
37 36 79
37 37 100
37 38 70
37 39 63
37 40 72
37 41 50
37 42 66
37 43 59
37 44 55
37 45 59
37 46 54
37 47 43
37 48 39
37 49 47
37 50 48
37 51 49
37 52 60
37 53 46
37 54 35
38 0 54
38 1 83
38 2 70
38 3 72
38 4 72
38 5 67
38 6 70
38 7 60
38 8 63
38 9 79
38 10 60
38 11 58
38 12 84
38 13 63
38 14 75
38 15 51
38 16 71
38 17 52
38 18 56
38 19 47
38 20 49
38 21 61
38 22 40
38 23 36
38 24 61
38 25 71
38 26 70
38 27 81
38 28 71
38 29 78
38 30 71
38 31 69
38 32 38
38 33 83
38 34 53
38 35 79
38 36 81
38 37 70
38 38 100
38 39 73
38 40 77
38 41 66
38 42 76
38 43 67
38 44 71
38 45 74
38 46 68
38 47 57
38 48 59
38 49 66
38 50 61
38 51 57
38 52 67
38 53 52
38 54 44
39 0 49
39 1 68
39 2 70
39 3 63
39 4 66
39 5 62
39 6 68
39 7 57
39 8 63
39 9 77
39 10 52
39 11 64
39 12 73
39 13 65
39 14 69
39 15 49
39 16 61
39 17 50
39 18 59
39 19 40
39 20 55
39 21 58
39 22 45
39 23 45
39 24 61
39 25 75
39 26 72
39 27 70
39 28 66
39 29 58
39 30 66
39 31 77
39 32 40
39 33 72
39 34 60
39 35 69
39 36 68
39 37 63
39 38 73
39 39 100
39 40 65
39 41 65
39 42 67
39 43 62
39 44 70
39 45 64
39 46 65
39 47 56
39 48 59
39 49 55
39 50 57
39 51 56
39 52 56
39 53 55
39 54 53
40 0 52
40 1 77
40 2 69
40 3 79
40 4 68
40 5 67
40 6 67
40 7 55
40 8 63
40 9 80
40 10 79
40 11 53
40 12 72
40 13 65
40 14 81
40 15 61
40 16 63
40 17 49
40 18 49
40 19 45
40 20 41
40 21 57
40 22 43
40 23 33
40 24 63
40 25 74
40 26 68
40 27 87
40 28 73
40 29 84
40 30 60
40 31 74
40 32 63
40 33 83
40 34 61
40 35 88
40 36 78
40 37 72
40 38 77
40 39 65
40 40 99
40 41 63
40 42 68
40 43 68
40 44 66
40 45 68
40 46 57
40 47 48
40 48 50
40 49 53
40 50 57
40 51 54
40 52 70
40 53 55
40 54 42
41 0 48
41 1 60
41 2 65
41 3 55
41 4 73
41 5 64
41 6 73
41 7 74
41 8 68
41 9 69
41 10 60
41 11 57
41 12 68
41 13 64
41 14 60
41 15 58
41 16 74
41 17 63
41 18 64
41 19 57
41 20 61
41 21 59
41 22 56
41 23 46
41 24 54
41 25 67
41 26 68
41 27 59
41 28 53
41 29 53
41 30 57
41 31 63
41 32 42
41 33 59
41 34 53
41 35 59
41 36 54
41 37 50
41 38 66
41 39 65
41 40 63
41 41 100
41 42 65
41 43 64
41 44 85
41 45 75
41 46 59
41 47 64
41 48 69
41 49 71
41 50 70
41 51 63
41 52 55
41 53 65
41 54 62
42 0 51
42 1 73
42 2 65
42 3 67
42 4 86
42 5 54
42 6 69
42 7 51
42 8 55
42 9 71
42 10 52
42 11 59
42 12 77
42 13 56
42 14 72
42 15 39
42 16 76
42 17 44
42 18 48
42 19 40
42 20 43
42 21 56
42 22 35
42 23 33
42 24 66
42 25 66
42 26 66
42 27 73
42 28 65
42 29 65
42 30 70
42 31 67
42 32 29
42 33 79
42 34 44
42 35 74
42 36 78
42 37 66
42 38 76
42 39 67
42 40 68
42 41 65
42 42 99
42 43 82
42 44 78
42 45 79
42 46 74
42 47 46
42 48 47
42 49 54
42 50 49
42 51 41
42 52 54
42 53 43
42 54 36
43 0 52
43 1 69
43 2 58
43 3 69
43 4 80
43 5 57
43 6 68
43 7 54
43 8 62
43 9 68
43 10 56
43 11 63
43 12 64
43 13 58
43 14 68
43 15 48
43 16 69
43 17 42
43 18 51
43 19 42
43 20 40
43 21 57
43 22 45
43 23 41
43 24 61
43 25 71
43 26 67
43 27 65
43 28 60
43 29 61
43 30 64
43 31 68
43 32 53
43 33 73
43 34 54
43 35 69
43 36 68
43 37 59
43 38 67
43 39 62
43 40 68
43 41 64
43 42 82
43 43 100
43 44 76
43 45 73
43 46 64
43 47 41
43 48 53
43 49 53
43 50 48
43 51 42
43 52 51
43 53 56
43 54 39
44 0 55
44 1 67
44 2 66
44 3 61
44 4 83
44 5 62
44 6 74
44 7 68
44 8 70
44 9 69
44 10 58
44 11 66
44 12 72
44 13 64
44 14 67
44 15 50
44 16 83
44 17 59
44 18 60
44 19 50
44 20 60
44 21 60
44 22 49
44 23 42
44 24 58
44 25 69
44 26 72
44 27 64
44 28 60
44 29 57
44 30 65
44 31 69
44 32 41
44 33 70
44 34 52
44 35 65
44 36 67
44 37 55
44 38 71
44 39 70
44 40 66
44 41 85
44 42 78
44 43 76
44 44 99
44 45 82
44 46 71
44 47 62
44 48 68
44 49 68
44 50 69
44 51 57
44 52 55
44 53 62
44 54 55
45 0 54
45 1 67
45 2 63
45 3 57
45 4 82
45 5 60
45 6 69
45 7 65
45 8 66
45 9 66
45 10 57
45 11 58
45 12 69
45 13 62
45 14 66
45 15 46
45 16 77
45 17 55
45 18 62
45 19 48
45 20 50
45 21 59
45 22 50
45 23 41
45 24 59
45 25 65
45 26 65
45 27 66
45 28 59
45 29 61
45 30 57
45 31 66
45 32 34
45 33 71
45 34 50
45 35 67
45 36 69
45 37 59
45 38 74
45 39 64
45 40 68
45 41 75
45 42 79
45 43 73
45 44 82
45 45 99
45 46 73
45 47 59
45 48 63
45 49 68
45 50 63
45 51 55
45 52 62
45 53 56
45 54 56
46 0 47
46 1 61
46 2 56
46 3 54
46 4 79
46 5 47
46 6 52
46 7 49
46 8 63
46 9 64
46 10 39
46 11 50
46 12 68
46 13 48
46 14 60
46 15 31
46 16 67
46 17 41
46 18 53
46 19 30
46 20 51
46 21 52
46 22 40
46 23 39
46 24 53
46 25 56
46 26 61
46 27 61
46 28 54
46 29 53
46 30 59
46 31 61
46 32 21
46 33 65
46 34 38
46 35 60
46 36 68
46 37 54
46 38 68
46 39 65
46 40 57
46 41 59
46 42 74
46 43 64
46 44 71
46 45 73
46 46 99
46 47 52
46 48 53
46 49 60
46 50 57
46 51 51
46 52 51
46 53 41
46 54 50
47 0 42
47 1 49
47 2 54
47 3 40
47 4 54
47 5 50
47 6 55
47 7 69
47 8 64
47 9 50
47 10 49
47 11 58
47 12 58
47 13 52
47 14 48
47 15 40
47 16 60
47 17 60
47 18 53
47 19 50
47 20 58
47 21 57
47 22 52
47 23 50
47 24 41
47 25 51
47 26 64
47 27 48
47 28 49
47 29 39
47 30 50
47 31 57
47 32 33
47 33 48
47 34 47
47 35 46
47 36 47
47 37 43
47 38 57
47 39 56
47 40 48
47 41 64
47 42 46
47 43 41
47 44 62
47 45 59
47 46 52
47 47 100
47 48 67
47 49 67
47 50 77
47 51 70
47 52 53
47 53 57
47 54 72
48 0 39
48 1 52
48 2 47
48 3 47
48 4 60
48 5 59
48 6 63
48 7 74
48 8 65
48 9 53
48 10 50
48 11 48
48 12 57
48 13 61
48 14 43
48 15 54
48 16 60
48 17 55
48 18 69
48 19 49
48 20 56
48 21 51
48 22 53
48 23 53
48 24 39
48 25 57
48 26 57
48 27 44
48 28 38
48 29 46
48 30 46
48 31 53
48 32 39
48 33 47
48 34 53
48 35 41
48 36 43
48 37 39
48 38 59
48 39 59
48 40 50
48 41 69
48 42 47
48 43 53
48 44 68
48 45 63
48 46 53
48 47 67
48 48 100
48 49 73
48 50 67
48 51 67
48 52 51
48 53 60
48 54 61
49 0 40
49 1 60
49 2 52
49 3 54
49 4 64
49 5 58
49 6 64
49 7 73
49 8 65
49 9 57
49 10 52
49 11 49
49 12 61
49 13 62
49 14 49
49 15 52
49 16 61
49 17 62
49 18 62
49 19 53
49 20 59
49 21 55
49 22 55
49 23 48
49 24 50
49 25 59
49 26 63
49 27 51
49 28 46
49 29 51
49 30 54
49 31 56
49 32 34
49 33 50
49 34 52
49 35 49
49 36 48
49 37 47
49 38 66
49 39 55
49 40 53
49 41 71
49 42 54
49 43 53
49 44 68
49 45 68
49 46 60
49 47 67
49 48 73
49 49 100
49 50 68
49 51 64
49 52 48
49 53 56
49 54 63
50 0 46
50 1 50
50 2 54
50 3 49
50 4 60
50 5 60
50 6 60
50 7 71
50 8 64
50 9 54
50 10 58
50 11 56
50 12 59
50 13 54
50 14 52
50 15 44
50 16 68
50 17 66
50 18 53
50 19 54
50 20 59
50 21 54
50 22 49
50 23 45
50 24 44
50 25 57
50 26 64
50 27 52
50 28 51
50 29 48
50 30 57
50 31 60
50 32 38
50 33 54
50 34 51
50 35 51
50 36 52
50 37 48
50 38 61
50 39 57
50 40 57
50 41 70
50 42 49
50 43 48
50 44 69
50 45 63
50 46 57
50 47 77
50 48 67
50 49 68
50 50 100
50 51 72
50 52 56
50 53 60
50 54 65
51 0 38
51 1 56
51 2 52
51 3 50
51 4 58
51 5 59
51 6 57
51 7 75
51 8 62
51 9 60
51 10 54
51 11 46
51 12 57
51 13 63
51 14 52
51 15 47
51 16 53
51 17 53
51 18 62
51 19 45
51 20 57
51 21 49
51 22 50
51 23 50
51 24 44
51 25 56
51 26 60
51 27 51
51 28 48
51 29 49
51 30 46
51 31 57
51 32 39
51 33 47
51 34 54
51 35 48
51 36 44
51 37 49
51 38 57
51 39 56
51 40 54
51 41 63
51 42 41
51 43 42
51 44 57
51 45 55
51 46 51
51 47 70
51 48 67
51 49 64
51 50 72
51 51 99
51 52 53
51 53 53
51 54 60
52 0 53
52 1 63
52 2 52
52 3 52
52 4 58
52 5 74
52 6 60
52 7 53
52 8 64
52 9 60
52 10 56
52 11 47
52 12 64
52 13 59
52 14 65
52 15 48
52 16 58
52 17 51
52 18 50
52 19 47
52 20 43
52 21 58
52 22 38
52 23 37
52 24 56
52 25 56
52 26 58
52 27 65
52 28 57
52 29 61
52 30 51
52 31 61
52 32 41
52 33 65
52 34 49
52 35 66
52 36 66
52 37 60
52 38 67
52 39 56
52 40 70
52 41 55
52 42 54
52 43 51
52 44 55
52 45 62
52 46 51
52 47 53
52 48 51
52 49 48
52 50 56
52 51 53
52 52 100
52 53 54
52 54 46
53 0 46
53 1 55
53 2 50
53 3 49
53 4 52
53 5 54
53 6 66
53 7 62
53 8 68
53 9 59
53 10 53
53 11 62
53 12 52
53 13 58
53 14 52
53 15 43
53 16 60
53 17 64
53 18 48
53 19 60
53 20 47
53 21 61
53 22 59
53 23 57
53 24 49
53 25 66
53 26 68
53 27 52
53 28 53
53 29 44
53 30 56
53 31 67
53 32 54
53 33 53
53 34 61
53 35 51
53 36 45
53 37 46
53 38 52
53 39 55
53 40 55
53 41 65
53 42 43
53 43 56
53 44 62
53 45 56
53 46 41
53 47 57
53 48 60
53 49 56
53 50 60
53 51 53
53 52 54
53 53 99
53 54 64
54 0 37
54 1 43
54 2 45
54 3 36
54 4 49
54 5 47
54 6 49
54 7 64
54 8 63
54 9 47
54 10 43
54 11 46
54 12 46
54 13 52
54 14 41
54 15 36
54 16 51
54 17 57
54 18 51
54 19 47
54 20 52
54 21 49
54 22 59
54 23 53
54 24 39
54 25 49
54 26 57
54 27 39
54 28 39
54 29 30
54 30 37
54 31 56
54 32 35
54 33 39
54 34 44
54 35 37
54 36 35
54 37 35
54 38 44
54 39 53
54 40 42
54 41 62
54 42 36
54 43 39
54 44 55
54 45 56
54 46 50
54 47 72
54 48 61
54 49 63
54 50 65
54 51 60
54 52 46
54 53 64
54 54 100
