0 0 99
0 1 32
0 2 58
0 3 56
0 4 52
0 5 48
0 6 55
0 7 80
0 8 42
0 9 50
0 10 46
0 11 44
0 12 46
0 13 27
0 14 47
0 15 47
0 16 57
0 17 60
0 18 58
0 19 58
0 20 54
0 21 54
0 22 54
0 23 52
0 24 56
0 25 36
0 26 57
0 27 42
1 0 32
1 1 99
1 2 26
1 3 35
1 4 36
1 5 19
1 6 57
1 7 38
1 8 85
1 9 32
1 10 35
1 11 59
1 12 54
1 13 73
1 14 47
1 15 32
1 16 49
1 17 34
1 18 36
1 19 45
1 20 46
1 21 38
1 22 26
1 23 43
1 24 33
1 25 11
1 26 59
1 27 30
2 0 58
2 1 26
2 2 100
2 3 35
2 4 40
2 5 43
2 6 52
2 7 60
2 8 38
2 9 56
2 10 38
2 11 41
2 12 44
2 13 20
2 14 42
2 15 45
2 16 66
2 17 64
2 18 57
2 19 46
2 20 42
2 21 45
2 22 49
2 23 45
2 24 73
2 25 51
2 26 56
2 27 58
3 0 56
3 1 35
3 2 35
3 3 99
3 4 52
3 5 54
3 6 43
3 7 60
3 8 52
3 9 46
3 10 53
3 11 49
3 12 44
3 13 35
3 14 46
3 15 53
3 16 49
3 17 69
3 18 60
3 19 58
3 20 58
3 21 53
3 22 57
3 23 61
3 24 53
3 25 27
3 26 47
3 27 37
4 0 52
4 1 36
4 2 40
4 3 52
4 4 100
4 5 48
4 6 45
4 7 58
4 8 44
4 9 42
4 10 46
4 11 51
4 12 46
4 13 34
4 14 47
4 15 50
4 16 50
4 17 48
4 18 56
4 19 62
4 20 52
4 21 84
4 22 53
4 23 61
4 24 46
4 25 31
4 26 47
4 27 37
5 0 48
5 1 19
5 2 43
5 3 54
5 4 48
5 5 100
5 6 35
5 7 64
5 8 35
5 9 35
5 10 48
5 11 43
5 12 41
5 13 18
5 14 49
5 15 60
5 16 48
5 17 57
5 18 68
5 19 59
5 20 43
5 21 44
5 22 92
5 23 67
5 24 56
5 25 40
5 26 41
5 27 39
6 0 55
6 1 57
6 2 52
6 3 43
6 4 45
6 5 35
6 6 99
6 7 61
6 8 64
6 9 44
6 10 47
6 11 57
6 12 52
6 13 44
6 14 47
6 15 42
6 16 59
6 17 47
6 18 58
6 19 54
6 20 50
6 21 48
6 22 44
6 23 57
6 24 47
6 25 39
6 26 95
6 27 38
7 0 80
7 1 38
7 2 60
7 3 60
7 4 58
7 5 64
7 6 61
7 7 99
7 8 53
7 9 52
7 10 53
7 11 53
7 12 48
7 13 33
7 14 61
7 15 68
7 16 64
7 17 66
7 18 80
7 19 71
7 20 60
7 21 58
7 22 69
7 23 69
7 24 65
7 25 62
7 26 65
7 27 46
8 0 42
8 1 85
8 2 38
8 3 52
8 4 44
8 5 35
8 6 64
8 7 53
8 8 99
8 9 42
8 10 49
8 11 63
8 12 58
8 13 70
8 14 53
8 15 48
8 16 57
8 17 49
8 18 50
8 19 60
8 20 57
8 21 45
8 22 42
8 23 56
8 24 47
8 25 24
8 26 67
8 27 45
9 0 50
9 1 32
9 2 56
9 3 46
9 4 42
9 5 35
9 6 44
9 7 52
9 8 42
9 9 99
9 10 43
9 11 45
9 12 48
9 13 36
9 14 37
9 15 40
9 16 46
9 17 52
9 18 49
9 19 54
9 20 59
9 21 62
9 22 50
9 23 53
9 24 54
9 25 35
9 26 45
9 27 36
10 0 46
10 1 35
10 2 38
10 3 53
10 4 46
10 5 48
10 6 47
10 7 53
10 8 49
10 9 43
10 10 100
10 11 38
10 12 39
10 13 28
10 14 40
10 15 41
10 16 56
10 17 49
10 18 53
10 19 55
10 20 47
10 21 48
10 22 53
10 23 57
10 24 43
10 25 30
10 26 50
10 27 36
11 0 44
11 1 59
11 2 41
11 3 49
11 4 51
11 5 43
11 6 57
11 7 53
11 8 63
11 9 45
11 10 38
11 11 100
11 12 71
11 13 53
11 14 69
11 15 49
11 16 71
11 17 46
11 18 54
11 19 61
11 20 60
11 21 56
11 22 51
11 23 58
11 24 45
11 25 27
11 26 62
11 27 36
12 0 46
12 1 54
12 2 44
12 3 44
12 4 46
12 5 41
12 6 52
12 7 48
12 8 58
12 9 48
12 10 39
12 11 71
12 12 100
12 13 52
12 14 53
12 15 47
12 16 59
12 17 50
12 18 49
12 19 60
12 20 58
12 21 49
12 22 47
12 23 53
12 24 54
12 25 28
12 26 58
12 27 40
13 0 27
13 1 73
13 2 20
13 3 35
13 4 34
13 5 18
13 6 44
13 7 33
13 8 70
13 9 36
13 10 28
13 11 53
13 12 52
13 13 100
13 14 39
13 15 37
13 16 35
13 17 28
13 18 28
13 19 47
13 20 47
13 21 39
13 22 25
13 23 42
13 24 27
13 25 10
13 26 46
13 27 27
14 0 47
14 1 47
14 2 42
14 3 46
14 4 47
14 5 49
14 6 47
14 7 61
14 8 53
14 9 37
14 10 40
14 11 69
14 12 53
14 13 39
14 14 99
14 15 58
14 16 67
14 17 54
14 18 59
14 19 54
14 20 50
14 21 45
14 22 50
14 23 50
14 24 48
14 25 37
14 26 53
14 27 40
15 0 47
15 1 32
15 2 45
15 3 53
15 4 50
15 5 60
15 6 42
15 7 68
15 8 48
15 9 40
15 10 41
15 11 49
15 12 47
15 13 37
15 14 58
15 15 100
15 16 57
15 17 61
15 18 66
15 19 68
15 20 62
15 21 46
15 22 62
15 23 61
15 24 58
15 25 54
15 26 48
15 27 55
16 0 57
16 1 49
16 2 66
16 3 49
16 4 50
16 5 48
16 6 59
16 7 64
16 8 57
16 9 46
16 10 56
16 11 71
16 12 59
16 13 35
16 14 67
16 15 57
16 16 100
16 17 55
16 18 65
16 19 64
16 20 60
16 21 53
16 22 54
16 23 62
16 24 55
16 25 44
16 26 63
16 27 47
17 0 60
17 1 34
17 2 64
17 3 69
17 4 48
17 5 57
17 6 47
17 7 66
17 8 49
17 9 52
17 10 49
17 11 46
17 12 50
17 13 28
17 14 54
17 15 61
17 16 55
17 17 99
17 18 64
17 19 60
17 20 58
17 21 48
17 22 60
17 23 59
17 24 71
17 25 46
17 26 54
17 27 61
18 0 58
18 1 36
18 2 57
18 3 60
18 4 56
18 5 68
18 6 58
18 7 80
18 8 50
18 9 49
18 10 53
18 11 54
18 12 49
18 13 28
18 14 59
18 15 66
18 16 65
18 17 64
18 18 100
18 19 67
18 20 51
18 21 56
18 22 75
18 23 74
18 24 69
18 25 65
18 26 63
18 27 42
19 0 58
19 1 45
19 2 46
19 3 58
19 4 62
19 5 59
19 6 54
19 7 71
19 8 60
19 9 54
19 10 55
19 11 61
19 12 60
19 13 47
19 14 54
19 15 68
19 16 64
19 17 60
19 18 67
19 19 100
19 20 77
19 21 64
19 22 66
19 23 76
19 24 59
19 25 38
19 26 60
19 27 54
20 0 54
20 1 46
20 2 42
20 3 58
20 4 52
20 5 43
20 6 50
20 7 60
20 8 57
20 9 59
20 10 47
20 11 60
20 12 58
20 13 47
20 14 50
20 15 62
20 16 60
20 17 58
20 18 51
20 19 77
20 20 99
20 21 61
20 22 54
20 23 66
20 24 53
20 25 30
20 26 56
20 27 51
21 0 54
21 1 38
21 2 45
21 3 53
21 4 84
21 5 44
21 6 48
21 7 58
21 8 45
21 9 62
21 10 48
21 11 56
21 12 49
21 13 39
21 14 45
21 15 46
21 16 53
21 17 48
21 18 56
21 19 64
21 20 61
21 21 100
21 22 57
21 23 67
21 24 47
21 25 29
21 26 51
21 27 31
22 0 54
22 1 26
22 2 49
22 3 57
22 4 53
22 5 92
22 6 44
22 7 69
22 8 42
22 9 50
22 10 53
22 11 51
22 12 47
22 13 25
22 14 50
22 15 62
22 16 54
22 17 60
22 18 75
22 19 66
22 20 54
22 21 57
22 22 99
22 23 77
22 24 61
22 25 45
22 26 50
22 27 40
23 0 52
23 1 43
23 2 45
23 3 61
23 4 61
23 5 67
23 6 57
23 7 69
23 8 56
23 9 53
23 10 57
23 11 58
23 12 53
23 13 42
23 14 50
23 15 61
23 16 62
23 17 59
23 18 74
23 19 76
23 20 66
23 21 67
23 22 77
23 23 100
23 24 57
23 25 50
23 26 62
23 27 43
24 0 56
24 1 33
24 2 73
24 3 53
24 4 46
24 5 56
24 6 47
24 7 65
24 8 47
24 9 54
24 10 43
24 11 45
24 12 54
24 13 27
24 14 48
24 15 58
24 16 55
24 17 71
24 18 69
24 19 59
24 20 53
24 21 47
24 22 61
24 23 57
24 24 100
24 25 56
24 26 55
24 27 65
25 0 36
25 1 11
25 2 51
25 3 27
25 4 31
25 5 40
25 6 39
25 7 62
25 8 24
25 9 35
25 10 30
25 11 27
25 12 28
25 13 10
25 14 37
25 15 54
25 16 44
25 17 46
25 18 65
25 19 38
25 20 30
25 21 29
25 22 45
25 23 50
25 24 56
25 25 100
25 26 39
25 27 35
26 0 57
26 1 59
26 2 56
26 3 47
26 4 47
26 5 41
26 6 95
26 7 65
26 8 67
26 9 45
26 10 50
26 11 62
26 12 58
26 13 46
26 14 53
26 15 48
26 16 63
26 17 54
26 18 63
26 19 60
26 20 56
26 21 51
26 22 50
26 23 62
26 24 55
26 25 39
26 26 99
26 27 47
27 0 42
27 1 30
27 2 58
27 3 37
27 4 37
27 5 39
27 6 38
27 7 46
27 8 45
27 9 36
27 10 36
27 11 36
27 12 40
27 13 27
27 14 40
27 15 55
27 16 47
27 17 61
27 18 42
27 19 54
27 20 51
27 21 31
27 22 40
27 23 43
27 24 65
27 25 35
27 26 47
27 27 99
