0 0 100
0 1 50
0 2 41
0 3 52
0 4 73
0 5 58
0 6 31
0 7 33
0 8 51
0 9 36
0 10 33
0 11 49
0 12 66
0 13 53
0 14 50
0 15 56
0 16 63
0 17 70
0 18 58
0 19 43
0 20 51
0 21 45
0 22 35
0 23 58
0 24 20
0 25 46
0 26 20
0 27 57
0 28 45
0 29 20
0 30 55
0 31 45
0 32 38
0 33 20
0 34 59
0 35 20
0 36 39
0 37 20
0 38 51
0 39 20
0 40 53
0 41 20
0 42 52
0 43 20
0 44 54
0 45 20
0 46 53
0 47 20
0 48 57
0 49 20
0 50 51
0 51 41
0 52 42
0 53 20
0 54 61
0 55 20
0 56 50
0 57 20
0 58 52
0 59 20
0 60 53
0 61 20
0 62 51
0 63 20
0 64 61
0 65 20
0 66 36
0 67 51
1 0 50
1 1 100
1 2 29
1 3 49
1 4 50
1 5 60
1 6 22
1 7 24
1 8 39
1 9 27
1 10 36
1 11 41
1 12 49
1 13 35
1 14 38
1 15 38
1 16 54
1 17 53
1 18 33
1 19 63
1 20 38
1 21 31
1 22 26
1 23 44
1 24 20
1 25 36
1 26 20
1 27 47
1 28 29
1 29 20
1 30 34
1 31 30
1 32 29
1 33 20
1 34 40
1 35 20
1 36 37
1 37 20
1 38 30
1 39 20
1 40 43
1 41 20
1 42 38
1 43 20
1 44 41
1 45 20
1 46 35
1 47 20
1 48 41
1 49 20
1 50 41
1 51 25
1 52 31
1 53 20
1 54 53
1 55 20
1 56 35
1 57 20
1 58 34
1 59 20
1 60 32
1 61 20
1 62 36
1 63 20
1 64 51
1 65 20
1 66 30
1 67 38
2 0 41
2 1 29
2 2 99
2 3 50
2 4 55
2 5 43
2 6 30
2 7 41
2 8 55
2 9 58
2 10 68
2 11 44
2 12 51
2 13 37
2 14 19
2 15 43
2 16 42
2 17 39
2 18 45
2 19 26
2 20 29
2 21 35
2 22 24
2 23 51
2 24 16
2 25 29
2 26 16
2 27 36
2 28 27
2 29 16
2 30 39
2 31 51
2 32 31
2 33 16
2 34 31
2 35 16
2 36 35
2 37 16
2 38 36
2 39 16
2 40 34
2 41 16
2 42 27
2 43 16
2 44 45
2 45 16
2 46 39
2 47 16
2 48 31
2 49 16
2 50 42
2 51 52
2 52 39
2 53 16
2 54 47
2 55 16
2 56 83
2 57 16
2 58 55
2 59 16
2 60 28
2 61 16
2 62 48
2 63 16
2 64 34
2 65 16
2 66 85
2 67 55
3 0 52
3 1 49
3 2 50
3 3 100
3 4 65
3 5 62
3 6 37
3 7 42
3 8 54
3 9 37
3 10 45
3 11 50
3 12 51
3 13 26
3 14 36
3 15 61
3 16 50
3 17 47
3 18 47
3 19 45
3 20 57
3 21 57
3 22 14
3 23 69
3 24 6
3 25 46
3 26 6
3 27 54
3 28 40
3 29 6
3 30 61
3 31 60
3 32 51
3 33 6
3 34 47
3 35 6
3 36 68
3 37 6
3 38 59
3 39 6
3 40 62
3 41 6
3 42 45
3 43 6
3 44 65
3 45 6
3 46 57
3 47 6
3 48 51
3 49 6
3 50 57
3 51 39
3 52 40
3 53 6
3 54 70
3 55 6
3 56 63
3 57 6
3 58 68
3 59 6
3 60 43
3 61 6
3 62 66
3 63 6
3 64 58
3 65 6
3 66 38
3 67 57
4 0 73
4 1 50
4 2 55
4 3 65
4 4 100
4 5 67
4 6 49
4 7 51
4 8 61
4 9 42
4 10 47
4 11 56
4 12 69
4 13 42
4 14 43
4 15 65
4 16 61
4 17 64
4 18 66
4 19 47
4 20 48
4 21 44
4 22 28
4 23 63
4 24 18
4 25 43
4 26 18
4 27 55
4 28 47
4 29 18
4 30 51
4 31 53
4 32 35
4 33 18
4 34 56
4 35 18
4 36 55
4 37 18
4 38 47
4 39 18
4 40 56
4 41 18
4 42 47
4 43 18
4 44 62
4 45 18
4 46 58
4 47 18
4 48 54
4 49 18
4 50 67
4 51 51
4 52 49
4 53 18
4 54 63
4 55 18
4 56 63
4 57 18
4 58 59
4 59 18
4 60 49
4 61 18
4 62 60
4 63 18
4 64 58
4 65 18
4 66 47
4 67 57
5 0 58
5 1 60
5 2 43
5 3 62
5 4 67
5 5 99
5 6 41
5 7 41
5 8 49
5 9 37
5 10 48
5 11 52
5 12 65
5 13 35
5 14 35
5 15 57
5 16 54
5 17 53
5 18 52
5 19 47
5 20 37
5 21 34
5 22 24
5 23 50
5 24 16
5 25 40
5 26 16
5 27 53
5 28 39
5 29 16
5 30 40
5 31 40
5 32 27
5 33 16
5 34 49
5 35 16
5 36 52
5 37 16
5 38 38
5 39 16
5 40 51
5 41 16
5 42 40
5 43 16
5 44 54
5 45 16
5 46 54
5 47 16
5 48 49
5 49 16
5 50 56
5 51 47
5 52 54
5 53 16
5 54 60
5 55 16
5 56 50
5 57 16
5 58 49
5 59 16
5 60 42
5 61 16
5 62 54
5 63 16
5 64 52
5 65 16
5 66 35
5 67 49
6 0 31
6 1 22
6 2 30
6 3 37
6 4 49
6 5 41
6 6 99
6 7 45
6 8 48
6 9 25
6 10 32
6 11 29
6 12 32
6 13 16
6 14 44
6 15 35
6 16 37
6 17 30
6 18 49
6 19 25
6 20 23
6 21 25
6 22 6
6 23 36
6 24 4
6 25 29
6 26 4
6 27 34
6 28 33
6 29 4
6 30 29
6 31 30
6 32 19
6 33 4
6 34 30
6 35 4
6 36 34
6 37 4
6 38 28
6 39 4
6 40 38
6 41 4
6 42 25
6 43 4
6 44 40
6 45 4
6 46 43
6 47 4
6 48 29
6 49 4
6 50 32
6 51 29
6 52 23
6 53 4
6 54 30
6 55 4
6 56 34
6 57 4
6 58 35
6 59 4
6 60 26
6 61 4
6 62 38
6 63 4
6 64 33
6 65 4
6 66 25
6 67 31
7 0 33
7 1 24
7 2 41
7 3 42
7 4 51
7 5 41
7 6 45
7 7 100
7 8 45
7 9 31
7 10 35
7 11 46
7 12 43
7 13 18
7 14 15
7 15 43
7 16 36
7 17 29
7 18 47
7 19 12
7 20 21
7 21 27
7 22 1
7 23 33
7 24 -2
7 25 23
7 26 -2
7 27 26
7 28 17
7 29 -2
7 30 21
7 31 40
7 32 13
7 33 -2
7 34 34
7 35 -2
7 36 39
7 37 -2
7 38 25
7 39 -2
7 40 30
7 41 -2
7 42 15
7 43 -2
7 44 33
7 45 -2
7 46 27
7 47 -2
7 48 29
7 49 -2
7 50 37
7 51 34
7 52 32
7 53 -2
7 54 35
7 55 -2
7 56 42
7 57 -2
7 58 32
7 59 -2
7 60 28
7 61 -2
7 62 35
7 63 -2
7 64 29
7 65 -2
7 66 29
7 67 37
8 0 51
8 1 39
8 2 55
8 3 54
8 4 61
8 5 49
8 6 48
8 7 45
8 8 99
8 9 45
8 10 46
8 11 42
8 12 57
8 13 30
8 14 37
8 15 52
8 16 48
8 17 52
8 18 58
8 19 41
8 20 35
8 21 33
8 22 17
8 23 49
8 24 12
8 25 39
8 26 12
8 27 38
8 28 31
8 29 12
8 30 43
8 31 46
8 32 31
8 33 12
8 34 40
8 35 12
8 36 44
8 37 12
8 38 43
8 39 12
8 40 52
8 41 12
8 42 31
8 43 12
8 44 52
8 45 12
8 46 58
8 47 12
8 48 41
8 49 12
8 50 42
8 51 44
8 52 40
8 53 12
8 54 54
8 55 12
8 56 63
8 57 12
8 58 56
8 59 12
8 60 42
8 61 12
8 62 49
8 63 12
8 64 44
8 65 12
8 66 47
8 67 51
9 0 36
9 1 27
9 2 58
9 3 37
9 4 42
9 5 37
9 6 25
9 7 31
9 8 45
9 9 100
9 10 46
9 11 48
9 12 52
9 13 47
9 14 16
9 15 36
9 16 36
9 17 33
9 18 43
9 19 25
9 20 25
9 21 27
9 22 21
9 23 34
9 24 9
9 25 24
9 26 9
9 27 31
9 28 24
9 29 9
9 30 24
9 31 39
9 32 19
9 33 9
9 34 32
9 35 9
9 36 29
9 37 9
9 38 26
9 39 9
9 40 30
9 41 9
9 42 18
9 43 9
9 44 29
9 45 9
9 46 33
9 47 9
9 48 32
9 49 9
9 50 40
9 51 43
9 52 37
9 53 9
9 54 44
9 55 9
9 56 51
9 57 9
9 58 35
9 59 9
9 60 30
9 61 9
9 62 34
9 63 9
9 64 29
9 65 9
9 66 46
9 67 37
10 0 33
10 1 36
10 2 68
10 3 45
10 4 47
10 5 48
10 6 32
10 7 35
10 8 46
10 9 46
10 10 99
10 11 32
10 12 44
10 13 29
10 14 21
10 15 46
10 16 35
10 17 31
10 18 36
10 19 32
10 20 30
10 21 33
10 22 13
10 23 49
10 24 10
10 25 31
10 26 10
10 27 34
10 28 26
10 29 10
10 30 39
10 31 44
10 32 34
10 33 10
10 34 30
10 35 10
10 36 34
10 37 10
10 38 35
10 39 10
10 40 34
10 41 10
10 42 31
10 43 10
10 44 41
10 45 10
10 46 42
10 47 10
10 48 34
10 49 10
10 50 39
10 51 43
10 52 36
10 53 10
10 54 44
10 55 10
10 56 66
10 57 10
10 58 52
10 59 10
10 60 28
10 61 10
10 62 44
10 63 10
10 64 29
10 65 10
10 66 67
10 67 55
11 0 49
11 1 41
11 2 44
11 3 50
11 4 56
11 5 52
11 6 29
11 7 46
11 8 42
11 9 48
11 10 32
11 11 100
11 12 68
11 13 39
11 14 18
11 15 44
11 16 51
11 17 51
11 18 53
11 19 27
11 20 25
11 21 28
11 22 19
11 23 33
11 24 6
11 25 24
11 26 6
11 27 42
11 28 25
11 29 6
11 30 23
11 31 37
11 32 15
11 33 6
11 34 50
11 35 6
11 36 54
11 37 6
11 38 26
11 39 6
11 40 35
11 41 6
11 42 25
11 43 6
11 44 40
11 45 6
11 46 33
11 47 6
11 48 41
11 49 6
11 50 53
11 51 46
11 52 42
11 53 6
11 54 54
11 55 6
11 56 41
11 57 6
11 58 34
11 59 6
11 60 39
11 61 6
11 62 38
11 63 6
11 64 47
11 65 6
11 66 31
11 67 34
12 0 66
12 1 49
12 2 51
12 3 51
12 4 69
12 5 65
12 6 32
12 7 43
12 8 57
12 9 52
12 10 44
12 11 68
12 12 100
12 13 43
12 14 31
12 15 56
12 16 58
12 17 63
12 18 61
12 19 41
12 20 40
12 21 40
12 22 28
12 23 50
12 24 16
12 25 34
12 26 16
12 27 49
12 28 35
12 29 16
12 30 42
12 31 52
12 32 28
12 33 16
12 34 57
12 35 16
12 36 43
12 37 16
12 38 42
12 39 16
12 40 46
12 41 16
12 42 38
12 43 16
12 44 48
12 45 16
12 46 53
12 47 16
12 48 52
12 49 16
12 50 65
12 51 57
12 52 55
12 53 16
12 54 62
12 55 16
12 56 54
12 57 16
12 58 49
12 59 16
12 60 50
12 61 16
12 62 42
12 63 16
12 64 51
12 65 16
12 66 41
12 67 50
13 0 53
13 1 35
13 2 37
13 3 26
13 4 42
13 5 35
13 6 16
13 7 18
13 8 30
13 9 47
13 10 29
13 11 39
13 12 43
13 13 100
13 14 24
13 15 23
13 16 37
13 17 54
13 18 26
13 19 28
13 20 22
13 21 23
13 22 50
13 23 28
13 24 20
13 25 22
13 26 20
13 27 30
13 28 22
13 29 20
13 30 23
13 31 24
13 32 13
13 33 20
13 34 41
13 35 20
13 36 24
13 37 20
13 38 22
13 39 20
13 40 27
13 41 20
13 42 24
13 43 20
13 44 26
13 45 20
13 46 25
13 47 20
13 48 39
13 49 20
13 50 38
13 51 31
13 52 39
13 53 20
13 54 37
13 55 20
13 56 34
13 57 20
13 58 24
13 59 20
13 60 37
13 61 20
13 62 24
13 63 20
13 64 39
13 65 20
13 66 35
13 67 24
14 0 50
14 1 38
14 2 19
14 3 36
14 4 43
14 5 35
14 6 44
14 7 15
14 8 37
14 9 16
14 10 21
14 11 18
14 12 31
14 13 24
14 14 100
14 15 35
14 16 36
14 17 40
14 18 36
14 19 43
14 20 42
14 21 40
14 22 23
14 23 49
14 24 22
14 25 63
14 26 22
14 27 66
14 28 53
14 29 22
14 30 50
14 31 34
14 32 37
14 33 22
14 34 48
14 35 22
14 36 22
14 37 22
14 38 41
14 39 22
14 40 58
14 41 22
14 42 61
14 43 22
14 44 34
14 45 22
14 46 53
14 47 22
14 48 58
14 49 22
14 50 29
14 51 20
14 52 22
14 53 22
14 54 41
14 55 22
14 56 29
14 57 22
14 58 42
14 59 22
14 60 47
14 61 22
14 62 35
14 63 22
14 64 36
14 65 22
14 66 20
14 67 29
15 0 56
15 1 38
15 2 43
15 3 61
15 4 65
15 5 57
15 6 35
15 7 43
15 8 52
15 9 36
15 10 46
15 11 44
15 12 56
15 13 23
15 14 35
15 15 99
15 16 48
15 17 41
15 18 57
15 19 40
15 20 42
15 21 40
15 22 19
15 23 53
15 24 17
15 25 42
15 26 17
15 27 51
15 28 40
15 29 17
15 30 45
15 31 45
15 32 34
15 33 17
15 34 52
15 35 17
15 36 49
15 37 17
15 38 42
15 39 17
15 40 56
15 41 17
15 42 47
15 43 17
15 44 52
15 45 17
15 46 57
15 47 17
15 48 50
15 49 17
15 50 45
15 51 38
15 52 39
15 53 17
15 54 54
15 55 17
15 56 52
15 57 17
15 58 52
15 59 17
15 60 48
15 61 17
15 62 60
15 63 17
15 64 43
15 65 17
15 66 35
15 67 52
16 0 63
16 1 54
16 2 42
16 3 50
16 4 61
16 5 54
16 6 37
16 7 36
16 8 48
16 9 36
16 10 35
16 11 51
16 12 58
16 13 37
16 14 36
16 15 48
16 16 99
16 17 73
16 18 67
16 19 45
16 20 28
16 21 33
16 22 18
16 23 44
16 24 12
16 25 40
16 26 12
16 27 56
16 28 39
16 29 12
16 30 38
16 31 44
16 32 26
16 33 12
16 34 47
16 35 12
16 36 48
16 37 12
16 38 35
16 39 12
16 40 52
16 41 12
16 42 39
16 43 12
16 44 48
16 45 12
16 46 45
16 47 12
16 48 44
16 49 12
16 50 49
16 51 42
16 52 41
16 53 12
16 54 56
16 55 12
16 56 48
16 57 12
16 58 40
16 59 12
16 60 37
16 61 12
16 62 43
16 63 12
16 64 64
16 65 12
16 66 38
16 67 41
17 0 70
17 1 53
17 2 39
17 3 47
17 4 64
17 5 53
17 6 30
17 7 29
17 8 52
17 9 33
17 10 31
17 11 51
17 12 63
17 13 54
17 14 40
17 15 41
17 16 73
17 17 100
17 18 55
17 19 45
17 20 32
17 21 31
17 22 41
17 23 45
17 24 25
17 25 43
17 26 25
17 27 51
17 28 32
17 29 25
17 30 39
17 31 41
17 32 25
17 33 25
17 34 51
17 35 25
17 36 49
17 37 25
17 38 44
17 39 25
17 40 52
17 41 25
17 42 39
17 43 25
17 44 51
17 45 25
17 46 48
17 47 25
17 48 51
17 49 25
17 50 51
17 51 44
17 52 38
17 53 25
17 54 58
17 55 25
17 56 46
17 57 25
17 58 42
17 59 25
17 60 46
17 61 25
17 62 39
17 63 25
17 64 70
17 65 25
17 66 35
17 67 40
18 0 58
18 1 33
18 2 45
18 3 47
18 4 66
18 5 52
18 6 49
18 7 47
18 8 58
18 9 43
18 10 36
18 11 53
18 12 61
18 13 26
18 14 36
18 15 57
18 16 67
18 17 55
18 18 100
18 19 36
18 20 29
18 21 34
18 22 15
18 23 42
18 24 10
18 25 37
18 26 10
18 27 47
18 28 44
18 29 10
18 30 32
18 31 47
18 32 22
18 33 10
18 34 44
18 35 10
18 36 40
18 37 10
18 38 36
18 39 10
18 40 47
18 41 10
18 42 36
18 43 10
18 44 45
18 45 10
18 46 51
18 47 10
18 48 46
18 49 10
18 50 52
18 51 44
18 52 40
18 53 10
18 54 46
18 55 10
18 56 46
18 57 10
18 58 40
18 59 10
18 60 43
18 61 10
18 62 50
18 63 10
18 64 51
18 65 10
18 66 35
18 67 35
19 0 43
19 1 63
19 2 26
19 3 45
19 4 47
19 5 47
19 6 25
19 7 12
19 8 41
19 9 25
19 10 32
19 11 27
19 12 41
19 13 28
19 14 43
19 15 40
19 16 45
19 17 45
19 18 36
19 19 100
19 20 29
19 21 20
19 22 39
19 23 37
19 24 40
19 25 40
19 26 40
19 27 45
19 28 37
19 29 40
19 30 28
19 31 27
19 32 23
19 33 40
19 34 31
19 35 40
19 36 38
19 37 40
19 38 24
19 39 40
19 40 41
19 41 40
19 42 39
19 43 40
19 44 33
19 45 40
19 46 41
19 47 40
19 48 39
19 49 40
19 50 41
19 51 21
19 52 31
19 53 40
19 54 57
19 55 40
19 56 30
19 57 40
19 58 31
19 59 40
19 60 29
19 61 40
19 62 32
19 63 40
19 64 54
19 65 40
19 66 27
19 67 28
20 0 51
20 1 38
20 2 29
20 3 57
20 4 48
20 5 37
20 6 23
20 7 21
20 8 35
20 9 25
20 10 30
20 11 25
20 12 40
20 13 22
20 14 42
20 15 42
20 16 28
20 17 32
20 18 29
20 19 29
20 20 100
20 21 75
20 22 18
20 23 72
20 24 11
20 25 41
20 26 11
20 27 42
20 28 36
20 29 11
20 30 76
20 31 56
20 32 65
20 33 11
20 34 42
20 35 11
20 36 27
20 37 11
20 38 76
20 39 11
20 40 43
20 41 11
20 42 47
20 43 11
20 44 42
20 45 11
20 46 43
20 47 11
20 48 46
20 49 11
20 50 35
20 51 22
20 52 32
20 53 11
20 54 48
20 55 11
20 56 46
20 57 11
20 58 69
20 59 11
20 60 39
20 61 11
20 62 46
20 63 11
20 64 31
20 65 11
20 66 24
20 67 49
21 0 45
21 1 31
21 2 35
21 3 57
21 4 44
21 5 34
21 6 25
21 7 27
21 8 33
21 9 27
21 10 33
21 11 28
21 12 40
21 13 23
21 14 40
21 15 40
21 16 33
21 17 31
21 18 34
21 19 20
21 20 75
21 21 99
21 22 14
21 23 70
21 24 9
21 25 35
21 26 9
21 27 42
21 28 31
21 29 9
21 30 75
21 31 64
21 32 73
21 33 9
21 34 48
21 35 9
21 36 26
21 37 9
21 38 73
21 39 9
21 40 38
21 41 9
21 42 44
21 43 9
21 44 42
21 45 9
21 46 37
21 47 9
21 48 51
21 49 9
21 50 39
21 51 16
21 52 30
21 53 9
21 54 47
21 55 9
21 56 49
21 57 9
21 58 65
21 59 9
21 60 46
21 61 9
21 62 45
21 63 9
21 64 31
21 65 9
21 66 28
21 67 47
22 0 35
22 1 26
22 2 24
22 3 14
22 4 28
22 5 24
22 6 6
22 7 1
22 8 17
22 9 21
22 10 13
22 11 19
22 12 28
22 13 50
22 14 23
22 15 19
22 16 18
22 17 41
22 18 15
22 19 39
22 20 18
22 21 14
22 22 100
22 23 17
22 24 79
22 25 19
22 26 79
22 27 23
22 28 12
22 29 79
22 30 14
22 31 10
22 32 7
22 33 79
22 34 25
22 35 79
22 36 18
22 37 79
22 38 13
22 39 79
22 40 16
22 41 79
22 42 18
22 43 79
22 44 15
22 45 79
22 46 20
22 47 79
22 48 26
22 49 79
22 50 26
22 51 19
22 52 27
22 53 79
22 54 25
22 55 79
22 56 20
22 57 79
22 58 15
22 59 79
22 60 23
22 61 79
22 62 15
22 63 79
22 64 30
22 65 79
22 66 20
22 67 10
23 0 58
23 1 44
23 2 51
23 3 69
23 4 63
23 5 50
23 6 36
23 7 33
23 8 49
23 9 34
23 10 49
23 11 33
23 12 50
23 13 28
23 14 49
23 15 53
23 16 44
23 17 45
23 18 42
23 19 37
23 20 72
23 21 70
23 22 17
23 23 100
23 24 12
23 25 49
23 26 12
23 27 56
23 28 47
23 29 12
23 30 82
23 31 68
23 32 73
23 33 12
23 34 46
23 35 12
23 36 41
23 37 12
23 38 73
23 39 12
23 40 53
23 41 12
23 42 60
23 43 12
23 44 54
23 45 12
23 46 54
23 47 12
23 48 51
23 49 12
23 50 44
23 51 37
23 52 37
23 53 12
23 54 63
23 55 12
23 56 68
23 57 12
23 58 80
23 59 12
23 60 44
23 61 12
23 62 68
23 63 12
23 64 46
23 65 12
23 66 46
23 67 68
24 0 20
24 1 20
24 2 16
24 3 6
24 4 18
24 5 16
24 6 4
24 7 -2
24 8 12
24 9 9
24 10 10
24 11 6
24 12 16
24 13 20
24 14 22
24 15 17
24 16 12
24 17 25
24 18 10
24 19 40
24 20 11
24 21 9
24 22 79
24 23 12
24 24 100
24 25 18
24 26 100
24 27 21
24 28 11
24 29 100
24 30 10
24 31 7
24 32 8
24 33 100
24 34 19
24 35 100
24 36 9
24 37 100
24 38 10
24 39 100
24 40 11
24 41 100
24 42 16
24 43 100
24 44 10
24 45 100
24 46 20
24 47 100
24 48 21
24 49 100
24 50 18
24 51 7
24 52 20
24 53 100
24 54 14
24 55 100
24 56 11
24 57 100
24 58 11
24 59 100
24 60 17
24 61 100
24 62 10
24 63 100
24 64 21
24 65 100
24 66 18
24 67 6
25 0 46
25 1 36
25 2 29
25 3 46
25 4 43
25 5 40
25 6 29
25 7 23
25 8 39
25 9 24
25 10 31
25 11 24
25 12 34
25 13 22
25 14 63
25 15 42
25 16 40
25 17 43
25 18 37
25 19 40
25 20 41
25 21 35
25 22 19
25 23 49
25 24 18
25 25 100
25 26 18
25 27 66
25 28 50
25 29 18
25 30 46
25 31 36
25 32 29
25 33 18
25 34 48
25 35 18
25 36 32
25 37 18
25 38 39
25 39 18
25 40 64
25 41 18
25 42 58
25 43 18
25 44 45
25 45 18
25 46 61
25 47 18
25 48 60
25 49 18
25 50 33
25 51 27
25 52 26
25 53 18
25 54 42
25 55 18
25 56 37
25 57 18
25 58 44
25 59 18
25 60 45
25 61 18
25 62 43
25 63 18
25 64 37
25 65 18
25 66 28
25 67 33
26 0 20
26 1 20
26 2 16
26 3 6
26 4 18
26 5 16
26 6 4
26 7 -2
26 8 12
26 9 9
26 10 10
26 11 6
26 12 16
26 13 20
26 14 22
26 15 17
26 16 12
26 17 25
26 18 10
26 19 40
26 20 11
26 21 9
26 22 79
26 23 12
26 24 100
26 25 18
26 26 100
26 27 21
26 28 11
26 29 100
26 30 10
26 31 7
26 32 8
26 33 100
26 34 19
26 35 100
26 36 9
26 37 100
26 38 10
26 39 100
26 40 11
26 41 100
26 42 16
26 43 100
26 44 10
26 45 100
26 46 20
26 47 100
26 48 21
26 49 100
26 50 18
26 51 7
26 52 20
26 53 100
26 54 14
26 55 100
26 56 11
26 57 100
26 58 11
26 59 100
26 60 17
26 61 100
26 62 10
26 63 100
26 64 21
26 65 100
26 66 18
26 67 6
27 0 57
27 1 47
27 2 36
27 3 54
27 4 55
27 5 53
27 6 34
27 7 26
27 8 38
27 9 31
27 10 34
27 11 42
27 12 49
27 13 30
27 14 66
27 15 51
27 16 56
27 17 51
27 18 47
27 19 45
27 20 42
27 21 42
27 22 23
27 23 56
27 24 21
27 25 66
27 26 21
27 27 100
27 28 63
27 29 21
27 30 49
27 31 36
27 32 35
27 33 21
27 34 72
27 35 21
27 36 38
27 37 21
27 38 43
27 39 21
27 40 65
27 41 21
27 42 70
27 43 21
27 44 49
27 45 21
27 46 60
27 47 21
27 48 77
27 49 21
27 50 40
27 51 28
27 52 34
27 53 21
27 54 53
27 55 21
27 56 41
27 57 21
27 58 44
27 59 21
27 60 61
27 61 21
27 62 48
27 63 21
27 64 48
27 65 21
27 66 32
27 67 40
28 0 45
28 1 29
28 2 27
28 3 40
28 4 47
28 5 39
28 6 33
28 7 17
28 8 31
28 9 24
28 10 26
28 11 25
28 12 35
28 13 22
28 14 53
28 15 40
28 16 39
28 17 32
28 18 44
28 19 37
28 20 36
28 21 31
28 22 12
28 23 47
28 24 11
28 25 50
28 26 11
28 27 63
28 28 100
28 29 11
28 30 39
28 31 29
28 32 27
28 33 11
28 34 49
28 35 11
28 36 21
28 37 11
28 38 30
28 39 11
28 40 49
28 41 11
28 42 63
28 43 11
28 44 35
28 45 11
28 46 50
28 47 11
28 48 52
28 49 11
28 50 29
28 51 24
28 52 26
28 53 11
28 54 38
28 55 11
28 56 31
28 57 11
28 58 35
28 59 11
28 60 46
28 61 11
28 62 42
28 63 11
28 64 41
28 65 11
28 66 27
28 67 31
29 0 20
29 1 20
29 2 16
29 3 6
29 4 18
29 5 16
29 6 4
29 7 -2
29 8 12
29 9 9
29 10 10
29 11 6
29 12 16
29 13 20
29 14 22
29 15 17
29 16 12
29 17 25
29 18 10
29 19 40
29 20 11
29 21 9
29 22 79
29 23 12
29 24 100
29 25 18
29 26 100
29 27 21
29 28 11
29 29 100
29 30 10
29 31 7
29 32 8
29 33 100
29 34 19
29 35 100
29 36 9
29 37 100
29 38 10
29 39 100
29 40 11
29 41 100
29 42 16
29 43 100
29 44 10
29 45 100
29 46 20
29 47 100
29 48 21
29 49 100
29 50 18
29 51 7
29 52 20
29 53 100
29 54 14
29 55 100
29 56 11
29 57 100
29 58 11
29 59 100
29 60 17
29 61 100
29 62 10
29 63 100
29 64 21
29 65 100
29 66 18
29 67 6
30 0 55
30 1 34
30 2 39
30 3 61
30 4 51
30 5 40
30 6 29
30 7 21
30 8 43
30 9 24
30 10 39
30 11 23
30 12 42
30 13 23
30 14 50
30 15 45
30 16 38
30 17 39
30 18 32
30 19 28
30 20 76
30 21 75
30 22 14
30 23 82
30 24 10
30 25 46
30 26 10
30 27 49
30 28 39
30 29 10
30 30 99
30 31 63
30 32 75
30 33 10
30 34 45
30 35 10
30 36 33
30 37 10
30 38 80
30 39 10
30 40 50
30 41 10
30 42 54
30 43 10
30 44 55
30 45 10
30 46 49
30 47 10
30 48 47
30 49 10
30 50 39
30 51 31
30 52 32
30 53 10
30 54 57
30 55 10
30 56 56
30 57 10
30 58 79
30 59 10
30 60 43
30 61 10
30 62 58
30 63 10
30 64 35
30 65 10
30 66 35
30 67 57
31 0 45
31 1 30
31 2 51
31 3 60
31 4 53
31 5 40
31 6 30
31 7 40
31 8 46
31 9 39
31 10 44
31 11 37
31 12 52
31 13 24
31 14 34
31 15 45
31 16 44
31 17 41
31 18 47
31 19 27
31 20 56
31 21 64
31 22 10
31 23 68
31 24 7
31 25 36
31 26 7
31 27 36
31 28 29
31 29 7
31 30 63
31 31 100
31 32 61
31 33 7
31 34 35
31 35 7
31 36 38
31 37 7
31 38 68
31 39 7
31 40 43
31 41 7
31 42 38
31 43 7
31 44 45
31 45 7
31 46 48
31 47 7
31 48 38
31 49 7
31 50 49
31 51 34
31 52 39
31 53 7
31 54 56
31 55 7
31 56 61
31 57 7
31 58 66
31 59 7
31 60 34
31 61 7
31 62 46
31 63 7
31 64 37
31 65 7
31 66 44
31 67 55
32 0 38
32 1 29
32 2 31
32 3 51
32 4 35
32 5 27
32 6 19
32 7 13
32 8 31
32 9 19
32 10 34
32 11 15
32 12 28
32 13 13
32 14 37
32 15 34
32 16 26
32 17 25
32 18 22
32 19 23
32 20 65
32 21 73
32 22 7
32 23 73
32 24 8
32 25 29
32 26 8
32 27 35
32 28 27
32 29 8
32 30 75
32 31 61
32 32 99
32 33 8
32 34 28
32 35 8
32 36 26
32 37 8
32 38 78
32 39 8
32 40 31
32 41 8
32 42 42
32 43 8
32 44 32
32 45 8
32 46 31
32 47 8
32 48 33
32 49 8
32 50 25
32 51 16
32 52 20
32 53 8
32 54 41
32 55 8
32 56 44
32 57 8
32 58 70
32 59 8
32 60 26
32 61 8
32 62 43
32 63 8
32 64 23
32 65 8
32 66 30
32 67 50
33 0 20
33 1 20
33 2 16
33 3 6
33 4 18
33 5 16
33 6 4
33 7 -2
33 8 12
33 9 9
33 10 10
33 11 6
33 12 16
33 13 20
33 14 22
33 15 17
33 16 12
33 17 25
33 18 10
33 19 40
33 20 11
33 21 9
33 22 79
33 23 12
33 24 100
33 25 18
33 26 100
33 27 21
33 28 11
33 29 100
33 30 10
33 31 7
33 32 8
33 33 100
33 34 19
33 35 100
33 36 9
33 37 100
33 38 10
33 39 100
33 40 11
33 41 100
33 42 16
33 43 100
33 44 10
33 45 100
33 46 20
33 47 100
33 48 21
33 49 100
33 50 18
33 51 7
33 52 20
33 53 100
33 54 14
33 55 100
33 56 11
33 57 100
33 58 11
33 59 100
33 60 17
33 61 100
33 62 10
33 63 100
33 64 21
33 65 100
33 66 18
33 67 6
34 0 59
34 1 40
34 2 31
34 3 47
34 4 56
34 5 49
34 6 30
34 7 34
34 8 40
34 9 32
34 10 30
34 11 50
34 12 57
34 13 41
34 14 48
34 15 52
34 16 47
34 17 51
34 18 44
34 19 31
34 20 42
34 21 48
34 22 25
34 23 46
34 24 19
34 25 48
34 26 19
34 27 72
34 28 49
34 29 19
34 30 45
34 31 35
34 32 28
34 33 19
34 34 100
34 35 19
34 36 34
34 37 19
34 38 38
34 39 19
34 40 57
34 41 19
34 42 60
34 43 19
34 44 42
34 45 19
34 46 50
34 47 19
34 48 88
34 49 19
34 50 48
34 51 27
34 52 40
34 53 19
34 54 43
34 55 19
34 56 37
34 57 19
34 58 38
34 59 19
34 60 90
34 61 19
34 62 45
34 63 19
34 64 44
34 65 19
34 66 25
34 67 36
35 0 20
35 1 20
35 2 16
35 3 6
35 4 18
35 5 16
35 6 4
35 7 -2
35 8 12
35 9 9
35 10 10
35 11 6
35 12 16
35 13 20
35 14 22
35 15 17
35 16 12
35 17 25
35 18 10
35 19 40
35 20 11
35 21 9
35 22 79
35 23 12
35 24 100
35 25 18
35 26 100
35 27 21
35 28 11
35 29 100
35 30 10
35 31 7
35 32 8
35 33 100
35 34 19
35 35 100
35 36 9
35 37 100
35 38 10
35 39 100
35 40 11
35 41 100
35 42 16
35 43 100
35 44 10
35 45 100
35 46 20
35 47 100
35 48 21
35 49 100
35 50 18
35 51 7
35 52 20
35 53 100
35 54 14
35 55 100
35 56 11
35 57 100
35 58 11
35 59 100
35 60 17
35 61 100
35 62 10
35 63 100
35 64 21
35 65 100
35 66 18
35 67 6
36 0 39
36 1 37
36 2 35
36 3 68
36 4 55
36 5 52
36 6 34
36 7 39
36 8 44
36 9 29
36 10 34
36 11 54
36 12 43
36 13 24
36 14 22
36 15 49
36 16 48
36 17 49
36 18 40
36 19 38
36 20 27
36 21 26
36 22 18
36 23 41
36 24 9
36 25 32
36 26 9
36 27 38
36 28 21
36 29 9
36 30 33
36 31 38
36 32 26
36 33 9
36 34 34
36 35 9
36 36 100
36 37 9
36 38 34
36 39 9
36 40 43
36 41 9
36 42 27
36 43 9
36 44 47
36 45 9
36 46 35
36 47 9
36 48 35
36 49 9
36 50 50
36 51 27
36 52 36
36 53 9
36 54 53
36 55 9
36 56 42
36 57 9
36 58 41
36 59 9
36 60 33
36 61 9
36 62 48
36 63 9
36 64 56
36 65 9
36 66 29
36 67 39
37 0 20
37 1 20
37 2 16
37 3 6
37 4 18
37 5 16
37 6 4
37 7 -2
37 8 12
37 9 9
37 10 10
37 11 6
37 12 16
37 13 20
37 14 22
37 15 17
37 16 12
37 17 25
37 18 10
37 19 40
37 20 11
37 21 9
37 22 79
37 23 12
37 24 100
37 25 18
37 26 100
37 27 21
37 28 11
37 29 100
37 30 10
37 31 7
37 32 8
37 33 100
37 34 19
37 35 100
37 36 9
37 37 100
37 38 10
37 39 100
37 40 11
37 41 100
37 42 16
37 43 100
37 44 10
37 45 100
37 46 20
37 47 100
37 48 21
37 49 100
37 50 18
37 51 7
37 52 20
37 53 100
37 54 14
37 55 100
37 56 11
37 57 100
37 58 11
37 59 100
37 60 17
37 61 100
37 62 10
37 63 100
37 64 21
37 65 100
37 66 18
37 67 6
38 0 51
38 1 30
38 2 36
38 3 59
38 4 47
38 5 38
38 6 28
38 7 25
38 8 43
38 9 26
38 10 35
38 11 26
38 12 42
38 13 22
38 14 41
38 15 42
38 16 35
38 17 44
38 18 36
38 19 24
38 20 76
38 21 73
38 22 13
38 23 73
38 24 10
38 25 39
38 26 10
38 27 43
38 28 30
38 29 10
38 30 80
38 31 68
38 32 78
38 33 10
38 34 38
38 35 10
38 36 34
38 37 10
38 38 100
38 39 10
38 40 46
38 41 10
38 42 45
38 43 10
38 44 51
38 45 10
38 46 46
38 47 10
38 48 44
38 49 10
38 50 39
38 51 32
38 52 31
38 53 10
38 54 53
38 55 10
38 56 51
38 57 10
38 58 82
38 59 10
38 60 37
38 61 10
38 62 52
38 63 10
38 64 35
38 65 10
38 66 35
38 67 53
39 0 20
39 1 20
39 2 16
39 3 6
39 4 18
39 5 16
39 6 4
39 7 -2
39 8 12
39 9 9
39 10 10
39 11 6
39 12 16
39 13 20
39 14 22
39 15 17
39 16 12
39 17 25
39 18 10
39 19 40
39 20 11
39 21 9
39 22 79
39 23 12
39 24 100
39 25 18
39 26 100
39 27 21
39 28 11
39 29 100
39 30 10
39 31 7
39 32 8
39 33 100
39 34 19
39 35 100
39 36 9
39 37 100
39 38 10
39 39 100
39 40 11
39 41 100
39 42 16
39 43 100
39 44 10
39 45 100
39 46 20
39 47 100
39 48 21
39 49 100
39 50 18
39 51 7
39 52 20
39 53 100
39 54 14
39 55 100
39 56 11
39 57 100
39 58 11
39 59 100
39 60 17
39 61 100
39 62 10
39 63 100
39 64 21
39 65 100
39 66 18
39 67 6
40 0 53
40 1 43
40 2 34
40 3 62
40 4 56
40 5 51
40 6 38
40 7 30
40 8 52
40 9 30
40 10 34
40 11 35
40 12 46
40 13 27
40 14 58
40 15 56
40 16 52
40 17 52
40 18 47
40 19 41
40 20 43
40 21 38
40 22 16
40 23 53
40 24 11
40 25 64
40 26 11
40 27 65
40 28 49
40 29 11
40 30 50
40 31 43
40 32 31
40 33 11
40 34 57
40 35 11
40 36 43
40 37 11
40 38 46
40 39 11
40 40 99
40 41 11
40 42 56
40 43 11
40 44 60
40 45 11
40 46 68
40 47 11
40 48 58
40 49 11
40 50 43
40 51 38
40 52 29
40 53 11
40 54 51
40 55 11
40 56 46
40 57 11
40 58 53
40 59 11
40 60 53
40 61 11
40 62 55
40 63 11
40 64 45
40 65 11
40 66 30
40 67 44
41 0 20
41 1 20
41 2 16
41 3 6
41 4 18
41 5 16
41 6 4
41 7 -2
41 8 12
41 9 9
41 10 10
41 11 6
41 12 16
41 13 20
41 14 22
41 15 17
41 16 12
41 17 25
41 18 10
41 19 40
41 20 11
41 21 9
41 22 79
41 23 12
41 24 100
41 25 18
41 26 100
41 27 21
41 28 11
41 29 100
41 30 10
41 31 7
41 32 8
41 33 100
41 34 19
41 35 100
41 36 9
41 37 100
41 38 10
41 39 100
41 40 11
41 41 100
41 42 16
41 43 100
41 44 10
41 45 100
41 46 20
41 47 100
41 48 21
41 49 100
41 50 18
41 51 7
41 52 20
41 53 100
41 54 14
41 55 100
41 56 11
41 57 100
41 58 11
41 59 100
41 60 17
41 61 100
41 62 10
41 63 100
41 64 21
41 65 100
41 66 18
41 67 6
42 0 52
42 1 38
42 2 27
42 3 45
42 4 47
42 5 40
42 6 25
42 7 15
42 8 31
42 9 18
42 10 31
42 11 25
42 12 38
42 13 24
42 14 61
42 15 47
42 16 39
42 17 39
42 18 36
42 19 39
42 20 47
42 21 44
42 22 18
42 23 60
42 24 16
42 25 58
42 26 16
42 27 70
42 28 63
42 29 16
42 30 54
42 31 38
42 32 42
42 33 16
42 34 60
42 35 16
42 36 27
42 37 16
42 38 45
42 39 16
42 40 56
42 41 16
42 42 100
42 43 16
42 44 43
42 45 16
42 46 59
42 47 16
42 48 68
42 49 16
42 50 33
42 51 23
42 52 36
42 53 16
42 54 46
42 55 16
42 56 38
42 57 16
42 58 44
42 59 16
42 60 55
42 61 16
42 62 51
42 63 16
42 64 44
42 65 16
42 66 22
42 67 35
43 0 20
43 1 20
43 2 16
43 3 6
43 4 18
43 5 16
43 6 4
43 7 -2
43 8 12
43 9 9
43 10 10
43 11 6
43 12 16
43 13 20
43 14 22
43 15 17
43 16 12
43 17 25
43 18 10
43 19 40
43 20 11
43 21 9
43 22 79
43 23 12
43 24 100
43 25 18
43 26 100
43 27 21
43 28 11
43 29 100
43 30 10
43 31 7
43 32 8
43 33 100
43 34 19
43 35 100
43 36 9
43 37 100
43 38 10
43 39 100
43 40 11
43 41 100
43 42 16
43 43 100
43 44 10
43 45 100
43 46 20
43 47 100
43 48 21
43 49 100
43 50 18
43 51 7
43 52 20
43 53 100
43 54 14
43 55 100
43 56 11
43 57 100
43 58 11
43 59 100
43 60 17
43 61 100
43 62 10
43 63 100
43 64 21
43 65 100
43 66 18
43 67 6
44 0 54
44 1 41
44 2 45
44 3 65
44 4 62
44 5 54
44 6 40
44 7 33
44 8 52
44 9 29
44 10 41
44 11 40
44 12 48
44 13 26
44 14 34
44 15 52
44 16 48
44 17 51
44 18 45
44 19 33
44 20 42
44 21 42
44 22 15
44 23 54
44 24 10
44 25 45
44 26 10
44 27 49
44 28 35
44 29 10
44 30 55
44 31 45
44 32 32
44 33 10
44 34 42
44 35 10
44 36 47
44 37 10
44 38 51
44 39 10
44 40 60
44 41 10
44 42 43
44 43 10
44 44 99
44 45 10
44 46 52
44 47 10
44 48 43
44 49 10
44 50 53
44 51 43
44 52 42
44 53 10
44 54 51
44 55 10
44 56 55
44 57 10
44 58 56
44 59 10
44 60 35
44 61 10
44 62 59
44 63 10
44 64 44
44 65 10
44 66 37
44 67 51
45 0 20
45 1 20
45 2 16
45 3 6
45 4 18
45 5 16
45 6 4
45 7 -2
45 8 12
45 9 9
45 10 10
45 11 6
45 12 16
45 13 20
45 14 22
45 15 17
45 16 12
45 17 25
45 18 10
45 19 40
45 20 11
45 21 9
45 22 79
45 23 12
45 24 100
45 25 18
45 26 100
45 27 21
45 28 11
45 29 100
45 30 10
45 31 7
45 32 8
45 33 100
45 34 19
45 35 100
45 36 9
45 37 100
45 38 10
45 39 100
45 40 11
45 41 100
45 42 16
45 43 100
45 44 10
45 45 100
45 46 20
45 47 100
45 48 21
45 49 100
45 50 18
45 51 7
45 52 20
45 53 100
45 54 14
45 55 100
45 56 11
45 57 100
45 58 11
45 59 100
45 60 17
45 61 100
45 62 10
45 63 100
45 64 21
45 65 100
45 66 18
45 67 6
46 0 53
46 1 35
46 2 39
46 3 57
46 4 58
46 5 54
46 6 43
46 7 27
46 8 58
46 9 33
46 10 42
46 11 33
46 12 53
46 13 25
46 14 53
46 15 57
46 16 45
46 17 48
46 18 51
46 19 41
46 20 43
46 21 37
46 22 20
46 23 54
46 24 20
46 25 61
46 26 20
46 27 60
46 28 50
46 29 20
46 30 49
46 31 48
46 32 31
46 33 20
46 34 50
46 35 20
46 36 35
46 37 20
46 38 46
46 39 20
46 40 68
46 41 20
46 42 59
46 43 20
46 44 52
46 45 20
46 46 99
46 47 20
46 48 55
46 49 20
46 50 43
46 51 39
46 52 38
46 53 20
46 54 53
46 55 20
46 56 49
46 57 20
46 58 55
46 59 20
46 60 47
46 61 20
46 62 54
46 63 20
46 64 47
46 65 20
46 66 35
46 67 49
47 0 20
47 1 20
47 2 16
47 3 6
47 4 18
47 5 16
47 6 4
47 7 -2
47 8 12
47 9 9
47 10 10
47 11 6
47 12 16
47 13 20
47 14 22
47 15 17
47 16 12
47 17 25
47 18 10
47 19 40
47 20 11
47 21 9
47 22 79
47 23 12
47 24 100
47 25 18
47 26 100
47 27 21
47 28 11
47 29 100
47 30 10
47 31 7
47 32 8
47 33 100
47 34 19
47 35 100
47 36 9
47 37 100
47 38 10
47 39 100
47 40 11
47 41 100
47 42 16
47 43 100
47 44 10
47 45 100
47 46 20
47 47 100
47 48 21
47 49 100
47 50 18
47 51 7
47 52 20
47 53 100
47 54 14
47 55 100
47 56 11
47 57 100
47 58 11
47 59 100
47 60 17
47 61 100
47 62 10
47 63 100
47 64 21
47 65 100
47 66 18
47 67 6
48 0 57
48 1 41
48 2 31
48 3 51
48 4 54
48 5 49
48 6 29
48 7 29
48 8 41
48 9 32
48 10 34
48 11 41
48 12 52
48 13 39
48 14 58
48 15 50
48 16 44
48 17 51
48 18 46
48 19 39
48 20 46
48 21 51
48 22 26
48 23 51
48 24 21
48 25 60
48 26 21
48 27 77
48 28 52
48 29 21
48 30 47
48 31 38
48 32 33
48 33 21
48 34 88
48 35 21
48 36 35
48 37 21
48 38 44
48 39 21
48 40 58
48 41 21
48 42 68
48 43 21
48 44 43
48 45 21
48 46 55
48 47 21
48 48 99
48 49 21
48 50 49
48 51 27
48 52 40
48 53 21
48 54 49
48 55 21
48 56 40
48 57 21
48 58 42
48 59 21
48 60 85
48 61 21
48 62 44
48 63 21
48 64 48
48 65 21
48 66 26
48 67 35
49 0 20
49 1 20
49 2 16
49 3 6
49 4 18
49 5 16
49 6 4
49 7 -2
49 8 12
49 9 9
49 10 10
49 11 6
49 12 16
49 13 20
49 14 22
49 15 17
49 16 12
49 17 25
49 18 10
49 19 40
49 20 11
49 21 9
49 22 79
49 23 12
49 24 100
49 25 18
49 26 100
49 27 21
49 28 11
49 29 100
49 30 10
49 31 7
49 32 8
49 33 100
49 34 19
49 35 100
49 36 9
49 37 100
49 38 10
49 39 100
49 40 11
49 41 100
49 42 16
49 43 100
49 44 10
49 45 100
49 46 20
49 47 100
49 48 21
49 49 100
49 50 18
49 51 7
49 52 20
49 53 100
49 54 14
49 55 100
49 56 11
49 57 100
49 58 11
49 59 100
49 60 17
49 61 100
49 62 10
49 63 100
49 64 21
49 65 100
49 66 18
49 67 6
50 0 51
50 1 41
50 2 42
50 3 57
50 4 67
50 5 56
50 6 32
50 7 37
50 8 42
50 9 40
50 10 39
50 11 53
50 12 65
50 13 38
50 14 29
50 15 45
50 16 49
50 17 51
50 18 52
50 19 41
50 20 35
50 21 39
50 22 26
50 23 44
50 24 18
50 25 33
50 26 18
50 27 40
50 28 29
50 29 18
50 30 39
50 31 49
50 32 25
50 33 18
50 34 48
50 35 18
50 36 50
50 37 18
50 38 39
50 39 18
50 40 43
50 41 18
50 42 33
50 43 18
50 44 53
50 45 18
50 46 43
50 47 18
50 48 49
50 49 18
50 50 99
50 51 47
50 52 56
50 53 18
50 54 49
50 55 18
50 56 48
50 57 18
50 58 43
50 59 18
50 60 39
50 61 18
50 62 44
50 63 18
50 64 47
50 65 18
50 66 34
50 67 38
51 0 41
51 1 25
51 2 52
51 3 39
51 4 51
51 5 47
51 6 29
51 7 34
51 8 44
51 9 43
51 10 43
51 11 46
51 12 57
51 13 31
51 14 20
51 15 38
51 16 42
51 17 44
51 18 44
51 19 21
51 20 22
51 21 16
51 22 19
51 23 37
51 24 7
51 25 27
51 26 7
51 27 28
51 28 24
51 29 7
51 30 31
51 31 34
51 32 16
51 33 7
51 34 27
51 35 7
51 36 27
51 37 7
51 38 32
51 39 7
51 40 38
51 41 7
51 42 23
51 43 7
51 44 43
51 45 7
51 46 39
51 47 7
51 48 27
51 49 7
51 50 47
51 51 99
51 52 44
51 53 7
51 54 42
51 55 7
51 56 52
51 57 7
51 58 47
51 59 7
51 60 27
51 61 7
51 62 39
51 63 7
51 64 28
51 65 7
51 66 42
51 67 38
52 0 42
52 1 31
52 2 39
52 3 40
52 4 49
52 5 54
52 6 23
52 7 32
52 8 40
52 9 37
52 10 36
52 11 42
52 12 55
52 13 39
52 14 22
52 15 39
52 16 41
52 17 38
52 18 40
52 19 31
52 20 32
52 21 30
52 22 27
52 23 37
52 24 20
52 25 26
52 26 20
52 27 34
52 28 26
52 29 20
52 30 32
52 31 39
52 32 20
52 33 20
52 34 40
52 35 20
52 36 36
52 37 20
52 38 31
52 39 20
52 40 29
52 41 20
52 42 36
52 43 20
52 44 42
52 45 20
52 46 38
52 47 20
52 48 40
52 49 20
52 50 56
52 51 44
52 52 100
52 53 20
52 54 49
52 55 20
52 56 40
52 57 20
52 58 36
52 59 20
52 60 38
52 61 20
52 62 34
52 63 20
52 64 37
52 65 20
52 66 31
52 67 33
53 0 20
53 1 20
53 2 16
53 3 6
53 4 18
53 5 16
53 6 4
53 7 -2
53 8 12
53 9 9
53 10 10
53 11 6
53 12 16
53 13 20
53 14 22
53 15 17
53 16 12
53 17 25
53 18 10
53 19 40
53 20 11
53 21 9
53 22 79
53 23 12
53 24 100
53 25 18
53 26 100
53 27 21
53 28 11
53 29 100
53 30 10
53 31 7
53 32 8
53 33 100
53 34 19
53 35 100
53 36 9
53 37 100
53 38 10
53 39 100
53 40 11
53 41 100
53 42 16
53 43 100
53 44 10
53 45 100
53 46 20
53 47 100
53 48 21
53 49 100
53 50 18
53 51 7
53 52 20
53 53 100
53 54 14
53 55 100
53 56 11
53 57 100
53 58 11
53 59 100
53 60 17
53 61 100
53 62 10
53 63 100
53 64 21
53 65 100
53 66 18
53 67 6
54 0 61
54 1 53
54 2 47
54 3 70
54 4 63
54 5 60
54 6 30
54 7 35
54 8 54
54 9 44
54 10 44
54 11 54
54 12 62
54 13 37
54 14 41
54 15 54
54 16 56
54 17 58
54 18 46
54 19 57
54 20 48
54 21 47
54 22 25
54 23 63
54 24 14
54 25 42
54 26 14
54 27 53
54 28 38
54 29 14
54 30 57
54 31 56
54 32 41
54 33 14
54 34 43
54 35 14
54 36 53
54 37 14
54 38 53
54 39 14
54 40 51
54 41 14
54 42 46
54 43 14
54 44 51
54 45 14
54 46 53
54 47 14
54 48 49
54 49 14
54 50 49
54 51 42
54 52 49
54 53 14
54 54 99
54 55 14
54 56 58
54 57 14
54 58 63
54 59 14
54 60 42
54 61 14
54 62 52
54 63 14
54 64 70
54 65 14
54 66 41
54 67 53
55 0 20
55 1 20
55 2 16
55 3 6
55 4 18
55 5 16
55 6 4
55 7 -2
55 8 12
55 9 9
55 10 10
55 11 6
55 12 16
55 13 20
55 14 22
55 15 17
55 16 12
55 17 25
55 18 10
55 19 40
55 20 11
55 21 9
55 22 79
55 23 12
55 24 100
55 25 18
55 26 100
55 27 21
55 28 11
55 29 100
55 30 10
55 31 7
55 32 8
55 33 100
55 34 19
55 35 100
55 36 9
55 37 100
55 38 10
55 39 100
55 40 11
55 41 100
55 42 16
55 43 100
55 44 10
55 45 100
55 46 20
55 47 100
55 48 21
55 49 100
55 50 18
55 51 7
55 52 20
55 53 100
55 54 14
55 55 100
55 56 11
55 57 100
55 58 11
55 59 100
55 60 17
55 61 100
55 62 10
55 63 100
55 64 21
55 65 100
55 66 18
55 67 6
56 0 50
56 1 35
56 2 83
56 3 63
56 4 63
56 5 50
56 6 34
56 7 42
56 8 63
56 9 51
56 10 66
56 11 41
56 12 54
56 13 34
56 14 29
56 15 52
56 16 48
56 17 46
56 18 46
56 19 30
56 20 46
56 21 49
56 22 20
56 23 68
56 24 11
56 25 37
56 26 11
56 27 41
56 28 31
56 29 11
56 30 56
56 31 61
56 32 44
56 33 11
56 34 37
56 35 11
56 36 42
56 37 11
56 38 51
56 39 11
56 40 46
56 41 11
56 42 38
56 43 11
56 44 55
56 45 11
56 46 49
56 47 11
56 48 40
56 49 11
56 50 48
56 51 52
56 52 40
56 53 11
56 54 58
56 55 11
56 56 100
56 57 11
56 58 69
56 59 11
56 60 36
56 61 11
56 62 61
56 63 11
56 64 41
56 65 11
56 66 68
56 67 69
57 0 20
57 1 20
57 2 16
57 3 6
57 4 18
57 5 16
57 6 4
57 7 -2
57 8 12
57 9 9
57 10 10
57 11 6
57 12 16
57 13 20
57 14 22
57 15 17
57 16 12
57 17 25
57 18 10
57 19 40
57 20 11
57 21 9
57 22 79
57 23 12
57 24 100
57 25 18
57 26 100
57 27 21
57 28 11
57 29 100
57 30 10
57 31 7
57 32 8
57 33 100
57 34 19
57 35 100
57 36 9
57 37 100
57 38 10
57 39 100
57 40 11
57 41 100
57 42 16
57 43 100
57 44 10
57 45 100
57 46 20
57 47 100
57 48 21
57 49 100
57 50 18
57 51 7
57 52 20
57 53 100
57 54 14
57 55 100
57 56 11
57 57 100
57 58 11
57 59 100
57 60 17
57 61 100
57 62 10
57 63 100
57 64 21
57 65 100
57 66 18
57 67 6
58 0 52
58 1 34
58 2 55
58 3 68
58 4 59
58 5 49
58 6 35
58 7 32
58 8 56
58 9 35
58 10 52
58 11 34
58 12 49
58 13 24
58 14 42
58 15 52
58 16 40
58 17 42
58 18 40
58 19 31
58 20 69
58 21 65
58 22 15
58 23 80
58 24 11
58 25 44
58 26 11
58 27 44
58 28 35
58 29 11
58 30 79
58 31 66
58 32 70
58 33 11
58 34 38
58 35 11
58 36 41
58 37 11
58 38 82
58 39 11
58 40 53
58 41 11
58 42 44
58 43 11
58 44 56
58 45 11
58 46 55
58 47 11
58 48 42
58 49 11
58 50 43
58 51 47
58 52 36
58 53 11
58 54 63
58 55 11
58 56 69
58 57 11
58 58 99
58 59 11
58 60 38
58 61 11
58 62 63
58 63 11
58 64 40
58 65 11
58 66 49
58 67 63
59 0 20
59 1 20
59 2 16
59 3 6
59 4 18
59 5 16
59 6 4
59 7 -2
59 8 12
59 9 9
59 10 10
59 11 6
59 12 16
59 13 20
59 14 22
59 15 17
59 16 12
59 17 25
59 18 10
59 19 40
59 20 11
59 21 9
59 22 79
59 23 12
59 24 100
59 25 18
59 26 100
59 27 21
59 28 11
59 29 100
59 30 10
59 31 7
59 32 8
59 33 100
59 34 19
59 35 100
59 36 9
59 37 100
59 38 10
59 39 100
59 40 11
59 41 100
59 42 16
59 43 100
59 44 10
59 45 100
59 46 20
59 47 100
59 48 21
59 49 100
59 50 18
59 51 7
59 52 20
59 53 100
59 54 14
59 55 100
59 56 11
59 57 100
59 58 11
59 59 100
59 60 17
59 61 100
59 62 10
59 63 100
59 64 21
59 65 100
59 66 18
59 67 6
60 0 53
60 1 32
60 2 28
60 3 43
60 4 49
60 5 42
60 6 26
60 7 28
60 8 42
60 9 30
60 10 28
60 11 39
60 12 50
60 13 37
60 14 47
60 15 48
60 16 37
60 17 46
60 18 43
60 19 29
60 20 39
60 21 46
60 22 23
60 23 44
60 24 17
60 25 45
60 26 17
60 27 61
60 28 46
60 29 17
60 30 43
60 31 34
60 32 26
60 33 17
60 34 90
60 35 17
60 36 33
60 37 17
60 38 37
60 39 17
60 40 53
60 41 17
60 42 55
60 43 17
60 44 35
60 45 17
60 46 47
60 47 17
60 48 85
60 49 17
60 50 39
60 51 27
60 52 38
60 53 17
60 54 42
60 55 17
60 56 36
60 57 17
60 58 38
60 59 17
60 60 99
60 61 17
60 62 43
60 63 17
60 64 41
60 65 17
60 66 25
60 67 33
61 0 20
61 1 20
61 2 16
61 3 6
61 4 18
61 5 16
61 6 4
61 7 -2
61 8 12
61 9 9
61 10 10
61 11 6
61 12 16
61 13 20
61 14 22
61 15 17
61 16 12
61 17 25
61 18 10
61 19 40
61 20 11
61 21 9
61 22 79
61 23 12
61 24 100
61 25 18
61 26 100
61 27 21
61 28 11
61 29 100
61 30 10
61 31 7
61 32 8
61 33 100
61 34 19
61 35 100
61 36 9
61 37 100
61 38 10
61 39 100
61 40 11
61 41 100
61 42 16
61 43 100
61 44 10
61 45 100
61 46 20
61 47 100
61 48 21
61 49 100
61 50 18
61 51 7
61 52 20
61 53 100
61 54 14
61 55 100
61 56 11
61 57 100
61 58 11
61 59 100
61 60 17
61 61 100
61 62 10
61 63 100
61 64 21
61 65 100
61 66 18
61 67 6
62 0 51
62 1 36
62 2 48
62 3 66
62 4 60
62 5 54
62 6 38
62 7 35
62 8 49
62 9 34
62 10 44
62 11 38
62 12 42
62 13 24
62 14 35
62 15 60
62 16 43
62 17 39
62 18 50
62 19 32
62 20 46
62 21 45
62 22 15
62 23 68
62 24 10
62 25 43
62 26 10
62 27 48
62 28 42
62 29 10
62 30 58
62 31 46
62 32 43
62 33 10
62 34 45
62 35 10
62 36 48
62 37 10
62 38 52
62 39 10
62 40 55
62 41 10
62 42 51
62 43 10
62 44 59
62 45 10
62 46 54
62 47 10
62 48 44
62 49 10
62 50 44
62 51 39
62 52 34
62 53 10
62 54 52
62 55 10
62 56 61
62 57 10
62 58 63
62 59 10
62 60 43
62 61 10
62 62 100
62 63 10
62 64 45
62 65 10
62 66 36
62 67 53
63 0 20
63 1 20
63 2 16
63 3 6
63 4 18
63 5 16
63 6 4
63 7 -2
63 8 12
63 9 9
63 10 10
63 11 6
63 12 16
63 13 20
63 14 22
63 15 17
63 16 12
63 17 25
63 18 10
63 19 40
63 20 11
63 21 9
63 22 79
63 23 12
63 24 100
63 25 18
63 26 100
63 27 21
63 28 11
63 29 100
63 30 10
63 31 7
63 32 8
63 33 100
63 34 19
63 35 100
63 36 9
63 37 100
63 38 10
63 39 100
63 40 11
63 41 100
63 42 16
63 43 100
63 44 10
63 45 100
63 46 20
63 47 100
63 48 21
63 49 100
63 50 18
63 51 7
63 52 20
63 53 100
63 54 14
63 55 100
63 56 11
63 57 100
63 58 11
63 59 100
63 60 17
63 61 100
63 62 10
63 63 100
63 64 21
63 65 100
63 66 18
63 67 6
64 0 61
64 1 51
64 2 34
64 3 58
64 4 58
64 5 52
64 6 33
64 7 29
64 8 44
64 9 29
64 10 29
64 11 47
64 12 51
64 13 39
64 14 36
64 15 43
64 16 64
64 17 70
64 18 51
64 19 54
64 20 31
64 21 31
64 22 30
64 23 46
64 24 21
64 25 37
64 26 21
64 27 48
64 28 41
64 29 21
64 30 35
64 31 37
64 32 23
64 33 21
64 34 44
64 35 21
64 36 56
64 37 21
64 38 35
64 39 21
64 40 45
64 41 21
64 42 44
64 43 21
64 44 44
64 45 21
64 46 47
64 47 21
64 48 48
64 49 21
64 50 47
64 51 28
64 52 37
64 53 21
64 54 70
64 55 21
64 56 41
64 57 21
64 58 40
64 59 21
64 60 41
64 61 21
64 62 45
64 63 21
64 64 100
64 65 21
64 66 30
64 67 37
65 0 20
65 1 20
65 2 16
65 3 6
65 4 18
65 5 16
65 6 4
65 7 -2
65 8 12
65 9 9
65 10 10
65 11 6
65 12 16
65 13 20
65 14 22
65 15 17
65 16 12
65 17 25
65 18 10
65 19 40
65 20 11
65 21 9
65 22 79
65 23 12
65 24 100
65 25 18
65 26 100
65 27 21
65 28 11
65 29 100
65 30 10
65 31 7
65 32 8
65 33 100
65 34 19
65 35 100
65 36 9
65 37 100
65 38 10
65 39 100
65 40 11
65 41 100
65 42 16
65 43 100
65 44 10
65 45 100
65 46 20
65 47 100
65 48 21
65 49 100
65 50 18
65 51 7
65 52 20
65 53 100
65 54 14
65 55 100
65 56 11
65 57 100
65 58 11
65 59 100
65 60 17
65 61 100
65 62 10
65 63 100
65 64 21
65 65 100
65 66 18
65 67 6
66 0 36
66 1 30
66 2 85
66 3 38
66 4 47
66 5 35
66 6 25
66 7 29
66 8 47
66 9 46
66 10 67
66 11 31
66 12 41
66 13 35
66 14 20
66 15 35
66 16 38
66 17 35
66 18 35
66 19 27
66 20 24
66 21 28
66 22 20
66 23 46
66 24 18
66 25 28
66 26 18
66 27 32
66 28 27
66 29 18
66 30 35
66 31 44
66 32 30
66 33 18
66 34 25
66 35 18
66 36 29
66 37 18
66 38 35
66 39 18
66 40 30
66 41 18
66 42 22
66 43 18
66 44 37
66 45 18
66 46 35
66 47 18
66 48 26
66 49 18
66 50 34
66 51 42
66 52 31
66 53 18
66 54 41
66 55 18
66 56 68
66 57 18
66 58 49
66 59 18
66 60 25
66 61 18
66 62 36
66 63 18
66 64 30
66 65 18
66 66 100
66 67 49
67 0 51
67 1 38
67 2 55
67 3 57
67 4 57
67 5 49
67 6 31
67 7 37
67 8 51
67 9 37
67 10 55
67 11 34
67 12 50
67 13 24
67 14 29
67 15 52
67 16 41
67 17 40
67 18 35
67 19 28
67 20 49
67 21 47
67 22 10
67 23 68
67 24 6
67 25 33
67 26 6
67 27 40
67 28 31
67 29 6
67 30 57
67 31 55
67 32 50
67 33 6
67 34 36
67 35 6
67 36 39
67 37 6
67 38 53
67 39 6
67 40 44
67 41 6
67 42 35
67 43 6
67 44 51
67 45 6
67 46 49
67 47 6
67 48 35
67 49 6
67 50 38
67 51 38
67 52 33
67 53 6
67 54 53
67 55 6
67 56 69
67 57 6
67 58 63
67 59 6
67 60 33
67 61 6
67 62 53
67 63 6
67 64 37
67 65 6
67 66 49
67 67 100
