0 0 99
0 1 51
0 2 51
0 3 48
0 4 48
0 5 52
0 6 78
0 7 44
0 9 35
0 10 55
0 11 44
0 12 34
0 13 39
0 14 45
0 15 56
0 16 51
0 17 53
0 18 48
0 19 36
0 20 48
0 21 52
0 22 56
0 23 30
0 24 37
0 25 56
0 26 43
0 28 39
0 29 47
0 30 34
0 31 36
1 0 51
1 1 99
1 2 52
1 3 60
1 4 53
1 5 72
1 6 58
1 7 54
1 9 41
1 10 55
1 11 69
1 12 33
1 13 53
1 14 52
1 15 57
1 16 43
1 17 59
1 18 53
1 19 33
1 20 46
1 21 58
1 22 57
1 23 44
1 24 35
1 25 53
1 26 46
1 28 41
1 29 55
1 30 42
1 31 52
2 0 51
2 1 52
2 2 100
2 3 54
2 4 49
2 5 55
2 6 60
2 7 36
2 9 20
2 10 42
2 11 44
2 12 22
2 13 30
2 14 34
2 15 81
2 16 69
2 17 68
2 18 49
2 19 25
2 20 41
2 21 47
2 22 45
2 23 22
2 24 20
2 25 33
2 26 26
2 28 25
2 29 40
2 30 31
2 31 33
3 0 48
3 1 60
3 2 54
3 3 99
3 4 62
3 5 61
3 6 52
3 7 47
3 9 24
3 10 50
3 11 45
3 12 25
3 13 37
3 14 44
3 15 55
3 16 48
3 17 87
3 18 62
3 19 32
3 20 46
3 21 50
3 22 52
3 23 27
3 24 28
3 25 39
3 26 32
3 28 31
3 29 45
3 30 42
3 31 35
4 0 48
4 1 53
4 2 49
4 3 62
4 4 99
4 5 56
4 6 57
4 7 45
4 9 27
4 10 58
4 11 48
4 12 28
4 13 36
4 14 45
4 15 55
4 16 51
4 17 71
4 18 99
4 19 47
4 20 58
4 21 58
4 22 59
4 23 33
4 24 31
4 25 47
4 26 37
4 28 31
4 29 45
4 30 45
4 31 46
5 0 52
5 1 72
5 2 55
5 3 61
5 4 56
5 5 99
5 6 59
5 7 35
5 9 23
5 10 61
5 11 58
5 12 41
5 13 51
5 14 49
5 15 56
5 16 46
5 17 65
5 18 56
5 19 36
5 20 54
5 21 57
5 22 52
5 23 28
5 24 27
5 25 47
5 26 31
5 28 30
5 29 52
5 30 41
5 31 45
6 0 78
6 1 58
6 2 60
6 3 52
6 4 57
6 5 59
6 6 100
6 7 44
6 9 38
6 10 70
6 11 47
6 12 41
6 13 52
6 14 54
6 15 73
6 16 64
6 17 62
6 18 57
6 19 49
6 20 65
6 21 67
6 22 61
6 23 40
6 24 43
6 25 60
6 26 47
6 28 49
6 29 56
6 30 44
6 31 50
7 0 44
7 1 54
7 2 36
7 3 47
7 4 45
7 5 35
7 6 44
7 7 100
7 9 62
7 10 41
7 11 36
7 12 26
7 13 40
7 14 39
7 15 44
7 16 37
7 17 50
7 18 45
7 19 28
7 20 41
7 21 54
7 22 54
7 23 50
7 24 55
7 25 51
7 26 73
7 28 57
7 29 46
7 30 31
7 31 44
9 0 35
9 1 41
9 2 20
9 3 24
9 4 27
9 5 23
9 6 38
9 7 62
9 9 100
9 10 36
9 11 23
9 12 34
9 13 57
9 14 42
9 15 28
9 16 26
9 17 26
9 18 27
9 19 25
9 20 31
9 21 48
9 22 59
9 23 82
9 24 71
9 25 48
9 26 70
9 28 79
9 29 56
9 30 33
9 31 51
10 0 55
10 1 55
10 2 42
10 3 50
10 4 58
10 5 61
10 6 70
10 7 41
10 9 36
10 10 99
10 11 45
10 12 49
10 13 51
10 14 60
10 15 60
10 16 51
10 17 58
10 18 58
10 19 57
10 20 73
10 21 76
10 22 60
10 23 39
10 24 43
10 25 55
10 26 49
10 28 46
10 29 54
10 30 45
10 31 53
11 0 44
11 1 69
11 2 44
11 3 45
11 4 48
11 5 58
11 6 47
11 7 36
11 9 23
11 10 45
11 11 100
11 12 33
11 13 43
11 14 38
11 15 50
11 16 28
11 17 47
11 18 48
11 19 29
11 20 37
11 21 42
11 22 42
11 23 27
11 24 20
11 25 39
11 26 33
11 28 26
11 29 46
11 30 35
11 31 40
12 0 34
12 1 33
12 2 22
12 3 25
12 4 28
12 5 41
12 6 41
12 7 26
12 9 34
12 10 49
12 11 33
12 12 100
12 13 50
12 14 40
12 15 32
12 16 25
12 17 28
12 18 28
12 19 28
12 20 45
12 21 42
12 22 38
12 23 32
12 24 30
12 25 37
12 26 38
12 28 36
12 29 47
12 30 37
12 31 45
13 0 39
13 1 53
13 2 30
13 3 37
13 4 36
13 5 51
13 6 52
13 7 40
13 9 57
13 10 51
13 11 43
13 12 50
13 13 100
13 14 55
13 15 38
13 16 32
13 17 37
13 18 36
13 19 35
13 20 44
13 21 53
13 22 55
13 23 62
13 24 51
13 25 55
13 26 51
13 28 55
13 29 68
13 30 49
13 31 65
14 0 45
14 1 52
14 2 34
14 3 44
14 4 45
14 5 49
14 6 54
14 7 39
14 9 42
14 10 60
14 11 38
14 12 40
14 13 55
14 14 99
14 15 44
14 16 34
14 17 45
14 18 45
14 19 53
14 20 54
14 21 64
14 22 59
14 23 42
14 24 39
14 25 54
14 26 45
14 28 43
14 29 54
14 30 48
14 31 44
15 0 56
15 1 57
15 2 81
15 3 55
15 4 55
15 5 56
15 6 73
15 7 44
15 9 28
15 10 60
15 11 50
15 12 32
15 13 38
15 14 44
15 15 100
15 16 65
15 17 67
15 18 55
15 19 33
15 20 55
15 21 59
15 22 51
15 23 32
15 24 30
15 25 48
15 26 41
15 28 38
15 29 48
15 30 36
15 31 45
16 0 51
16 1 43
16 2 69
16 3 48
16 4 51
16 5 46
16 6 64
16 7 37
16 9 26
16 10 51
16 11 28
16 12 25
16 13 32
16 14 34
16 15 65
16 16 100
16 17 64
16 18 51
16 19 37
16 20 52
16 21 53
16 22 54
16 23 30
16 24 34
16 25 45
16 26 32
16 28 34
16 29 39
16 30 31
16 31 35
17 0 53
17 1 59
17 2 68
17 3 87
17 4 71
17 5 65
17 6 62
17 7 50
17 9 26
17 10 58
17 11 47
17 12 28
17 13 37
17 14 45
17 15 67
17 16 64
17 17 99
17 18 71
17 19 38
17 20 55
17 21 58
17 22 56
17 23 30
17 24 31
17 25 44
17 26 35
17 28 33
17 29 47
17 30 44
17 31 39
18 0 48
18 1 53
18 2 49
18 3 62
18 4 99
18 5 56
18 6 57
18 7 45
18 9 27
18 10 58
18 11 48
18 12 28
18 13 36
18 14 45
18 15 55
18 16 51
18 17 71
18 18 99
18 19 47
18 20 58
18 21 58
18 22 59
18 23 33
18 24 31
18 25 47
18 26 37
18 28 31
18 29 45
18 30 45
18 31 46
19 0 36
19 1 33
19 2 25
19 3 32
19 4 47
19 5 36
19 6 49
19 7 28
19 9 25
19 10 57
19 11 29
19 12 28
19 13 35
19 14 53
19 15 33
19 16 37
19 17 38
19 18 47
19 19 99
19 20 62
19 21 58
19 22 48
19 23 27
19 24 32
19 25 37
19 26 30
19 28 28
19 29 39
19 30 56
19 31 34
20 0 48
20 1 46
20 2 41
20 3 46
20 4 58
20 5 54
20 6 65
20 7 41
20 9 31
20 10 73
20 11 37
20 12 45
20 13 44
20 14 54
20 15 55
20 16 52
20 17 55
20 18 58
20 19 62
20 20 100
20 21 72
20 22 58
20 23 33
20 24 41
20 25 54
20 26 39
20 28 38
20 29 53
20 30 44
20 31 47
21 0 52
21 1 58
21 2 47
21 3 50
21 4 58
21 5 57
21 6 67
21 7 54
21 9 48
21 10 76
21 11 42
21 12 42
21 13 53
21 14 64
21 15 59
21 16 53
21 17 58
21 18 58
21 19 58
21 20 72
21 21 99
21 22 67
21 23 48
21 24 53
21 25 64
21 26 57
21 28 56
21 29 62
21 30 44
21 31 57
22 0 56
22 1 57
22 2 45
22 3 52
22 4 59
22 5 52
22 6 61
22 7 54
22 9 59
22 10 60
22 11 42
22 12 38
22 13 55
22 14 59
22 15 51
22 16 54
22 17 56
22 18 59
22 19 48
22 20 58
22 21 67
22 22 100
22 23 56
22 24 58
22 25 61
22 26 54
22 28 61
22 29 68
22 30 39
22 31 58
23 0 30
23 1 44
23 2 22
23 3 27
23 4 33
23 5 28
23 6 40
23 7 50
23 9 82
23 10 39
23 11 27
23 12 32
23 13 62
23 14 42
23 15 32
23 16 30
23 17 30
23 18 33
23 19 27
23 20 33
23 21 48
23 22 56
23 23 100
23 24 65
23 25 46
23 26 65
23 28 66
23 29 54
23 30 43
23 31 61
24 0 37
24 1 35
24 2 20
24 3 28
24 4 31
24 5 27
24 6 43
24 7 55
24 9 71
24 10 43
24 11 20
24 12 30
24 13 51
24 14 39
24 15 30
24 16 34
24 17 31
24 18 31
24 19 32
24 20 41
24 21 53
24 22 58
24 23 65
24 24 100
24 25 47
24 26 65
24 28 70
24 29 51
24 30 34
24 31 52
25 0 56
25 1 53
25 2 33
25 3 39
25 4 47
25 5 47
25 6 60
25 7 51
25 9 48
25 10 55
25 11 39
25 12 37
25 13 55
25 14 54
25 15 48
25 16 45
25 17 44
25 18 47
25 19 37
25 20 54
25 21 64
25 22 61
25 23 46
25 24 47
25 25 100
25 26 55
25 28 54
25 29 58
25 30 31
25 31 51
26 0 43
26 1 46
26 2 26
26 3 32
26 4 37
26 5 31
26 6 47
26 7 73
26 9 70
26 10 49
26 11 33
26 12 38
26 13 51
26 14 45
26 15 41
26 16 32
26 17 35
26 18 37
26 19 30
26 20 39
26 21 57
26 22 54
26 23 65
26 24 65
26 25 55
26 26 99
26 28 62
26 29 52
26 30 34
26 31 55
28 0 39
28 1 41
28 2 25
28 3 31
28 4 31
28 5 30
28 6 49
28 7 57
28 9 79
28 10 46
28 11 26
28 12 36
28 13 55
28 14 43
28 15 38
28 16 34
28 17 33
28 18 31
28 19 28
28 20 38
28 21 56
28 22 61
28 23 66
28 24 70
28 25 54
28 26 62
28 28 99
28 29 59
28 30 32
28 31 61
29 0 47
29 1 55
29 2 40
29 3 45
29 4 45
29 5 52
29 6 56
29 7 46
29 9 56
29 10 54
29 11 46
29 12 47
29 13 68
29 14 54
29 15 48
29 16 39
29 17 47
29 18 45
29 19 39
29 20 53
29 21 62
29 22 68
29 23 54
29 24 51
29 25 58
29 26 52
29 28 59
29 29 100
29 30 42
29 31 61
30 0 34
30 1 42
30 2 31
30 3 42
30 4 45
30 5 41
30 6 44
30 7 31
30 9 33
30 10 45
30 11 35
30 12 37
30 13 49
30 14 48
30 15 36
30 16 31
30 17 44
30 18 45
30 19 56
30 20 44
30 21 44
30 22 39
30 23 43
30 24 34
30 25 31
30 26 34
30 28 32
30 29 42
30 30 100
30 31 40
31 0 36
31 1 52
31 2 33
31 3 35
31 4 46
31 5 45
31 6 50
31 7 44
31 9 51
31 10 53
31 11 40
31 12 45
31 13 65
31 14 44
31 15 45
31 16 35
31 17 39
31 18 46
31 19 34
31 20 47
31 21 57
31 22 58
31 23 61
31 24 52
31 25 51
31 26 55
31 28 61
31 29 61
31 30 40
31 31 100
