0 0 100
0 1 40
0 2 37
0 3 18
0 4 38
0 5 39
0 6 63
0 7 20
0 8 58
0 9 38
0 10 39
0 11 31
0 12 37
0 13 37
0 14 34
0 15 25
0 16 19
0 17 36
0 18 41
0 19 37
0 20 21
0 21 32
0 22 8
0 23 44
0 24 23
0 25 11
0 26 23
0 27 36
0 28 30
0 29 30
0 30 23
0 31 38
0 32 30
0 33 62
0 34 19
0 35 41
0 36 65
0 37 29
0 38 28
0 39 62
0 40 55
0 41 27
0 42 55
0 43 58
0 44 61
0 45 32
1 0 40
1 1 99
1 2 36
1 3 35
1 4 57
1 5 68
1 6 52
1 7 28
1 8 53
1 9 43
1 10 66
1 11 50
1 12 50
1 13 40
1 14 46
1 15 37
1 16 37
1 17 45
1 18 52
1 19 55
1 20 34
1 21 46
1 22 19
1 23 51
1 24 44
1 25 29
1 26 28
1 27 56
1 28 43
1 29 42
1 30 47
1 31 44
1 32 22
1 33 61
1 34 23
1 35 56
1 36 35
1 37 35
1 38 41
1 39 60
1 40 63
1 41 36
1 42 50
1 43 67
1 44 40
1 45 56
2 0 37
2 1 36
2 2 100
2 3 37
2 4 52
2 5 66
2 6 36
2 7 35
2 8 54
2 9 31
2 10 47
2 11 48
2 12 48
2 13 60
2 14 29
2 15 41
2 16 24
2 17 32
2 18 30
2 19 25
2 20 19
2 21 27
2 22 14
2 23 47
2 24 36
2 25 22
2 26 37
2 27 50
2 28 37
2 29 28
2 30 37
2 31 52
2 32 37
2 33 52
2 34 29
2 35 57
2 36 47
2 37 45
2 38 44
2 39 50
2 40 46
2 41 37
2 42 48
2 43 40
2 44 52
2 45 24
3 0 18
3 1 35
3 2 37
3 3 99
3 4 56
3 5 42
3 6 30
3 7 56
3 8 41
3 9 38
3 10 56
3 11 33
3 12 54
3 13 46
3 14 41
3 15 74
3 16 30
3 17 39
3 18 28
3 19 29
3 20 58
3 21 57
3 22 21
3 23 40
3 24 48
3 25 36
3 26 32
3 27 65
3 28 53
3 29 36
3 30 44
3 31 41
3 32 26
3 33 43
3 34 68
3 35 50
3 36 31
3 37 27
3 38 51
3 39 42
3 40 43
3 41 66
3 42 52
3 43 28
3 44 39
3 45 25
4 0 38
4 1 57
4 2 52
4 3 56
4 4 99
4 5 64
4 6 41
4 7 50
4 8 54
4 9 37
4 10 64
4 11 51
4 12 55
4 13 54
4 14 37
4 15 53
4 16 30
4 17 40
4 18 46
4 19 43
4 20 33
4 21 39
4 22 14
4 23 53
4 24 46
4 25 27
4 26 37
4 27 63
4 28 52
4 29 42
4 30 47
4 31 54
4 32 42
4 33 77
4 34 43
4 35 76
4 36 47
4 37 42
4 38 67
4 39 63
4 40 60
4 41 60
4 42 62
4 43 48
4 44 50
4 45 40
5 0 39
5 1 68
5 2 66
5 3 42
5 4 64
5 5 100
5 6 34
5 7 32
5 8 55
5 9 30
5 10 67
5 11 54
5 12 49
5 13 49
5 14 29
5 15 43
5 16 25
5 17 37
5 18 41
5 19 38
5 20 27
5 21 36
5 22 16
5 23 48
5 24 45
5 25 28
5 26 37
5 27 59
5 28 46
5 29 37
5 30 50
5 31 58
5 32 31
5 33 67
5 34 34
5 35 65
5 36 43
5 37 45
5 38 51
5 39 58
5 40 57
5 41 45
5 42 54
5 43 45
5 44 47
5 45 24
6 0 63
6 1 52
6 2 36
6 3 30
6 4 41
6 5 34
6 6 99
6 7 30
6 8 63
6 9 56
6 10 49
6 11 34
6 12 57
6 13 48
6 14 43
6 15 43
6 16 50
6 17 59
6 18 45
6 19 45
6 20 40
6 21 50
6 22 20
6 23 58
6 24 32
6 25 33
6 26 30
6 27 53
6 28 52
6 29 46
6 30 40
6 31 34
6 32 26
6 33 61
6 34 22
6 35 40
6 36 60
6 37 25
6 38 28
6 39 61
6 40 62
6 41 35
6 42 55
6 43 76
6 44 62
6 45 49
7 0 20
7 1 28
7 2 35
7 3 56
7 4 50
7 5 32
7 6 30
7 7 100
7 8 36
7 9 33
7 10 48
7 11 27
7 12 52
7 13 59
7 14 32
7 15 59
7 16 28
7 17 37
7 18 30
7 19 31
7 20 30
7 21 31
7 22 19
7 23 39
7 24 37
7 25 32
7 26 35
7 27 42
7 28 37
7 29 31
7 30 39
7 31 36
7 32 32
7 33 33
7 34 42
7 35 52
7 36 31
7 37 22
7 38 65
7 39 35
7 40 33
7 41 41
7 42 49
7 43 26
7 44 31
7 45 37
8 0 58
8 1 53
8 2 54
8 3 41
8 4 54
8 5 55
8 6 63
8 7 36
8 8 99
8 9 67
8 10 63
8 11 48
8 12 64
8 13 59
8 14 42
8 15 51
8 16 42
8 17 60
8 18 54
8 19 53
8 20 43
8 21 52
8 22 22
8 23 65
8 24 48
8 25 38
8 26 39
8 27 64
8 28 59
8 29 56
8 30 53
8 31 54
8 32 33
8 33 65
8 34 30
8 35 56
8 36 55
8 37 55
8 38 42
8 39 61
8 40 56
8 41 48
8 42 55
8 43 53
8 44 55
8 45 37
9 0 38
9 1 43
9 2 31
9 3 38
9 4 37
9 5 30
9 6 56
9 7 33
9 8 67
9 9 99
9 10 49
9 11 28
9 12 62
9 13 45
9 14 46
9 15 51
9 16 59
9 17 74
9 18 67
9 19 67
9 20 52
9 21 56
9 22 34
9 23 61
9 24 32
9 25 48
9 26 27
9 27 49
9 28 56
9 29 54
9 30 44
9 31 35
9 32 23
9 33 40
9 34 34
9 35 40
9 36 39
9 37 33
9 38 24
9 39 44
9 40 42
9 41 40
9 42 40
9 43 42
9 44 35
9 45 47
10 0 39
10 1 66
10 2 47
10 3 56
10 4 64
10 5 67
10 6 49
10 7 48
10 8 63
10 9 49
10 10 99
10 11 60
10 12 58
10 13 61
10 14 36
10 15 57
10 16 42
10 17 54
10 18 46
10 19 47
10 20 40
10 21 50
10 22 26
10 23 66
10 24 56
10 25 49
10 26 43
10 27 71
10 28 60
10 29 68
10 30 64
10 31 56
10 32 40
10 33 60
10 34 43
10 35 61
10 36 43
10 37 45
10 38 54
10 39 61
10 40 51
10 41 50
10 42 51
10 43 48
10 44 46
10 45 40
11 0 31
11 1 50
11 2 48
11 3 33
11 4 51
11 5 54
11 6 34
11 7 27
11 8 48
11 9 28
11 10 60
11 11 99
11 12 41
11 13 48
11 14 26
11 15 38
11 16 17
11 17 32
11 18 30
11 19 26
11 20 19
11 21 28
11 22 4
11 23 50
11 24 47
11 25 28
11 26 45
11 27 52
11 28 38
11 29 39
11 30 45
11 31 51
11 32 20
11 33 54
11 34 21
11 35 53
11 36 38
11 37 51
11 38 40
11 39 45
11 40 39
11 41 31
11 42 41
11 43 38
11 44 34
11 45 24
12 0 37
12 1 50
12 2 48
12 3 54
12 4 55
12 5 49
12 6 57
12 7 52
12 8 64
12 9 62
12 10 58
12 11 41
12 12 99
12 13 60
12 14 49
12 15 65
12 16 51
12 17 79
12 18 54
12 19 61
12 20 50
12 21 63
12 22 35
12 23 66
12 24 47
12 25 54
12 26 45
12 27 62
12 28 58
12 29 49
12 30 51
12 31 46
12 32 27
12 33 50
12 34 39
12 35 53
12 36 40
12 37 38
12 38 53
12 39 54
12 40 55
12 41 46
12 42 46
12 43 44
12 44 46
12 45 51
13 0 37
13 1 40
13 2 60
13 3 46
13 4 54
13 5 49
13 6 48
13 7 59
13 8 59
13 9 45
13 10 61
13 11 48
13 12 60
13 13 100
13 14 38
13 15 60
13 16 38
13 17 50
13 18 38
13 19 37
13 20 34
13 21 44
13 22 21
13 23 58
13 24 43
13 25 38
13 26 51
13 27 56
13 28 51
13 29 44
13 30 50
13 31 51
13 32 43
13 33 48
13 34 29
13 35 65
13 36 50
13 37 35
13 38 44
13 39 50
13 40 48
13 41 39
13 42 48
13 43 43
13 44 46
13 45 34
14 0 34
14 1 46
14 2 29
14 3 41
14 4 37
14 5 29
14 6 43
14 7 32
14 8 42
14 9 46
14 10 36
14 11 26
14 12 49
14 13 38
14 14 99
14 15 40
14 16 28
14 17 38
14 18 32
14 19 36
14 20 49
14 21 53
14 22 12
14 23 37
14 24 38
14 25 36
14 26 36
14 27 45
14 28 36
14 29 33
14 30 31
14 31 32
14 32 26
14 33 39
14 34 31
14 35 36
14 36 28
14 37 29
14 38 31
14 39 38
14 40 38
14 41 35
14 42 34
14 43 33
14 44 27
14 45 47
15 0 25
15 1 37
15 2 41
15 3 74
15 4 53
15 5 43
15 6 43
15 7 59
15 8 51
15 9 51
15 10 57
15 11 38
15 12 65
15 13 60
15 14 40
15 15 100
15 16 39
15 17 58
15 18 43
15 19 40
15 20 44
15 21 50
15 22 27
15 23 50
15 24 43
15 25 45
15 26 46
15 27 59
15 28 55
15 29 41
15 30 48
15 31 40
15 32 28
15 33 44
15 34 52
15 35 55
15 36 36
15 37 30
15 38 47
15 39 43
15 40 46
15 41 57
15 42 51
15 43 35
15 44 38
15 45 28
16 0 19
16 1 37
16 2 24
16 3 30
16 4 30
16 5 25
16 6 50
16 7 28
16 8 42
16 9 59
16 10 42
16 11 17
16 12 51
16 13 38
16 14 28
16 15 39
16 16 100
16 17 63
16 18 51
16 19 61
16 20 51
16 21 48
16 22 44
16 23 50
16 24 28
16 25 44
16 26 27
16 27 48
16 28 48
16 29 43
16 30 34
16 31 19
16 32 27
16 33 27
16 34 31
16 35 30
16 36 32
16 37 12
16 38 23
16 39 33
16 40 27
16 41 31
16 42 26
16 43 38
16 44 27
16 45 44
17 0 36
17 1 45
17 2 32
17 3 39
17 4 40
17 5 37
17 6 59
17 7 37
17 8 60
17 9 74
17 10 54
17 11 32
17 12 79
17 13 50
17 14 38
17 15 58
17 16 63
17 17 100
17 18 62
17 19 66
17 20 47
17 21 60
17 22 41
17 23 65
17 24 33
17 25 52
17 26 32
17 27 50
17 28 54
17 29 51
17 30 47
17 31 39
17 32 21
17 33 40
17 34 33
17 35 40
17 36 38
17 37 29
17 38 29
17 39 45
17 40 42
17 41 34
17 42 42
17 43 42
17 44 35
17 45 41
18 0 41
18 1 52
18 2 30
18 3 28
18 4 46
18 5 41
18 6 45
18 7 30
18 8 54
18 9 67
18 10 46
18 11 30
18 12 54
18 13 38
18 14 32
18 15 43
18 16 51
18 17 62
18 18 100
18 19 83
18 20 39
18 21 43
18 22 37
18 23 59
18 24 27
18 25 29
18 26 23
18 27 38
18 28 43
18 29 36
18 30 33
18 31 34
18 32 19
18 33 48
18 34 22
18 35 46
18 36 38
18 37 26
18 38 30
18 39 51
18 40 46
18 41 31
18 42 45
18 43 49
18 44 36
18 45 40
19 0 37
19 1 55
19 2 25
19 3 29
19 4 43
19 5 38
19 6 45
19 7 31
19 8 53
19 9 67
19 10 47
19 11 26
19 12 61
19 13 37
19 14 36
19 15 40
19 16 61
19 17 66
19 18 83
19 19 100
19 20 48
19 21 54
19 22 46
19 23 56
19 24 33
19 25 36
19 26 23
19 27 43
19 28 45
19 29 43
19 30 35
19 31 33
19 32 19
19 33 42
19 34 23
19 35 45
19 36 34
19 37 27
19 38 30
19 39 49
19 40 48
19 41 31
19 42 40
19 43 50
19 44 33
19 45 51
20 0 21
20 1 34
20 2 19
20 3 58
20 4 33
20 5 27
20 6 40
20 7 30
20 8 43
20 9 52
20 10 40
20 11 19
20 12 50
20 13 34
20 14 49
20 15 44
20 16 51
20 17 47
20 18 39
20 19 48
20 20 100
20 21 76
20 22 36
20 23 49
20 24 41
20 25 44
20 26 24
20 27 56
20 28 57
20 29 44
20 30 39
20 31 25
20 32 18
20 33 29
20 34 32
20 35 29
20 36 24
20 37 13
20 38 24
20 39 30
20 40 30
20 41 39
20 42 31
20 43 30
20 44 28
20 45 32
21 0 32
21 1 46
21 2 27
21 3 57
21 4 39
21 5 36
21 6 50
21 7 31
21 8 52
21 9 56
21 10 50
21 11 28
21 12 63
21 13 44
21 14 53
21 15 50
21 16 48
21 17 60
21 18 43
21 19 54
21 20 76
21 21 100
21 22 33
21 23 56
21 24 41
21 25 48
21 26 31
21 27 59
21 28 59
21 29 50
21 30 47
21 31 37
21 32 21
21 33 39
21 34 34
21 35 37
21 36 32
21 37 24
21 38 34
21 39 42
21 40 45
21 41 42
21 42 37
21 43 41
21 44 35
21 45 40
22 0 8
22 1 19
22 2 14
22 3 21
22 4 14
22 5 16
22 6 20
22 7 19
22 8 22
22 9 34
22 10 26
22 11 4
22 12 35
22 13 21
22 14 12
22 15 27
22 16 44
22 17 41
22 18 37
22 19 46
22 20 36
22 21 33
22 22 100
22 23 37
22 24 22
22 25 43
22 26 14
22 27 31
22 28 30
22 29 25
22 30 26
22 31 11
22 32 12
22 33 12
22 34 20
22 35 17
22 36 10
22 37 6
22 38 13
22 39 19
22 40 22
22 41 16
22 42 16
22 43 20
22 44 14
22 45 28
23 0 44
23 1 51
23 2 47
23 3 40
23 4 53
23 5 48
23 6 58
23 7 39
23 8 65
23 9 61
23 10 66
23 11 50
23 12 66
23 13 58
23 14 37
23 15 50
23 16 50
23 17 65
23 18 59
23 19 56
23 20 49
23 21 56
23 22 37
23 23 100
23 24 46
23 25 47
23 26 41
23 27 63
23 28 62
23 29 56
23 30 56
23 31 50
23 32 23
23 33 54
23 34 29
23 35 52
23 36 51
23 37 51
23 38 42
23 39 52
23 40 45
23 41 40
23 42 44
23 43 50
23 44 43
23 45 46
24 0 23
24 1 44
24 2 36
24 3 48
24 4 46
24 5 45
24 6 32
24 7 37
24 8 48
24 9 32
24 10 56
24 11 47
24 12 47
24 13 43
24 14 38
24 15 43
24 16 28
24 17 33
24 18 27
24 19 33
24 20 41
24 21 41
24 22 22
24 23 46
24 24 100
24 25 43
24 26 49
24 27 66
24 28 55
24 29 40
24 30 53
24 31 41
24 32 28
24 33 40
24 34 42
24 35 48
24 36 37
24 37 40
24 38 42
24 39 39
24 40 33
24 41 57
24 42 30
24 43 28
24 44 44
24 45 25
25 0 11
25 1 29
25 2 22
25 3 36
25 4 27
25 5 28
25 6 33
25 7 32
25 8 38
25 9 48
25 10 49
25 11 28
25 12 54
25 13 38
25 14 36
25 15 45
25 16 44
25 17 52
25 18 29
25 19 36
25 20 44
25 21 48
25 22 43
25 23 47
25 24 43
25 25 100
25 26 43
25 27 48
25 28 48
25 29 45
25 30 50
25 31 28
25 32 26
25 33 19
25 34 33
25 35 26
25 36 21
25 37 26
25 38 29
25 39 24
25 40 25
25 41 32
25 42 19
25 43 18
25 44 21
25 45 31
26 0 23
26 1 28
26 2 37
26 3 32
26 4 37
26 5 37
26 6 30
26 7 35
26 8 39
26 9 27
26 10 43
26 11 45
26 12 45
26 13 51
26 14 36
26 15 46
26 16 27
26 17 32
26 18 23
26 19 23
26 20 24
26 21 31
26 22 14
26 23 41
26 24 49
26 25 43
26 26 99
26 27 49
26 28 39
26 29 33
26 30 46
26 31 37
26 32 21
26 33 32
26 34 31
26 35 42
26 36 28
26 37 35
26 38 45
26 39 36
26 40 30
26 41 36
26 42 26
26 43 22
26 44 23
26 45 21
27 0 36
27 1 56
27 2 50
27 3 65
27 4 63
27 5 59
27 6 53
27 7 42
27 8 64
27 9 49
27 10 71
27 11 52
27 12 62
27 13 56
27 14 45
27 15 59
27 16 48
27 17 50
27 18 38
27 19 43
27 20 56
27 21 59
27 22 31
27 23 63
27 24 66
27 25 48
27 26 49
27 27 100
27 28 70
27 29 58
27 30 57
27 31 54
27 32 40
27 33 61
27 34 56
27 35 56
27 36 48
27 37 49
27 38 52
27 39 55
27 40 50
27 41 71
27 42 49
27 43 47
27 44 55
27 45 44
28 0 30
28 1 43
28 2 37
28 3 53
28 4 52
28 5 46
28 6 52
28 7 37
28 8 59
28 9 56
28 10 60
28 11 38
28 12 58
28 13 51
28 14 36
28 15 55
28 16 48
28 17 54
28 18 43
28 19 45
28 20 57
28 21 59
28 22 30
28 23 62
28 24 55
28 25 48
28 26 39
28 27 70
28 28 100
28 29 52
28 30 52
28 31 35
28 32 26
28 33 50
28 34 35
28 35 48
28 36 37
28 37 34
28 38 36
28 39 38
28 40 40
28 41 64
28 42 41
28 43 39
28 44 51
28 45 31
29 0 30
29 1 42
29 2 28
29 3 36
29 4 42
29 5 37
29 6 46
29 7 31
29 8 56
29 9 54
29 10 68
29 11 39
29 12 49
29 13 44
29 14 33
29 15 41
29 16 43
29 17 51
29 18 36
29 19 43
29 20 44
29 21 50
29 22 25
29 23 56
29 24 40
29 25 45
29 26 33
29 27 58
29 28 52
29 29 99
29 30 60
29 31 38
29 32 24
29 33 41
29 34 25
29 35 38
29 36 30
29 37 33
29 38 38
29 39 45
29 40 34
29 41 32
29 42 30
29 43 36
29 44 31
29 45 38
30 0 23
30 1 47
30 2 37
30 3 44
30 4 47
30 5 50
30 6 40
30 7 39
30 8 53
30 9 44
30 10 64
30 11 45
30 12 51
30 13 50
30 14 31
30 15 48
30 16 34
30 17 47
30 18 33
30 19 35
30 20 39
30 21 47
30 22 26
30 23 56
30 24 53
30 25 50
30 26 46
30 27 57
30 28 52
30 29 60
30 30 99
30 31 43
30 32 25
30 33 40
30 34 36
30 35 48
30 36 32
30 37 40
30 38 48
30 39 43
30 40 41
30 41 38
30 42 37
30 43 32
30 44 28
30 45 31
31 0 38
31 1 44
31 2 52
31 3 41
31 4 54
31 5 58
31 6 34
31 7 36
31 8 54
31 9 35
31 10 56
31 11 51
31 12 46
31 13 51
31 14 32
31 15 40
31 16 19
31 17 39
31 18 34
31 19 33
31 20 25
31 21 37
31 22 11
31 23 50
31 24 41
31 25 28
31 26 37
31 27 54
31 28 35
31 29 38
31 30 43
31 31 100
31 32 34
31 33 57
31 34 33
31 35 56
31 36 46
31 37 58
31 38 44
31 39 58
31 40 47
31 41 40
31 42 42
31 43 38
31 44 40
31 45 32
32 0 30
32 1 22
32 2 37
32 3 26
32 4 42
32 5 31
32 6 26
32 7 32
32 8 33
32 9 23
32 10 40
32 11 20
32 12 27
32 13 43
32 14 26
32 15 28
32 16 27
32 17 21
32 18 19
32 19 19
32 20 18
32 21 21
32 22 12
32 23 23
32 24 28
32 25 26
32 26 21
32 27 40
32 28 26
32 29 24
32 30 25
32 31 34
32 32 99
32 33 34
32 34 25
32 35 38
32 36 48
32 37 25
32 38 39
32 39 35
32 40 29
32 41 30
32 42 28
32 43 21
32 44 43
32 45 24
33 0 62
33 1 61
33 2 52
33 3 43
33 4 77
33 5 67
33 6 61
33 7 33
33 8 65
33 9 40
33 10 60
33 11 54
33 12 50
33 13 48
33 14 39
33 15 44
33 16 27
33 17 40
33 18 48
33 19 42
33 20 29
33 21 39
33 22 12
33 23 54
33 24 40
33 25 19
33 26 32
33 27 61
33 28 50
33 29 41
33 30 40
33 31 57
33 32 34
33 33 99
33 34 34
33 35 68
33 36 61
33 37 45
33 38 50
33 39 73
33 40 69
33 41 54
33 42 68
33 43 66
33 44 64
33 45 38
34 0 19
34 1 23
34 2 29
34 3 68
34 4 43
34 5 34
34 6 22
34 7 42
34 8 30
34 9 34
34 10 43
34 11 21
34 12 39
34 13 29
34 14 31
34 15 52
34 16 31
34 17 33
34 18 22
34 19 23
34 20 32
34 21 34
34 22 20
34 23 29
34 24 42
34 25 33
34 26 31
34 27 56
34 28 35
34 29 25
34 30 36
34 31 33
34 32 25
34 33 34
34 34 99
34 35 38
34 36 29
34 37 25
34 38 44
34 39 37
34 40 32
34 41 69
34 42 48
34 43 17
34 44 32
34 45 21
35 0 41
35 1 56
35 2 57
35 3 50
35 4 76
35 5 65
35 6 40
35 7 52
35 8 56
35 9 40
35 10 61
35 11 53
35 12 53
35 13 65
35 14 36
35 15 55
35 16 30
35 17 40
35 18 46
35 19 45
35 20 29
35 21 37
35 22 17
35 23 52
35 24 48
35 25 26
35 26 42
35 27 56
35 28 48
35 29 38
35 30 48
35 31 56
35 32 38
35 33 68
35 34 38
35 35 100
35 36 57
35 37 45
35 38 62
35 39 62
35 40 62
35 41 52
35 42 59
35 43 54
35 44 50
35 45 40
36 0 65
36 1 35
36 2 47
36 3 31
36 4 47
36 5 43
36 6 60
36 7 31
36 8 55
36 9 39
36 10 43
36 11 38
36 12 40
36 13 50
36 14 28
36 15 36
36 16 32
36 17 38
36 18 38
36 19 34
36 20 24
36 21 32
36 22 10
36 23 51
36 24 37
36 25 21
36 26 28
36 27 48
36 28 37
36 29 30
36 30 32
36 31 46
36 32 48
36 33 61
36 34 29
36 35 57
36 36 99
36 37 40
36 38 40
36 39 56
36 40 52
36 41 34
36 42 53
36 43 54
36 44 66
36 45 31
37 0 29
37 1 35
37 2 45
37 3 27
37 4 42
37 5 45
37 6 25
37 7 22
37 8 55
37 9 33
37 10 45
37 11 51
37 12 38
37 13 35
37 14 29
37 15 30
37 16 12
37 17 29
37 18 26
37 19 27
37 20 13
37 21 24
37 22 6
37 23 51
37 24 40
37 25 26
37 26 35
37 27 49
37 28 34
37 29 33
37 30 40
37 31 58
37 32 25
37 33 45
37 34 25
37 35 45
37 36 40
37 37 100
37 38 36
37 39 39
37 40 31
37 41 34
37 42 30
37 43 30
37 44 31
37 45 28
38 0 28
38 1 41
38 2 44
38 3 51
38 4 67
38 5 51
38 6 28
38 7 65
38 8 42
38 9 24
38 10 54
38 11 40
38 12 53
38 13 44
38 14 31
38 15 47
38 16 23
38 17 29
38 18 30
38 19 30
38 20 24
38 21 34
38 22 13
38 23 42
38 24 42
38 25 29
38 26 45
38 27 52
38 28 36
38 29 38
38 30 48
38 31 44
38 32 39
38 33 50
38 34 44
38 35 62
38 36 40
38 37 36
38 38 99
38 39 54
38 40 50
38 41 46
38 42 54
38 43 35
38 44 36
38 45 40
39 0 62
39 1 60
39 2 50
39 3 42
39 4 63
39 5 58
39 6 61
39 7 35
39 8 61
39 9 44
39 10 61
39 11 45
39 12 54
39 13 50
39 14 38
39 15 43
39 16 33
39 17 45
39 18 51
39 19 49
39 20 30
39 21 42
39 22 19
39 23 52
39 24 39
39 25 24
39 26 36
39 27 55
39 28 38
39 29 45
39 30 43
39 31 58
39 32 35
39 33 73
39 34 37
39 35 62
39 36 56
39 37 39
39 38 54
39 39 100
39 40 74
39 41 40
39 42 63
39 43 69
39 44 59
39 45 45
40 0 55
40 1 63
40 2 46
40 3 43
40 4 60
40 5 57
40 6 62
40 7 33
40 8 56
40 9 42
40 10 51
40 11 39
40 12 55
40 13 48
40 14 38
40 15 46
40 16 27
40 17 42
40 18 46
40 19 48
40 20 30
40 21 45
40 22 22
40 23 45
40 24 33
40 25 25
40 26 30
40 27 50
40 28 40
40 29 34
40 30 41
40 31 47
40 32 29
40 33 69
40 34 32
40 35 62
40 36 52
40 37 31
40 38 50
40 39 74
40 40 99
40 41 39
40 42 66
40 43 74
40 44 56
40 45 45
41 0 27
41 1 36
41 2 37
41 3 66
41 4 60
41 5 45
41 6 35
41 7 41
41 8 48
41 9 40
41 10 50
41 11 31
41 12 46
41 13 39
41 14 35
41 15 57
41 16 31
41 17 34
41 18 31
41 19 31
41 20 39
41 21 42
41 22 16
41 23 40
41 24 57
41 25 32
41 26 36
41 27 71
41 28 64
41 29 32
41 30 38
41 31 40
41 32 30
41 33 54
41 34 69
41 35 52
41 36 34
41 37 34
41 38 46
41 39 40
41 40 39
41 41 99
41 42 51
41 43 29
41 44 51
41 45 22
42 0 55
42 1 50
42 2 48
42 3 52
42 4 62
42 5 54
42 6 55
42 7 49
42 8 55
42 9 40
42 10 51
42 11 41
42 12 46
42 13 48
42 14 34
42 15 51
42 16 26
42 17 42
42 18 45
42 19 40
42 20 31
42 21 37
42 22 16
42 23 44
42 24 30
42 25 19
42 26 26
42 27 49
42 28 41
42 29 30
42 30 37
42 31 42
42 32 28
42 33 68
42 34 48
42 35 59
42 36 53
42 37 30
42 38 54
42 39 63
42 40 66
42 41 51
42 42 100
42 43 58
42 44 59
42 45 32
43 0 58
43 1 67
43 2 40
43 3 28
43 4 48
43 5 45
43 6 76
43 7 26
43 8 53
43 9 42
43 10 48
43 11 38
43 12 44
43 13 43
43 14 33
43 15 35
43 16 38
43 17 42
43 18 49
43 19 50
43 20 30
43 21 41
43 22 20
43 23 50
43 24 28
43 25 18
43 26 22
43 27 47
43 28 39
43 29 36
43 30 32
43 31 38
43 32 21
43 33 66
43 34 17
43 35 54
43 36 54
43 37 30
43 38 35
43 39 69
43 40 74
43 41 29
43 42 58
43 43 99
43 44 58
43 45 62
44 0 61
44 1 40
44 2 52
44 3 39
44 4 50
44 5 47
44 6 62
44 7 31
44 8 55
44 9 35
44 10 46
44 11 34
44 12 46
44 13 46
44 14 27
44 15 38
44 16 27
44 17 35
44 18 36
44 19 33
44 20 28
44 21 35
44 22 14
44 23 43
44 24 44
44 25 21
44 26 23
44 27 55
44 28 51
44 29 31
44 30 28
44 31 40
44 32 43
44 33 64
44 34 32
44 35 50
44 36 66
44 37 31
44 38 36
44 39 59
44 40 56
44 41 51
44 42 59
44 43 58
44 44 100
44 45 28
45 0 32
45 1 56
45 2 24
45 3 25
45 4 40
45 5 24
45 6 49
45 7 37
45 8 37
45 9 47
45 10 40
45 11 24
45 12 51
45 13 34
45 14 47
45 15 28
45 16 44
45 17 41
45 18 40
45 19 51
45 20 32
45 21 40
45 22 28
45 23 46
45 24 25
45 25 31
45 26 21
45 27 44
45 28 31
45 29 38
45 30 31
45 31 32
45 32 24
45 33 38
45 34 21
45 35 40
45 36 31
45 37 28
45 38 40
45 39 45
45 40 45
45 41 22
45 42 32
45 43 62
45 44 28
45 45 100
