0 0 99
0 1 63
0 2 62
0 3 55
0 4 70
0 5 78
0 6 61
0 7 50
0 8 61
0 9 83
0 10 55
0 11 56
0 12 31
0 13 50
0 14 58
0 15 53
0 16 27
0 17 30
0 18 66
0 19 56
0 20 64
0 21 62
0 22 47
0 23 71
0 24 57
0 25 53
0 26 32
0 27 55
0 28 64
1 0 63
1 1 99
1 2 49
1 3 54
1 4 63
1 5 66
1 6 40
1 7 45
1 8 46
1 9 57
1 10 43
1 11 46
1 12 32
1 13 45
1 14 46
1 15 29
1 16 26
1 17 20
1 18 52
1 19 46
1 20 57
1 21 53
1 22 44
1 23 73
1 24 62
1 25 53
1 26 34
1 27 60
1 28 61
2 0 62
2 1 49
2 2 99
2 3 50
2 4 52
2 5 60
2 6 45
2 7 47
2 8 73
2 9 50
2 10 45
2 11 52
2 12 38
2 13 51
2 14 51
2 15 41
2 16 32
2 17 29
2 18 47
2 19 46
2 20 49
2 21 53
2 22 53
2 23 60
2 24 52
2 25 53
2 26 37
2 27 47
2 28 49
3 0 55
3 1 54
3 2 50
3 3 100
3 4 60
3 5 66
3 6 47
3 7 61
3 8 44
3 9 45
3 10 41
3 11 74
3 12 47
3 13 65
3 14 71
3 15 51
3 16 31
3 17 32
3 18 42
3 19 52
3 20 57
3 21 56
3 22 43
3 23 50
3 24 46
3 25 46
3 26 40
3 27 67
3 28 49
4 0 70
4 1 63
4 2 52
4 3 60
4 4 99
4 5 75
4 6 54
4 7 55
4 8 58
4 9 64
4 10 47
4 11 61
4 12 34
4 13 55
4 14 63
4 15 55
4 16 38
4 17 30
4 18 76
4 19 59
4 20 82
4 21 67
4 22 47
4 23 65
4 24 54
4 25 54
4 26 30
4 27 67
4 28 61
5 0 78
5 1 66
5 2 60
5 3 66
5 4 75
5 5 100
5 6 56
5 7 60
5 8 62
5 9 71
5 10 49
5 11 68
5 12 37
5 13 64
5 14 63
5 15 54
5 16 38
5 17 39
5 18 62
5 19 60
5 20 72
5 21 72
5 22 51
5 23 73
5 24 64
5 25 60
5 26 39
5 27 64
5 28 62
6 0 61
6 1 40
6 2 45
6 3 47
6 4 54
6 5 56
6 6 100
6 7 61
6 8 57
6 9 54
6 10 63
6 11 57
6 12 38
6 13 39
6 14 48
6 15 35
6 16 22
6 17 25
6 18 38
6 19 41
6 20 64
6 21 51
6 22 53
6 23 47
6 24 53
6 25 44
6 26 40
6 27 48
6 28 63
7 0 50
7 1 45
7 2 47
7 3 61
7 4 55
7 5 60
7 6 61
7 7 100
7 8 53
7 9 33
7 10 50
7 11 59
7 12 46
7 13 46
7 14 54
7 15 30
7 16 39
7 17 33
7 18 36
7 19 42
7 20 68
7 21 60
7 22 37
7 23 52
7 24 51
7 25 52
7 26 54
7 27 52
7 28 61
8 0 61
8 1 46
8 2 73
8 3 44
8 4 58
8 5 62
8 6 57
8 7 53
8 8 100
8 9 52
8 10 57
8 11 47
8 12 36
8 13 50
8 14 55
8 15 40
8 16 34
8 17 32
8 18 57
8 19 51
8 20 60
8 21 64
8 22 54
8 23 58
8 24 52
8 25 51
8 26 41
8 27 51
8 28 55
9 0 83
9 1 57
9 2 50
9 3 45
9 4 64
9 5 71
9 6 54
9 7 33
9 8 52
9 9 100
9 10 47
9 11 48
9 12 21
9 13 39
9 14 49
9 15 53
9 16 20
9 17 24
9 18 62
9 19 47
9 20 50
9 21 52
9 22 42
9 23 61
9 24 49
9 25 44
9 26 19
9 27 47
9 28 47
10 0 55
10 1 43
10 2 45
10 3 41
10 4 47
10 5 49
10 6 63
10 7 50
10 8 57
10 9 47
10 10 100
10 11 37
10 12 25
10 13 36
10 14 46
10 15 31
10 16 30
10 17 21
10 18 45
10 19 39
10 20 46
10 21 43
10 22 42
10 23 46
10 24 39
10 25 43
10 26 30
10 27 45
10 28 53
11 0 56
11 1 46
11 2 52
11 3 74
11 4 61
11 5 68
11 6 57
11 7 59
11 8 47
11 9 48
11 10 37
11 11 100
11 12 62
11 13 68
11 14 70
11 15 54
11 16 47
11 17 51
11 18 42
11 19 49
11 20 58
11 21 57
11 22 47
11 23 54
11 24 62
11 25 51
11 26 57
11 27 59
11 28 53
12 0 31
12 1 32
12 2 38
12 3 47
12 4 34
12 5 37
12 6 38
12 7 46
12 8 36
12 9 21
12 10 25
12 11 62
12 12 100
12 13 40
12 14 57
12 15 36
12 16 32
12 17 38
12 18 23
12 19 27
12 20 32
12 21 33
12 22 32
12 23 42
12 24 52
12 25 45
12 26 68
12 27 46
12 28 39
13 0 50
13 1 45
13 2 51
13 3 65
13 4 55
13 5 64
13 6 39
13 7 46
13 8 50
13 9 39
13 10 36
13 11 68
13 12 40
13 13 99
13 14 62
13 15 46
13 16 31
13 17 39
13 18 43
13 19 65
13 20 53
13 21 54
13 22 44
13 23 49
13 24 50
13 25 46
13 26 31
13 27 56
13 28 44
14 0 58
14 1 46
14 2 51
14 3 71
14 4 63
14 5 63
14 6 48
14 7 54
14 8 55
14 9 49
14 10 46
14 11 70
14 12 57
14 13 62
14 14 99
14 15 71
14 16 29
14 17 32
14 18 52
14 19 46
14 20 53
14 21 54
14 22 39
14 23 52
14 24 52
14 25 50
14 26 49
14 27 66
14 28 55
15 0 53
15 1 29
15 2 41
15 3 51
15 4 55
15 5 54
15 6 35
15 7 30
15 8 40
15 9 53
15 10 31
15 11 54
15 12 36
15 13 46
15 14 71
15 15 100
15 16 23
15 17 22
15 18 50
15 19 34
15 20 37
15 21 45
15 22 27
15 23 42
15 24 36
15 25 33
15 26 25
15 27 45
15 28 35
16 0 27
16 1 26
16 2 32
16 3 31
16 4 38
16 5 38
16 6 22
16 7 39
16 8 34
16 9 20
16 10 30
16 11 47
16 12 32
16 13 31
16 14 29
16 15 23
16 16 100
16 17 56
16 18 26
16 19 27
16 20 34
16 21 34
16 22 16
16 23 38
16 24 32
16 25 34
16 26 36
16 27 33
16 28 31
17 0 30
17 1 20
17 2 29
17 3 32
17 4 30
17 5 39
17 6 25
17 7 33
17 8 32
17 9 24
17 10 21
17 11 51
17 12 38
17 13 39
17 14 32
17 15 22
17 16 56
17 17 99
17 18 23
17 19 30
17 20 28
17 21 34
17 22 22
17 23 41
17 24 41
17 25 41
17 26 42
17 27 30
17 28 28
18 0 66
18 1 52
18 2 47
18 3 42
18 4 76
18 5 62
18 6 38
18 7 36
18 8 57
18 9 62
18 10 45
18 11 42
18 12 23
18 13 43
18 14 52
18 15 50
18 16 26
18 17 23
18 18 100
18 19 45
18 20 55
18 21 55
18 22 32
18 23 58
18 24 41
18 25 45
18 26 21
18 27 49
18 28 51
19 0 56
19 1 46
19 2 46
19 3 52
19 4 59
19 5 60
19 6 41
19 7 42
19 8 51
19 9 47
19 10 39
19 11 49
19 12 27
19 13 65
19 14 46
19 15 34
19 16 27
19 17 30
19 18 45
19 19 100
19 20 60
19 21 52
19 22 53
19 23 48
19 24 45
19 25 46
19 26 26
19 27 48
19 28 44
20 0 64
20 1 57
20 2 49
20 3 57
20 4 82
20 5 72
20 6 64
20 7 68
20 8 60
20 9 50
20 10 46
20 11 58
20 12 32
20 13 53
20 14 53
20 15 37
20 16 34
20 17 28
20 18 55
20 19 60
20 20 99
20 21 70
20 22 47
20 23 59
20 24 52
20 25 48
20 26 37
20 27 58
20 28 62
21 0 62
21 1 53
21 2 53
21 3 56
21 4 67
21 5 72
21 6 51
21 7 60
21 8 64
21 9 52
21 10 43
21 11 57
21 12 33
21 13 54
21 14 54
21 15 45
21 16 34
21 17 34
21 18 55
21 19 52
21 20 70
21 21 99
21 22 47
21 23 60
21 24 52
21 25 51
21 26 41
21 27 56
21 28 57
22 0 47
22 1 44
22 2 53
22 3 43
22 4 47
22 5 51
22 6 53
22 7 37
22 8 54
22 9 42
22 10 42
22 11 47
22 12 32
22 13 44
22 14 39
22 15 27
22 16 16
22 17 22
22 18 32
22 19 53
22 20 47
22 21 47
22 22 99
22 23 47
22 24 49
22 25 38
22 26 26
22 27 42
22 28 45
23 0 71
23 1 73
23 2 60
23 3 50
23 4 65
23 5 73
23 6 47
23 7 52
23 8 58
23 9 61
23 10 46
23 11 54
23 12 42
23 13 49
23 14 52
23 15 42
23 16 38
23 17 41
23 18 58
23 19 48
23 20 59
23 21 60
23 22 47
23 23 100
23 24 75
23 25 72
23 26 48
23 27 60
23 28 65
24 0 57
24 1 62
24 2 52
24 3 46
24 4 54
24 5 64
24 6 53
24 7 51
24 8 52
24 9 49
24 10 39
24 11 62
24 12 52
24 13 50
24 14 52
24 15 36
24 16 32
24 17 41
24 18 41
24 19 45
24 20 52
24 21 52
24 22 49
24 23 75
24 24 100
24 25 63
24 26 61
24 27 55
24 28 62
25 0 53
25 1 53
25 2 53
25 3 46
25 4 54
25 5 60
25 6 44
25 7 52
25 8 51
25 9 44
25 10 43
25 11 51
25 12 45
25 13 46
25 14 50
25 15 33
25 16 34
25 17 41
25 18 45
25 19 46
25 20 48
25 21 51
25 22 38
25 23 72
25 24 63
25 25 100
25 26 53
25 27 53
25 28 64
26 0 32
26 1 34
26 2 37
26 3 40
26 4 30
26 5 39
26 6 40
26 7 54
26 8 41
26 9 19
26 10 30
26 11 57
26 12 68
26 13 31
26 14 49
26 15 25
26 16 36
26 17 42
26 18 21
26 19 26
26 20 37
26 21 41
26 22 26
26 23 48
26 24 61
26 25 53
26 26 99
26 27 36
26 28 47
27 0 55
27 1 60
27 2 47
27 3 67
27 4 67
27 5 64
27 6 48
27 7 52
27 8 51
27 9 47
27 10 45
27 11 59
27 12 46
27 13 56
27 14 66
27 15 45
27 16 33
27 17 30
27 18 49
27 19 48
27 20 58
27 21 56
27 22 42
27 23 60
27 24 55
27 25 53
27 26 36
27 27 99
27 28 58
28 0 64
28 1 61
28 2 49
28 3 49
28 4 61
28 5 62
28 6 63
28 7 61
28 8 55
28 9 47
28 10 53
28 11 53
28 12 39
28 13 44
28 14 55
28 15 35
28 16 31
28 17 28
28 18 51
28 19 44
28 20 62
28 21 57
28 22 45
28 23 65
28 24 62
28 25 64
28 26 47
28 27 58
28 28 100
