0 0 99
0 1 58
0 2 58
0 3 47
0 4 53
0 5 72
0 6 57
0 7 68
0 8 58
0 9 61
0 10 64
0 11 51
0 12 61
0 13 53
0 14 55
0 15 40
0 16 56
0 17 61
0 18 67
0 19 49
0 20 54
0 21 61
0 22 55
0 23 52
0 24 63
0 25 59
0 26 63
1 0 58
1 1 99
1 2 49
1 3 67
1 4 55
1 5 66
1 6 56
1 7 63
1 8 55
1 9 56
1 10 56
1 11 53
1 12 75
1 13 78
1 14 61
1 15 46
1 16 60
1 17 54
1 18 78
1 19 67
1 20 63
1 21 70
1 22 51
1 23 65
1 24 64
1 25 57
1 26 61
2 0 58
2 1 49
2 2 100
2 3 43
2 4 53
2 5 58
2 6 69
2 7 67
2 8 53
2 9 81
2 10 81
2 11 40
2 12 49
2 13 45
2 14 44
2 15 42
2 16 73
2 17 60
2 18 73
2 19 46
2 20 48
2 21 57
2 22 48
2 23 45
2 24 77
2 25 59
2 26 65
3 0 47
3 1 67
3 2 43
3 3 100
3 4 54
3 5 54
3 6 46
3 7 50
3 8 51
3 9 45
3 10 48
3 11 45
3 12 80
3 13 63
3 14 55
3 15 37
3 16 59
3 17 51
3 18 62
3 19 83
3 20 60
3 21 65
3 22 49
3 23 60
3 24 54
3 25 44
3 26 55
4 0 53
4 1 55
4 2 53
4 3 54
4 4 99
4 5 58
4 6 53
4 7 56
4 8 57
4 9 62
4 10 64
4 11 38
4 12 58
4 13 55
4 14 54
4 15 39
4 16 58
4 17 58
4 18 63
4 19 52
4 20 83
4 21 59
4 22 50
4 23 56
4 24 60
4 25 64
4 26 63
5 0 72
5 1 66
5 2 58
5 3 54
5 4 58
5 5 100
5 6 66
5 7 66
5 8 65
5 9 66
5 10 59
5 11 66
5 12 65
5 13 65
5 14 67
5 15 61
5 16 66
5 17 65
5 18 73
5 19 62
5 20 63
5 21 62
5 22 56
5 23 64
5 24 70
5 25 67
5 26 63
6 0 57
6 1 56
6 2 69
6 3 46
6 4 53
6 5 66
6 6 99
6 7 72
6 8 65
6 9 66
6 10 63
6 11 62
6 12 57
6 13 54
6 14 65
6 15 62
6 16 71
6 17 61
6 18 65
6 19 53
6 20 57
6 21 65
6 22 51
6 23 54
6 24 78
6 25 61
6 26 74
7 0 68
7 1 63
7 2 67
7 3 50
7 4 56
7 5 66
7 6 72
7 7 100
7 8 68
7 9 64
7 10 70
7 11 51
7 12 59
7 13 50
7 14 57
7 15 48
7 16 61
7 17 67
7 18 72
7 19 52
7 20 57
7 21 69
7 22 59
7 23 58
7 24 77
7 25 69
7 26 76
8 0 58
8 1 55
8 2 53
8 3 51
8 4 57
8 5 65
8 6 65
8 7 68
8 8 99
8 9 54
8 10 52
8 11 54
8 12 57
8 13 49
8 14 58
8 15 51
8 16 62
8 17 64
8 18 63
8 19 55
8 20 56
8 21 70
8 22 48
8 23 55
8 24 61
8 25 57
8 26 73
9 0 61
9 1 56
9 2 81
9 3 45
9 4 62
9 5 66
9 6 66
9 7 64
9 8 54
9 9 100
9 10 75
9 11 46
9 12 57
9 13 51
9 14 56
9 15 49
9 16 74
9 17 60
9 18 71
9 19 49
9 20 63
9 21 60
9 22 50
9 23 53
9 24 71
9 25 65
9 26 65
10 0 64
10 1 56
10 2 81
10 3 48
10 4 64
10 5 59
10 6 63
10 7 70
10 8 52
10 9 75
10 10 100
10 11 44
10 12 57
10 13 48
10 14 50
10 15 41
10 16 61
10 17 61
10 18 71
10 19 49
10 20 60
10 21 56
10 22 54
10 23 53
10 24 77
10 25 64
10 26 65
11 0 51
11 1 53
11 2 40
11 3 45
11 4 38
11 5 66
11 6 62
11 7 51
11 8 54
11 9 46
11 10 44
11 11 100
11 12 58
11 13 55
11 14 64
11 15 52
11 16 53
11 17 53
11 18 53
11 19 54
11 20 52
11 21 56
11 22 40
11 23 55
11 24 60
11 25 49
11 26 50
12 0 61
12 1 75
12 2 49
12 3 80
12 4 58
12 5 65
12 6 57
12 7 59
12 8 57
12 9 57
12 10 57
12 11 58
12 12 100
12 13 74
12 14 65
12 15 45
12 16 65
12 17 56
12 18 65
12 19 75
12 20 67
12 21 69
12 22 56
12 23 67
12 24 60
12 25 55
12 26 61
13 0 53
13 1 78
13 2 45
13 3 63
13 4 55
13 5 65
13 6 54
13 7 50
13 8 49
13 9 51
13 10 48
13 11 55
13 12 74
13 13 100
13 14 66
13 15 41
13 16 58
13 17 53
13 18 62
13 19 62
13 20 63
13 21 58
13 22 43
13 23 57
13 24 59
13 25 50
13 26 50
14 0 55
14 1 61
14 2 44
14 3 55
14 4 54
14 5 67
14 6 65
14 7 57
14 8 58
14 9 56
14 10 50
14 11 64
14 12 65
14 13 66
14 14 100
14 15 56
14 16 60
14 17 59
14 18 62
14 19 59
14 20 63
14 21 68
14 22 53
14 23 65
14 24 63
14 25 54
14 26 60
15 0 40
15 1 46
15 2 42
15 3 37
15 4 39
15 5 61
15 6 62
15 7 48
15 8 51
15 9 49
15 10 41
15 11 52
15 12 45
15 13 41
15 14 56
15 15 100
15 16 50
15 17 35
15 18 48
15 19 54
15 20 47
15 21 44
15 22 37
15 23 47
15 24 53
15 25 45
15 26 47
16 0 56
16 1 60
16 2 73
16 3 59
16 4 58
16 5 66
16 6 71
16 7 61
16 8 62
16 9 74
16 10 61
16 11 53
16 12 65
16 13 58
16 14 60
16 15 50
16 16 100
16 17 60
16 18 69
16 19 62
16 20 65
16 21 66
16 22 49
16 23 63
16 24 70
16 25 60
16 26 66
17 0 61
17 1 54
17 2 60
17 3 51
17 4 58
17 5 65
17 6 61
17 7 67
17 8 64
17 9 60
17 10 61
17 11 53
17 12 56
17 13 53
17 14 59
17 15 35
17 16 60
17 17 99
17 18 63
17 19 50
17 20 61
17 21 63
17 22 47
17 23 52
17 24 68
17 25 58
17 26 62
18 0 67
18 1 78
18 2 73
18 3 62
18 4 63
18 5 73
18 6 65
18 7 72
18 8 63
18 9 71
18 10 71
18 11 53
18 12 65
18 13 62
18 14 62
18 15 48
18 16 69
18 17 63
18 18 99
18 19 63
18 20 63
18 21 72
18 22 58
18 23 66
18 24 81
18 25 65
18 26 69
19 0 49
19 1 67
19 2 46
19 3 83
19 4 52
19 5 62
19 6 53
19 7 52
19 8 55
19 9 49
19 10 49
19 11 54
19 12 75
19 13 62
19 14 59
19 15 54
19 16 62
19 17 50
19 18 63
19 19 99
19 20 58
19 21 65
19 22 49
19 23 65
19 24 57
19 25 47
19 26 53
20 0 54
20 1 63
20 2 48
20 3 60
20 4 83
20 5 63
20 6 57
20 7 57
20 8 56
20 9 63
20 10 60
20 11 52
20 12 67
20 13 63
20 14 63
20 15 47
20 16 65
20 17 61
20 18 63
20 19 58
20 20 100
20 21 67
20 22 51
20 23 70
20 24 62
20 25 61
20 26 62
21 0 61
21 1 70
21 2 57
21 3 65
21 4 59
21 5 62
21 6 65
21 7 69
21 8 70
21 9 60
21 10 56
21 11 56
21 12 69
21 13 58
21 14 68
21 15 44
21 16 66
21 17 63
21 18 72
21 19 65
21 20 67
21 21 99
21 22 59
21 23 72
21 24 70
21 25 55
21 26 76
22 0 55
22 1 51
22 2 48
22 3 49
22 4 50
22 5 56
22 6 51
22 7 59
22 8 48
22 9 50
22 10 54
22 11 40
22 12 56
22 13 43
22 14 53
22 15 37
22 16 49
22 17 47
22 18 58
22 19 49
22 20 51
22 21 59
22 22 99
22 23 68
22 24 57
22 25 45
22 26 54
23 0 52
23 1 65
23 2 45
23 3 60
23 4 56
23 5 64
23 6 54
23 7 58
23 8 55
23 9 53
23 10 53
23 11 55
23 12 67
23 13 57
23 14 65
23 15 47
23 16 63
23 17 52
23 18 66
23 19 65
23 20 70
23 21 72
23 22 68
23 23 99
23 24 63
23 25 51
23 26 59
24 0 63
24 1 64
24 2 77
24 3 54
24 4 60
24 5 70
24 6 78
24 7 77
24 8 61
24 9 71
24 10 77
24 11 60
24 12 60
24 13 59
24 14 63
24 15 53
24 16 70
24 17 68
24 18 81
24 19 57
24 20 62
24 21 70
24 22 57
24 23 63
24 24 100
24 25 68
24 26 75
25 0 59
25 1 57
25 2 59
25 3 44
25 4 64
25 5 67
25 6 61
25 7 69
25 8 57
25 9 65
25 10 64
25 11 49
25 12 55
25 13 50
25 14 54
25 15 45
25 16 60
25 17 58
25 18 65
25 19 47
25 20 61
25 21 55
25 22 45
25 23 51
25 24 68
25 25 99
25 26 71
26 0 63
26 1 61
26 2 65
26 3 55
26 4 63
26 5 63
26 6 74
26 7 76
26 8 73
26 9 65
26 10 65
26 11 50
26 12 61
26 13 50
26 14 60
26 15 47
26 16 66
26 17 62
26 18 69
26 19 53
26 20 62
26 21 76
26 22 54
26 23 59
26 24 75
26 25 71
26 26 100
