0 0 100
0 1 55
0 2 56
0 3 56
0 4 48
0 5 47
0 6 86
0 7 68
0 8 47
0 9 51
0 10 54
0 11 57
0 12 58
0 13 63
0 14 48
0 15 42
0 16 40
0 17 50
0 18 64
0 19 51
0 20 44
0 21 61
0 22 57
0 23 48
0 24 74
0 25 55
0 26 61
0 27 55
0 28 69
0 29 31
0 30 45
0 31 40
0 32 44
0 33 44
0 34 24
1 0 55
1 1 100
1 2 36
1 3 43
1 4 53
1 5 40
1 6 54
1 7 59
1 8 42
1 9 38
1 10 34
1 11 35
1 12 40
1 13 64
1 14 40
1 15 42
1 16 37
1 17 38
1 18 57
1 19 51
1 20 46
1 21 83
1 22 63
1 23 57
1 24 52
1 25 40
1 26 53
1 27 41
1 28 56
1 29 42
1 30 37
1 31 33
1 32 46
1 33 43
1 34 23
2 0 56
2 1 36
2 2 99
2 3 37
2 4 33
2 5 39
2 6 49
2 7 40
2 8 29
2 9 31
2 10 50
2 11 71
2 12 53
2 13 43
2 14 22
2 15 30
2 16 21
2 17 34
2 18 35
2 19 32
2 20 28
2 21 38
2 22 26
2 23 46
2 24 64
2 25 53
2 26 38
2 27 44
2 28 60
2 29 30
2 30 37
2 31 45
2 32 31
2 33 32
2 34 21
3 0 56
3 1 43
3 2 37
3 3 99
3 4 57
3 5 39
3 6 60
3 7 60
3 8 29
3 9 45
3 10 39
3 11 46
3 12 86
3 13 47
3 14 32
3 15 29
3 16 39
3 17 44
3 18 42
3 19 40
3 20 40
3 21 54
3 22 48
3 23 43
3 24 64
3 25 61
3 26 63
3 27 45
3 28 49
3 29 28
3 30 41
3 31 47
3 32 52
3 33 56
3 34 31
4 0 48
4 1 53
4 2 33
4 3 57
4 4 99
4 5 57
4 6 58
4 7 60
4 8 26
4 9 44
4 10 42
4 11 41
4 12 56
4 13 52
4 14 41
4 15 29
4 16 41
4 17 40
4 18 38
4 19 37
4 20 41
4 21 65
4 22 51
4 23 51
4 24 53
4 25 79
4 26 56
4 27 42
4 28 55
4 29 47
4 30 49
4 31 42
4 32 56
4 33 59
4 34 30
5 0 47
5 1 40
5 2 39
5 3 39
5 4 57
5 5 99
5 6 53
5 7 60
5 8 44
5 9 43
5 10 57
5 11 62
5 12 36
5 13 44
5 14 40
5 15 39
5 16 35
5 17 38
5 18 38
5 19 43
5 20 49
5 21 44
5 22 42
5 23 61
5 24 54
5 25 44
5 26 52
5 27 42
5 28 49
5 29 64
5 30 58
5 31 52
5 32 48
5 33 47
5 34 26
6 0 86
6 1 54
6 2 49
6 3 60
6 4 58
6 5 53
6 6 100
6 7 75
6 8 36
6 9 57
6 10 53
6 11 57
6 12 62
6 13 59
6 14 57
6 15 41
6 16 54
6 17 57
6 18 61
6 19 52
6 20 47
6 21 67
6 22 66
6 23 49
6 24 66
6 25 62
6 26 67
6 27 58
6 28 75
6 29 42
6 30 53
6 31 41
6 32 53
6 33 55
6 34 33
7 0 68
7 1 59
7 2 40
7 3 60
7 4 60
7 5 60
7 6 75
7 7 99
7 8 52
7 9 50
7 10 50
7 11 55
7 12 56
7 13 56
7 14 44
7 15 42
7 16 42
7 17 52
7 18 54
7 19 47
7 20 54
7 21 72
7 22 68
7 23 59
7 24 64
7 25 59
7 26 72
7 27 56
7 28 69
7 29 49
7 30 54
7 31 47
7 32 53
7 33 66
7 34 35
8 0 47
8 1 42
8 2 29
8 3 29
8 4 26
8 5 44
8 6 36
8 7 52
8 8 99
8 9 28
8 10 43
8 11 36
8 12 27
8 13 48
8 14 33
8 15 48
8 16 26
8 17 29
8 18 51
8 19 49
8 20 52
8 21 42
8 22 34
8 23 53
8 24 43
8 25 24
8 26 42
8 27 35
8 28 38
8 29 39
8 30 44
8 31 30
8 32 35
8 33 19
8 34 16
9 0 51
9 1 38
9 2 31
9 3 45
9 4 44
9 5 43
9 6 57
9 7 50
9 8 28
9 9 99
9 10 38
9 11 43
9 12 43
9 13 48
9 14 49
9 15 36
9 16 47
9 17 51
9 18 50
9 19 45
9 20 41
9 21 54
9 22 48
9 23 44
9 24 49
9 25 39
9 26 53
9 27 47
9 28 48
9 29 34
9 30 43
9 31 22
9 32 39
9 33 41
9 34 31
10 0 54
10 1 34
10 2 50
10 3 39
10 4 42
10 5 57
10 6 53
10 7 50
10 8 43
10 9 38
10 10 99
10 11 66
10 12 48
10 13 37
10 14 31
10 15 34
10 16 33
10 17 34
10 18 40
10 19 32
10 20 46
10 21 38
10 22 35
10 23 53
10 24 58
10 25 49
10 26 48
10 27 56
10 28 56
10 29 40
10 30 59
10 31 45
10 32 45
10 33 43
10 34 21
11 0 57
11 1 35
11 2 71
11 3 46
11 4 41
11 5 62
11 6 57
11 7 55
11 8 36
11 9 43
11 10 66
11 11 100
11 12 56
11 13 43
11 14 31
11 15 36
11 16 34
11 17 37
11 18 40
11 19 36
11 20 40
11 21 40
11 22 33
11 23 49
11 24 71
11 25 51
11 26 55
11 27 52
11 28 61
11 29 36
11 30 52
11 31 46
11 32 42
11 33 43
11 34 18
12 0 58
12 1 40
12 2 53
12 3 86
12 4 56
12 5 36
12 6 62
12 7 56
12 8 27
12 9 43
12 10 48
12 11 56
12 12 99
12 13 44
12 14 30
12 15 30
12 16 36
12 17 45
12 18 40
12 19 31
12 20 37
12 21 53
12 22 43
12 23 39
12 24 59
12 25 70
12 26 58
12 27 56
12 28 57
12 29 29
12 30 43
12 31 45
12 32 53
12 33 57
12 34 33
13 0 63
13 1 64
13 2 43
13 3 47
13 4 52
13 5 44
13 6 59
13 7 56
13 8 48
13 9 48
13 10 37
13 11 43
13 12 44
13 13 99
13 14 65
13 15 57
13 16 54
13 17 49
13 18 66
13 19 73
13 20 54
13 21 70
13 22 59
13 23 64
13 24 56
13 25 43
13 26 53
13 27 46
13 28 59
13 29 42
13 30 46
13 31 34
13 32 57
13 33 37
13 34 28
14 0 48
14 1 40
14 2 22
14 3 32
14 4 41
14 5 40
14 6 57
14 7 44
14 8 33
14 9 49
14 10 31
14 11 31
14 12 30
14 13 65
14 14 99
14 15 52
14 16 67
14 17 63
14 18 52
14 19 66
14 20 47
14 21 53
14 22 55
14 23 51
14 24 34
14 25 25
14 26 39
14 27 49
14 28 42
14 29 43
14 30 47
14 31 25
14 32 47
14 33 29
14 34 26
15 0 42
15 1 42
15 2 30
15 3 29
15 4 29
15 5 39
15 6 41
15 7 42
15 8 48
15 9 36
15 10 34
15 11 36
15 12 30
15 13 57
15 14 52
15 15 99
15 16 45
15 17 52
15 18 54
15 19 64
15 20 52
15 21 47
15 22 37
15 23 57
15 24 38
15 25 24
15 26 41
15 27 42
15 28 40
15 29 40
15 30 43
15 31 29
15 32 40
15 33 19
15 34 19
16 0 40
16 1 37
16 2 21
16 3 39
16 4 41
16 5 35
16 6 54
16 7 42
16 8 26
16 9 47
16 10 33
16 11 34
16 12 36
16 13 54
16 14 67
16 15 45
16 16 100
16 17 64
16 18 47
16 19 68
16 20 43
16 21 55
16 22 53
16 23 44
16 24 32
16 25 36
16 26 47
16 27 48
16 28 46
16 29 43
16 30 48
16 31 27
16 32 59
16 33 33
16 34 25
17 0 50
17 1 38
17 2 34
17 3 44
17 4 40
17 5 38
17 6 57
17 7 52
17 8 29
17 9 51
17 10 34
17 11 37
17 12 45
17 13 49
17 14 63
17 15 52
17 16 64
17 17 99
17 18 50
17 19 57
17 20 46
17 21 56
17 22 49
17 23 43
17 24 41
17 25 41
17 26 47
17 27 54
17 28 49
17 29 42
17 30 51
17 31 33
17 32 45
17 33 40
17 34 29
18 0 64
18 1 57
18 2 35
18 3 42
18 4 38
18 5 38
18 6 61
18 7 54
18 8 51
18 9 50
18 10 40
18 11 40
18 12 40
18 13 66
18 14 52
18 15 54
18 16 47
18 17 50
18 18 100
18 19 67
18 20 59
18 21 61
18 22 55
18 23 60
18 24 51
18 25 34
18 26 54
18 27 46
18 28 53
18 29 38
18 30 52
18 31 37
18 32 44
18 33 28
18 34 21
19 0 51
19 1 51
19 2 32
19 3 40
19 4 37
19 5 43
19 6 52
19 7 47
19 8 49
19 9 45
19 10 32
19 11 36
19 12 31
19 13 73
19 14 66
19 15 64
19 16 68
19 17 57
19 18 67
19 19 99
19 20 58
19 21 56
19 22 57
19 23 62
19 24 48
19 25 27
19 26 49
19 27 43
19 28 49
19 29 47
19 30 48
19 31 32
19 32 51
19 33 25
19 34 21
20 0 44
20 1 46
20 2 28
20 3 40
20 4 41
20 5 49
20 6 47
20 7 54
20 8 52
20 9 41
20 10 46
20 11 40
20 12 37
20 13 54
20 14 47
20 15 52
20 16 43
20 17 46
20 18 59
20 19 58
20 20 100
20 21 54
20 22 47
20 23 68
20 24 42
20 25 35
20 26 48
20 27 51
20 28 50
20 29 40
20 30 54
20 31 34
20 32 45
20 33 35
20 34 24
21 0 61
21 1 83
21 2 38
21 3 54
21 4 65
21 5 44
21 6 67
21 7 72
21 8 42
21 9 54
21 10 38
21 11 40
21 12 53
21 13 70
21 14 53
21 15 47
21 16 55
21 17 56
21 18 61
21 19 56
21 20 54
21 21 100
21 22 70
21 23 59
21 24 53
21 25 56
21 26 67
21 27 52
21 28 61
21 29 44
21 30 49
21 31 37
21 32 57
21 33 60
21 34 32
22 0 57
22 1 63
22 2 26
22 3 48
22 4 51
22 5 42
22 6 66
22 7 68
22 8 34
22 9 48
22 10 35
22 11 33
22 12 43
22 13 59
22 14 55
22 15 37
22 16 53
22 17 49
22 18 55
22 19 57
22 20 47
22 21 70
22 22 100
22 23 52
22 24 47
22 25 42
22 26 61
22 27 47
22 28 58
22 29 46
22 30 45
22 31 33
22 32 52
22 33 52
22 34 39
23 0 48
23 1 57
23 2 46
23 3 43
23 4 51
23 5 61
23 6 49
23 7 59
23 8 53
23 9 44
23 10 53
23 11 49
23 12 39
23 13 64
23 14 51
23 15 57
23 16 44
23 17 43
23 18 60
23 19 62
23 20 68
23 21 59
23 22 52
23 23 100
23 24 56
23 25 47
23 26 53
23 27 51
23 28 58
23 29 63
23 30 61
23 31 52
23 32 58
23 33 45
23 34 29
24 0 74
24 1 52
24 2 64
24 3 64
24 4 53
24 5 54
24 6 66
24 7 64
24 8 43
24 9 49
24 10 58
24 11 71
24 12 59
24 13 56
24 14 34
24 15 38
24 16 32
24 17 41
24 18 51
24 19 48
24 20 42
24 21 53
24 22 47
24 23 56
24 24 99
24 25 59
24 26 61
24 27 52
24 28 69
24 29 36
24 30 45
24 31 47
24 32 44
24 33 48
24 34 21
25 0 55
25 1 40
25 2 53
25 3 61
25 4 79
25 5 44
25 6 62
25 7 59
25 8 24
25 9 39
25 10 49
25 11 51
25 12 70
25 13 43
25 14 25
25 15 24
25 16 36
25 17 41
25 18 34
25 19 27
25 20 35
25 21 56
25 22 42
25 23 47
25 24 59
25 25 100
25 26 58
25 27 50
25 28 61
25 29 36
25 30 48
25 31 50
25 32 56
25 33 65
25 34 29
26 0 61
26 1 53
26 2 38
26 3 63
26 4 56
26 5 52
26 6 67
26 7 72
26 8 42
26 9 53
26 10 48
26 11 55
26 12 58
26 13 53
26 14 39
26 15 41
26 16 47
26 17 47
26 18 54
26 19 49
26 20 48
26 21 67
26 22 61
26 23 53
26 24 61
26 25 58
26 26 100
26 27 50
26 28 62
26 29 41
26 30 54
26 31 46
26 32 52
26 33 60
26 34 30
27 0 55
27 1 41
27 2 44
27 3 45
27 4 42
27 5 42
27 6 58
27 7 56
27 8 35
27 9 47
27 10 56
27 11 52
27 12 56
27 13 46
27 14 49
27 15 42
27 16 48
27 17 54
27 18 46
27 19 43
27 20 51
27 21 52
27 22 47
27 23 51
27 24 52
27 25 50
27 26 50
27 27 100
27 28 55
27 29 38
27 30 50
27 31 40
27 32 45
27 33 48
27 34 31
28 0 69
28 1 56
28 2 60
28 3 49
28 4 55
28 5 49
28 6 75
28 7 69
28 8 38
28 9 48
28 10 56
28 11 61
28 12 57
28 13 59
28 14 42
28 15 40
28 16 46
28 17 49
28 18 53
28 19 49
28 20 50
28 21 61
28 22 58
28 23 58
28 24 69
28 25 61
28 26 62
28 27 55
28 28 99
28 29 47
28 30 55
28 31 46
28 32 53
28 33 52
28 34 30
29 0 31
29 1 42
29 2 30
29 3 28
29 4 47
29 5 64
29 6 42
29 7 49
29 8 39
29 9 34
29 10 40
29 11 36
29 12 29
29 13 42
29 14 43
29 15 40
29 16 43
29 17 42
29 18 38
29 19 47
29 20 40
29 21 44
29 22 46
29 23 63
29 24 36
29 25 36
29 26 41
29 27 38
29 28 47
29 29 99
29 30 51
29 31 47
29 32 56
29 33 37
29 34 27
30 0 45
30 1 37
30 2 37
30 3 41
30 4 49
30 5 58
30 6 53
30 7 54
30 8 44
30 9 43
30 10 59
30 11 52
30 12 43
30 13 46
30 14 47
30 15 43
30 16 48
30 17 51
30 18 52
30 19 48
30 20 54
30 21 49
30 22 45
30 23 61
30 24 45
30 25 48
30 26 54
30 27 50
30 28 55
30 29 51
30 30 100
30 31 53
30 32 52
30 33 39
30 34 24
31 0 40
31 1 33
31 2 45
31 3 47
31 4 42
31 5 52
31 6 41
31 7 47
31 8 30
31 9 22
31 10 45
31 11 46
31 12 45
31 13 34
31 14 25
31 15 29
31 16 27
31 17 33
31 18 37
31 19 32
31 20 34
31 21 37
31 22 33
31 23 52
31 24 47
31 25 50
31 26 46
31 27 40
31 28 46
31 29 47
31 30 53
31 31 99
31 32 46
31 33 46
31 34 27
32 0 44
32 1 46
32 2 31
32 3 52
32 4 56
32 5 48
32 6 53
32 7 53
32 8 35
32 9 39
32 10 45
32 11 42
32 12 53
32 13 57
32 14 47
32 15 40
32 16 59
32 17 45
32 18 44
32 19 51
32 20 45
32 21 57
32 22 52
32 23 58
32 24 44
32 25 56
32 26 52
32 27 45
32 28 53
32 29 56
32 30 52
32 31 46
32 32 100
32 33 52
32 34 33
33 0 44
33 1 43
33 2 32
33 3 56
33 4 59
33 5 47
33 6 55
33 7 66
33 8 19
33 9 41
33 10 43
33 11 43
33 12 57
33 13 37
33 14 29
33 15 19
33 16 33
33 17 40
33 18 28
33 19 25
33 20 35
33 21 60
33 22 52
33 23 45
33 24 48
33 25 65
33 26 60
33 27 48
33 28 52
33 29 37
33 30 39
33 31 46
33 32 52
33 33 99
33 34 37
34 0 24
34 1 23
34 2 21
34 3 31
34 4 30
34 5 26
34 6 33
34 7 35
34 8 16
34 9 31
34 10 21
34 11 18
34 12 33
34 13 28
34 14 26
34 15 19
34 16 25
34 17 29
34 18 21
34 19 21
34 20 24
34 21 32
34 22 39
34 23 29
34 24 21
34 25 29
34 26 30
34 27 31
34 28 30
34 29 27
34 30 24
34 31 27
34 32 33
34 33 37
34 34 100
