0 0 100
0 1 58
0 2 56
0 3 72
0 4 57
0 5 71
0 6 76
0 7 60
0 8 63
0 9 40
0 10 40
0 11 69
0 12 61
0 13 51
0 14 57
0 15 12
0 16 61
0 17 33
0 18 43
0 19 26
0 20 45
0 21 49
0 22 68
0 23 39
0 24 39
0 25 48
0 26 58
0 27 66
0 28 47
0 29 51
0 30 56
1 0 58
1 1 100
1 2 64
1 3 52
1 4 57
1 5 58
1 6 69
1 7 65
1 8 55
1 9 48
1 10 58
1 11 65
1 12 47
1 13 56
1 14 56
1 15 16
1 16 46
1 17 27
1 18 36
1 19 23
1 20 34
1 21 45
1 22 49
1 23 34
1 24 52
1 25 51
1 26 35
1 27 56
1 28 32
1 29 46
1 30 46
2 0 56
2 1 64
2 2 100
2 3 48
2 4 53
2 5 68
2 6 60
2 7 58
2 8 60
2 9 65
2 10 72
2 11 54
2 12 42
2 13 56
2 14 53
2 15 24
2 16 46
2 17 36
2 18 42
2 19 29
2 20 39
2 21 49
2 22 55
2 23 45
2 24 53
2 25 47
2 26 46
2 27 51
2 28 41
2 29 44
2 30 50
3 0 72
3 1 52
3 2 48
3 3 100
3 4 58
3 5 63
3 6 65
3 7 68
3 8 55
3 9 35
3 10 44
3 11 55
3 12 57
3 13 41
3 14 45
3 15 13
3 16 53
3 17 28
3 18 44
3 19 20
3 20 43
3 21 38
3 22 64
3 23 40
3 24 39
3 25 48
3 26 58
3 27 77
3 28 59
3 29 45
3 30 47
4 0 57
4 1 57
4 2 53
4 3 58
4 4 100
4 5 54
4 6 67
4 7 62
4 8 64
4 9 46
4 10 47
4 11 59
4 12 63
4 13 56
4 14 66
4 15 17
4 16 43
4 17 42
4 18 58
4 19 26
4 20 41
4 21 39
4 22 56
4 23 46
4 24 45
4 25 54
4 26 42
4 27 76
4 28 47
4 29 73
4 30 53
5 0 71
5 1 58
5 2 68
5 3 63
5 4 54
5 5 99
5 6 65
5 7 63
5 8 62
5 9 57
5 10 56
5 11 55
5 12 49
5 13 45
5 14 62
5 15 32
5 16 54
5 17 24
5 18 40
5 19 29
5 20 43
5 21 56
5 22 81
5 23 54
5 24 44
5 25 56
5 26 63
5 27 66
5 28 59
5 29 51
5 30 49
6 0 76
6 1 69
6 2 60
6 3 65
6 4 67
6 5 65
6 6 99
6 7 68
6 8 59
6 9 47
6 10 50
6 11 79
6 12 62
6 13 63
6 14 67
6 15 24
6 16 62
6 17 34
6 18 52
6 19 27
6 20 46
6 21 44
6 22 63
6 23 48
6 24 44
6 25 50
6 26 51
6 27 69
6 28 48
6 29 58
6 30 51
7 0 60
7 1 65
7 2 58
7 3 68
7 4 62
7 5 63
7 6 68
7 7 99
7 8 56
7 9 42
7 10 54
7 11 64
7 12 50
7 13 46
7 14 58
7 15 16
7 16 52
7 17 35
7 18 51
7 19 36
7 20 48
7 21 40
7 22 61
7 23 59
7 24 47
7 25 52
7 26 40
7 27 63
7 28 53
7 29 48
7 30 40
8 0 63
8 1 55
8 2 60
8 3 55
8 4 64
8 5 62
8 6 59
8 7 56
8 8 99
8 9 49
8 10 48
8 11 71
8 12 52
8 13 52
8 14 52
8 15 14
8 16 53
8 17 41
8 18 52
8 19 22
8 20 52
8 21 56
8 22 63
8 23 42
8 24 56
8 25 57
8 26 49
8 27 62
8 28 37
8 29 68
8 30 65
9 0 40
9 1 48
9 2 65
9 3 35
9 4 46
9 5 57
9 6 47
9 7 42
9 8 49
9 9 99
9 10 56
9 11 43
9 12 32
9 13 43
9 14 47
9 15 29
9 16 30
9 17 28
9 18 32
9 19 27
9 20 28
9 21 37
9 22 43
9 23 31
9 24 36
9 25 44
9 26 37
9 27 38
9 28 26
9 29 41
9 30 36
10 0 40
10 1 58
10 2 72
10 3 44
10 4 47
10 5 56
10 6 50
10 7 54
10 8 48
10 9 56
10 10 100
10 11 49
10 12 37
10 13 48
10 14 48
10 15 23
10 16 38
10 17 26
10 18 37
10 19 17
10 20 28
10 21 41
10 22 45
10 23 38
10 24 50
10 25 47
10 26 38
10 27 48
10 28 36
10 29 41
10 30 39
11 0 69
11 1 65
11 2 54
11 3 55
11 4 59
11 5 55
11 6 79
11 7 64
11 8 71
11 9 43
11 10 49
11 11 99
11 12 48
11 13 52
11 14 52
11 15 12
11 16 57
11 17 37
11 18 50
11 19 25
11 20 42
11 21 45
11 22 50
11 23 38
11 24 48
11 25 50
11 26 37
11 27 60
11 28 34
11 29 63
11 30 56
12 0 61
12 1 47
12 2 42
12 3 57
12 4 63
12 5 49
12 6 62
12 7 50
12 8 52
12 9 32
12 10 37
12 11 48
12 12 99
12 13 57
12 14 63
12 15 7
12 16 42
12 17 28
12 18 51
12 19 19
12 20 40
12 21 34
12 22 52
12 23 36
12 24 41
12 25 51
12 26 44
12 27 62
12 28 44
12 29 51
12 30 43
13 0 51
13 1 56
13 2 56
13 3 41
13 4 56
13 5 45
13 6 63
13 7 46
13 8 52
13 9 43
13 10 48
13 11 52
13 12 57
13 13 99
13 14 46
13 15 15
13 16 43
13 17 44
13 18 49
13 19 19
13 20 39
13 21 40
13 22 42
13 23 33
13 24 53
13 25 45
13 26 43
13 27 52
13 28 37
13 29 45
13 30 53
14 0 57
14 1 56
14 2 53
14 3 45
14 4 66
14 5 62
14 6 67
14 7 58
14 8 52
14 9 47
14 10 48
14 11 52
14 12 63
14 13 46
14 14 99
14 15 28
14 16 51
14 17 24
14 18 46
14 19 35
14 20 51
14 21 45
14 22 60
14 23 54
14 24 50
14 25 57
14 26 38
14 27 63
14 28 42
14 29 58
14 30 47
15 0 12
15 1 16
15 2 24
15 3 13
15 4 17
15 5 32
15 6 24
15 7 16
15 8 14
15 9 29
15 10 23
15 11 12
15 12 7
15 13 15
15 14 28
15 15 99
15 16 34
15 17 2
15 18 0
15 19 3
15 20 13
15 21 35
15 22 31
15 23 28
15 24 15
15 25 24
15 26 30
15 27 25
15 28 23
15 29 22
15 30 14
16 0 61
16 1 46
16 2 46
16 3 53
16 4 43
16 5 54
16 6 62
16 7 52
16 8 53
16 9 30
16 10 38
16 11 57
16 12 42
16 13 43
16 14 51
16 15 34
16 16 99
16 17 31
16 18 33
16 19 32
16 20 54
16 21 51
16 22 62
16 23 54
16 24 48
16 25 53
16 26 54
16 27 59
16 28 46
16 29 51
16 30 52
17 0 33
17 1 27
17 2 36
17 3 28
17 4 42
17 5 24
17 6 34
17 7 35
17 8 41
17 9 28
17 10 26
17 11 37
17 12 28
17 13 44
17 14 24
17 15 2
17 16 31
17 17 99
17 18 39
17 19 24
17 20 30
17 21 30
17 22 29
17 23 37
17 24 34
17 25 30
17 26 23
17 27 35
17 28 30
17 29 31
17 30 42
18 0 43
18 1 36
18 2 42
18 3 44
18 4 58
18 5 40
18 6 52
18 7 51
18 8 52
18 9 32
18 10 37
18 11 50
18 12 51
18 13 49
18 14 46
18 15 0
18 16 33
18 17 39
18 18 100
18 19 20
18 20 50
18 21 30
18 22 44
18 23 39
18 24 41
18 25 45
18 26 39
18 27 45
18 28 41
18 29 43
18 30 40
19 0 26
19 1 23
19 2 29
19 3 20
19 4 26
19 5 29
19 6 27
19 7 36
19 8 22
19 9 27
19 10 17
19 11 25
19 12 19
19 13 19
19 14 35
19 15 3
19 16 32
19 17 24
19 18 20
19 19 99
19 20 43
19 21 14
19 22 25
19 23 39
19 24 28
19 25 29
19 26 11
19 27 23
19 28 18
19 29 26
19 30 24
20 0 45
20 1 34
20 2 39
20 3 43
20 4 41
20 5 43
20 6 46
20 7 48
20 8 52
20 9 28
20 10 28
20 11 42
20 12 40
20 13 39
20 14 51
20 15 13
20 16 54
20 17 30
20 18 50
20 19 43
20 20 99
20 21 37
20 22 44
20 23 48
20 24 47
20 25 50
20 26 33
20 27 48
20 28 35
20 29 47
20 30 46
21 0 49
21 1 45
21 2 49
21 3 38
21 4 39
21 5 56
21 6 44
21 7 40
21 8 56
21 9 37
21 10 41
21 11 45
21 12 34
21 13 40
21 14 45
21 15 35
21 16 51
21 17 30
21 18 30
21 19 14
21 20 37
21 21 99
21 22 51
21 23 37
21 24 46
21 25 37
21 26 42
21 27 50
21 28 36
21 29 42
21 30 43
22 0 68
22 1 49
22 2 55
22 3 64
22 4 56
22 5 81
22 6 63
22 7 61
22 8 63
22 9 43
22 10 45
22 11 50
22 12 52
22 13 42
22 14 60
22 15 31
22 16 62
22 17 29
22 18 44
22 19 25
22 20 44
22 21 51
22 22 100
22 23 57
22 24 44
22 25 60
22 26 66
22 27 65
22 28 56
22 29 51
22 30 49
23 0 39
23 1 34
23 2 45
23 3 40
23 4 46
23 5 54
23 6 48
23 7 59
23 8 42
23 9 31
23 10 38
23 11 38
23 12 36
23 13 33
23 14 54
23 15 28
23 16 54
23 17 37
23 18 39
23 19 39
23 20 48
23 21 37
23 22 57
23 23 100
23 24 48
23 25 61
23 26 32
23 27 53
23 28 63
23 29 47
23 30 39
24 0 39
24 1 52
24 2 53
24 3 39
24 4 45
24 5 44
24 6 44
24 7 47
24 8 56
24 9 36
24 10 50
24 11 48
24 12 41
24 13 53
24 14 50
24 15 15
24 16 48
24 17 34
24 18 41
24 19 28
24 20 47
24 21 46
24 22 44
24 23 48
24 24 100
24 25 62
24 26 29
24 27 49
24 28 35
24 29 45
24 30 50
25 0 48
25 1 51
25 2 47
25 3 48
25 4 54
25 5 56
25 6 50
25 7 52
25 8 57
25 9 44
25 10 47
25 11 50
25 12 51
25 13 45
25 14 57
25 15 24
25 16 53
25 17 30
25 18 45
25 19 29
25 20 50
25 21 37
25 22 60
25 23 61
25 24 62
25 25 99
25 26 36
25 27 58
25 28 38
25 29 55
25 30 48
26 0 58
26 1 35
26 2 46
26 3 58
26 4 42
26 5 63
26 6 51
26 7 40
26 8 49
26 9 37
26 10 38
26 11 37
26 12 44
26 13 43
26 14 38
26 15 30
26 16 54
26 17 23
26 18 39
26 19 11
26 20 33
26 21 42
26 22 66
26 23 32
26 24 29
26 25 36
26 26 99
26 27 56
26 28 62
26 29 33
26 30 39
27 0 66
27 1 56
27 2 51
27 3 77
27 4 76
27 5 66
27 6 69
27 7 63
27 8 62
27 9 38
27 10 48
27 11 60
27 12 62
27 13 52
27 14 63
27 15 25
27 16 59
27 17 35
27 18 45
27 19 23
27 20 48
27 21 50
27 22 65
27 23 53
27 24 49
27 25 58
27 26 56
27 27 99
27 28 60
27 29 67
27 30 61
28 0 47
28 1 32
28 2 41
28 3 59
28 4 47
28 5 59
28 6 48
28 7 53
28 8 37
28 9 26
28 10 36
28 11 34
28 12 44
28 13 37
28 14 42
28 15 23
28 16 46
28 17 30
28 18 41
28 19 18
28 20 35
28 21 36
28 22 56
28 23 63
28 24 35
28 25 38
28 26 62
28 27 60
28 28 99
28 29 35
28 30 36
29 0 51
29 1 46
29 2 44
29 3 45
29 4 73
29 5 51
29 6 58
29 7 48
29 8 68
29 9 41
29 10 41
29 11 63
29 12 51
29 13 45
29 14 58
29 15 22
29 16 51
29 17 31
29 18 43
29 19 26
29 20 47
29 21 42
29 22 51
29 23 47
29 24 45
29 25 55
29 26 33
29 27 67
29 28 35
29 29 99
29 30 58
30 0 56
30 1 46
30 2 50
30 3 47
30 4 53
30 5 49
30 6 51
30 7 40
30 8 65
30 9 36
30 10 39
30 11 56
30 12 43
30 13 53
30 14 47
30 15 14
30 16 52
30 17 42
30 18 40
30 19 24
30 20 46
30 21 43
30 22 49
30 23 39
30 24 50
30 25 48
30 26 39
30 27 61
30 28 36
30 29 58
30 30 100
