0 0 100
0 1 52
0 2 60
0 3 35
0 4 55
0 5 49
0 6 94
0 7 48
0 8 60
0 9 65
0 10 60
0 11 53
0 12 45
0 13 52
0 14 35
0 15 54
0 16 55
0 17 51
0 18 62
0 19 48
0 20 56
0 21 52
0 22 66
0 23 60
0 24 51
0 25 62
0 26 54
0 27 62
0 28 45
1 0 52
1 1 99
1 2 40
1 3 40
1 4 28
1 5 33
1 6 51
1 7 43
1 8 40
1 9 71
1 10 83
1 11 31
1 12 36
1 13 46
1 14 24
1 15 49
1 16 59
1 17 25
1 18 38
1 19 36
1 20 31
1 21 32
1 22 58
1 23 54
1 24 43
1 25 45
1 26 40
1 27 59
1 28 47
2 0 60
2 1 40
2 2 99
2 3 43
2 4 53
2 5 42
2 6 60
2 7 49
2 8 56
2 9 57
2 10 39
2 11 83
2 12 49
2 13 42
2 14 34
2 15 47
2 16 43
2 17 54
2 18 47
2 19 35
2 20 72
2 21 44
2 22 49
2 23 46
2 24 46
2 25 55
2 26 50
2 27 42
2 28 39
3 0 35
3 1 40
3 2 43
3 3 99
3 4 35
3 5 31
3 6 36
3 7 53
3 8 39
3 9 43
3 10 39
3 11 28
3 12 57
3 13 37
3 14 26
3 15 37
3 16 44
3 17 36
3 18 30
3 19 34
3 20 37
3 21 44
3 22 49
3 23 42
3 24 34
3 25 42
3 26 38
3 27 44
3 28 32
4 0 55
4 1 28
4 2 53
4 3 35
4 4 100
4 5 44
4 6 58
4 7 53
4 8 80
4 9 53
4 10 42
4 11 54
4 12 48
4 13 42
4 14 36
4 15 44
4 16 49
4 17 81
4 18 57
4 19 50
4 20 59
4 21 61
4 22 53
4 23 35
4 24 48
4 25 63
4 26 56
4 27 33
4 28 31
5 0 49
5 1 33
5 2 42
5 3 31
5 4 44
5 5 100
5 6 51
5 7 44
5 8 52
5 9 46
5 10 38
5 11 38
5 12 37
5 13 49
5 14 42
5 15 52
5 16 56
5 17 49
5 18 42
5 19 41
5 20 42
5 21 55
5 22 38
5 23 46
5 24 71
5 25 50
5 26 48
5 27 45
5 28 49
6 0 94
6 1 51
6 2 60
6 3 36
6 4 58
6 5 51
6 6 100
6 7 51
6 8 63
6 9 66
6 10 59
6 11 54
6 12 43
6 13 54
6 14 35
6 15 56
6 16 55
6 17 55
6 18 56
6 19 49
6 20 57
6 21 51
6 22 64
6 23 59
6 24 52
6 25 64
6 26 56
6 27 62
6 28 47
7 0 48
7 1 43
7 2 49
7 3 53
7 4 53
7 5 44
7 6 51
7 7 99
7 8 50
7 9 62
7 10 51
7 11 46
7 12 74
7 13 58
7 14 55
7 15 56
7 16 51
7 17 49
7 18 47
7 19 47
7 20 53
7 21 65
7 22 47
7 23 48
7 24 51
7 25 50
7 26 51
7 27 52
7 28 46
8 0 60
8 1 40
8 2 56
8 3 39
8 4 80
8 5 52
8 6 63
8 7 50
8 8 100
8 9 54
8 10 46
8 11 53
8 12 45
8 13 47
8 14 39
8 15 55
8 16 60
8 17 70
8 18 59
8 19 49
8 20 50
8 21 55
8 22 60
8 23 49
8 24 58
8 25 67
8 26 59
8 27 46
8 28 45
9 0 65
9 1 71
9 2 57
9 3 43
9 4 53
9 5 46
9 6 66
9 7 62
9 8 54
9 9 99
9 10 72
9 11 59
9 12 53
9 13 55
9 14 36
9 15 54
9 16 59
9 17 44
9 18 53
9 19 42
9 20 55
9 21 57
9 22 62
9 23 56
9 24 52
9 25 53
9 26 49
9 27 60
9 28 45
10 0 60
10 1 83
10 2 39
10 3 39
10 4 42
10 5 38
10 6 59
10 7 51
10 8 46
10 9 72
10 10 99
10 11 35
10 12 44
10 13 51
10 14 35
10 15 46
10 16 66
10 17 36
10 18 46
10 19 43
10 20 37
10 21 50
10 22 67
10 23 61
10 24 42
10 25 47
10 26 42
10 27 59
10 28 42
11 0 53
11 1 31
11 2 83
11 3 28
11 4 54
11 5 38
11 6 54
11 7 46
11 8 53
11 9 59
11 10 35
11 11 100
11 12 47
11 13 40
11 14 40
11 15 41
11 16 40
11 17 59
11 18 51
11 19 33
11 20 71
11 21 50
11 22 41
11 23 37
11 24 45
11 25 55
11 26 47
11 27 33
11 28 33
12 0 45
12 1 36
12 2 49
12 3 57
12 4 48
12 5 37
12 6 43
12 7 74
12 8 45
12 9 53
12 10 44
12 11 47
12 12 100
12 13 52
12 14 49
12 15 48
12 16 43
12 17 45
12 18 42
12 19 43
12 20 52
12 21 61
12 22 44
12 23 41
12 24 46
12 25 46
12 26 45
12 27 44
12 28 41
13 0 52
13 1 46
13 2 42
13 3 37
13 4 42
13 5 49
13 6 54
13 7 58
13 8 47
13 9 55
13 10 51
13 11 40
13 12 52
13 13 100
13 14 52
13 15 65
13 16 52
13 17 48
13 18 39
13 19 44
13 20 38
13 21 50
13 22 41
13 23 49
13 24 51
13 25 48
13 26 45
13 27 59
13 28 53
14 0 35
14 1 24
14 2 34
14 3 26
14 4 36
14 5 42
14 6 35
14 7 55
14 8 39
14 9 36
14 10 35
14 11 40
14 12 49
14 13 52
14 14 99
14 15 46
14 16 37
14 17 44
14 18 35
14 19 37
14 20 36
14 21 53
14 22 29
14 23 32
14 24 45
14 25 36
14 26 44
14 27 40
14 28 38
15 0 54
15 1 49
15 2 47
15 3 37
15 4 44
15 5 52
15 6 56
15 7 56
15 8 55
15 9 54
15 10 46
15 11 41
15 12 48
15 13 65
15 14 46
15 15 99
15 16 62
15 17 46
15 18 45
15 19 50
15 20 44
15 21 48
15 22 48
15 23 53
15 24 58
15 25 55
15 26 50
15 27 74
15 28 78
16 0 55
16 1 59
16 2 43
16 3 44
16 4 49
16 5 56
16 6 55
16 7 51
16 8 60
16 9 59
16 10 66
16 11 40
16 12 43
16 13 52
16 14 37
16 15 62
16 16 100
16 17 43
16 18 46
16 19 41
16 20 39
16 21 47
16 22 71
16 23 74
16 24 66
16 25 58
16 26 58
16 27 66
16 28 61
17 0 51
17 1 25
17 2 54
17 3 36
17 4 81
17 5 49
17 6 55
17 7 49
17 8 70
17 9 44
17 10 36
17 11 59
17 12 45
17 13 48
17 14 44
17 15 46
17 16 43
17 17 100
17 18 56
17 19 53
17 20 59
17 21 58
17 22 44
17 23 33
17 24 46
17 25 61
17 26 55
17 27 33
17 28 30
18 0 62
18 1 38
18 2 47
18 3 30
18 4 57
18 5 42
18 6 56
18 7 47
18 8 59
18 9 53
18 10 46
18 11 51
18 12 42
18 13 39
18 14 35
18 15 45
18 16 46
18 17 56
18 18 99
18 19 63
18 20 45
18 21 56
18 22 47
18 23 45
18 24 40
18 25 57
18 26 46
18 27 43
18 28 34
19 0 48
19 1 36
19 2 35
19 3 34
19 4 50
19 5 41
19 6 49
19 7 47
19 8 49
19 9 42
19 10 43
19 11 33
19 12 43
19 13 44
19 14 37
19 15 50
19 16 41
19 17 53
19 18 63
19 19 99
19 20 37
19 21 51
19 22 43
19 23 44
19 24 39
19 25 53
19 26 43
19 27 42
19 28 42
20 0 56
20 1 31
20 2 72
20 3 37
20 4 59
20 5 42
20 6 57
20 7 53
20 8 50
20 9 55
20 10 37
20 11 71
20 12 52
20 13 38
20 14 36
20 15 44
20 16 39
20 17 59
20 18 45
20 19 37
20 20 100
20 21 46
20 22 42
20 23 37
20 24 48
20 25 50
20 26 48
20 27 34
20 28 34
21 0 52
21 1 32
21 2 44
21 3 44
21 4 61
21 5 55
21 6 51
21 7 65
21 8 55
21 9 57
21 10 50
21 11 50
21 12 61
21 13 50
21 14 53
21 15 48
21 16 47
21 17 58
21 18 56
21 19 51
21 20 46
21 21 99
21 22 44
21 23 41
21 24 51
21 25 48
21 26 48
21 27 43
21 28 39
22 0 66
22 1 58
22 2 49
22 3 49
22 4 53
22 5 38
22 6 64
22 7 47
22 8 60
22 9 62
22 10 67
22 11 41
22 12 44
22 13 41
22 14 29
22 15 48
22 16 71
22 17 44
22 18 47
22 19 43
22 20 42
22 21 44
22 22 100
22 23 64
22 24 43
22 25 55
22 26 46
22 27 62
22 28 46
23 0 60
23 1 54
23 2 46
23 3 42
23 4 35
23 5 46
23 6 59
23 7 48
23 8 49
23 9 56
23 10 61
23 11 37
23 12 41
23 13 49
23 14 32
23 15 53
23 16 74
23 17 33
23 18 45
23 19 44
23 20 37
23 21 41
23 22 64
23 23 100
23 24 54
23 25 54
23 26 48
23 27 65
23 28 55
24 0 51
24 1 43
24 2 46
24 3 34
24 4 48
24 5 71
24 6 52
24 7 51
24 8 58
24 9 52
24 10 42
24 11 45
24 12 46
24 13 51
24 14 45
24 15 58
24 16 66
24 17 46
24 18 40
24 19 39
24 20 48
24 21 51
24 22 43
24 23 54
24 24 100
24 25 53
24 26 51
24 27 50
24 28 55
25 0 62
25 1 45
25 2 55
25 3 42
25 4 63
25 5 50
25 6 64
25 7 50
25 8 67
25 9 53
25 10 47
25 11 55
25 12 46
25 13 48
25 14 36
25 15 55
25 16 58
25 17 61
25 18 57
25 19 53
25 20 50
25 21 48
25 22 55
25 23 54
25 24 53
25 25 100
25 26 77
25 27 54
25 28 51
26 0 54
26 1 40
26 2 50
26 3 38
26 4 56
26 5 48
26 6 56
26 7 51
26 8 59
26 9 49
26 10 42
26 11 47
26 12 45
26 13 45
26 14 44
26 15 50
26 16 58
26 17 55
26 18 46
26 19 43
26 20 48
26 21 48
26 22 46
26 23 48
26 24 51
26 25 77
26 26 99
26 27 47
26 28 44
27 0 62
27 1 59
27 2 42
27 3 44
27 4 33
27 5 45
27 6 62
27 7 52
27 8 46
27 9 60
27 10 59
27 11 33
27 12 44
27 13 59
27 14 40
27 15 74
27 16 66
27 17 33
27 18 43
27 19 42
27 20 34
27 21 43
27 22 62
27 23 65
27 24 50
27 25 54
27 26 47
27 27 100
27 28 67
28 0 45
28 1 47
28 2 39
28 3 32
28 4 31
28 5 49
28 6 47
28 7 46
28 8 45
28 9 45
28 10 42
28 11 33
28 12 41
28 13 53
28 14 38
28 15 78
28 16 61
28 17 30
28 18 34
28 19 42
28 20 34
28 21 39
28 22 46
28 23 55
28 24 55
28 25 51
28 26 44
28 27 67
28 28 99
