0 0 100
0 1 45
0 2 22
0 3 57
0 4 29
0 5 62
0 6 83
0 7 47
0 8 63
0 9 53
0 10 59
0 11 46
0 12 39
0 13 63
0 14 37
0 15 65
0 16 58
0 17 25
0 18 43
0 19 34
0 20 60
0 21 53
0 22 27
0 23 28
0 24 49
0 25 54
0 26 47
0 27 26
0 28 38
0 29 35
0 30 51
0 31 46
0 32 55
0 33 50
0 34 50
0 35 54
0 36 41
0 37 30
0 38 38
0 39 35
0 40 36
1 0 45
1 1 99
1 2 30
1 3 49
1 4 18
1 5 50
1 6 49
1 7 51
1 8 36
1 9 45
1 10 35
1 11 94
1 12 40
1 13 45
1 14 38
1 15 35
1 16 32
1 17 23
1 18 47
1 19 35
1 20 50
1 21 39
1 22 14
1 23 28
1 24 44
1 25 46
1 26 35
1 27 27
1 28 48
1 29 31
1 30 53
1 31 33
1 32 22
1 33 36
1 34 45
1 35 46
1 36 53
1 37 19
1 38 37
1 39 33
1 40 41
2 0 22
2 1 30
2 2 100
2 3 25
2 4 24
2 5 43
2 6 32
2 7 44
2 8 26
2 9 26
2 10 24
2 11 33
2 12 84
2 13 27
2 14 27
2 15 25
2 16 22
2 17 30
2 18 45
2 19 50
2 20 34
2 21 29
2 22 19
2 23 34
2 24 44
2 25 42
2 26 33
2 27 29
2 28 38
2 29 21
2 30 40
2 31 30
2 32 23
2 33 36
2 34 44
2 35 45
2 36 31
2 37 36
2 38 48
2 39 34
2 40 46
3 0 57
3 1 49
3 2 25
3 3 100
3 4 33
3 5 48
3 6 61
3 7 47
3 8 56
3 9 58
3 10 40
3 11 50
3 12 33
3 13 79
3 14 41
3 15 51
3 16 45
3 17 20
3 18 33
3 19 25
3 20 58
3 21 44
3 22 21
3 23 32
3 24 38
3 25 42
3 26 42
3 27 20
3 28 34
3 29 29
3 30 44
3 31 40
3 32 40
3 33 41
3 34 38
3 35 41
3 36 37
3 37 24
3 38 32
3 39 43
3 40 36
4 0 29
4 1 18
4 2 24
4 3 33
4 4 99
4 5 32
4 6 36
4 7 44
4 8 44
4 9 37
4 10 31
4 11 21
4 12 35
4 13 28
4 14 46
4 15 28
4 16 31
4 17 39
4 18 33
4 19 39
4 20 34
4 21 40
4 22 65
4 23 83
4 24 35
4 25 35
4 26 31
4 27 32
4 28 38
4 29 35
4 30 34
4 31 38
4 32 25
4 33 41
4 34 33
4 35 36
4 36 29
4 37 28
4 38 41
4 39 48
4 40 45
5 0 62
5 1 50
5 2 43
5 3 48
5 4 32
5 5 100
5 6 64
5 7 63
5 8 48
5 9 44
5 10 44
5 11 50
5 12 58
5 13 58
5 14 44
5 15 53
5 16 50
5 17 41
5 18 62
5 19 56
5 20 66
5 21 50
5 22 25
5 23 41
5 24 38
5 25 65
5 26 62
5 27 45
5 28 60
5 29 46
5 30 71
5 31 59
5 32 37
5 33 60
5 34 87
5 35 69
5 36 50
5 37 34
5 38 56
5 39 44
5 40 56
6 0 83
6 1 49
6 2 32
6 3 61
6 4 36
6 5 64
6 6 99
6 7 63
6 8 65
6 9 57
6 10 59
6 11 50
6 12 46
6 13 66
6 14 45
6 15 64
6 16 55
6 17 31
6 18 48
6 19 36
6 20 69
6 21 63
6 22 28
6 23 36
6 24 49
6 25 58
6 26 55
6 27 35
6 28 48
6 29 42
6 30 57
6 31 51
6 32 63
6 33 54
6 34 56
6 35 59
6 36 43
6 37 40
6 38 44
6 39 41
6 40 47
7 0 47
7 1 51
7 2 44
7 3 47
7 4 44
7 5 63
7 6 63
7 7 99
7 8 47
7 9 36
7 10 42
7 11 54
7 12 60
7 13 48
7 14 51
7 15 45
7 16 44
7 17 50
7 18 64
7 19 54
7 20 63
7 21 48
7 22 31
7 23 52
7 24 39
7 25 58
7 26 49
7 27 53
7 28 71
7 29 45
7 30 73
7 31 51
7 32 37
7 33 55
7 34 58
7 35 65
7 36 47
7 37 43
7 38 58
7 39 54
7 40 60
8 0 63
8 1 36
8 2 26
8 3 56
8 4 44
8 5 48
8 6 65
8 7 47
8 8 99
8 9 50
8 10 60
8 11 41
8 12 41
8 13 57
8 14 49
8 15 60
8 16 44
8 17 34
8 18 35
8 19 35
8 20 60
8 21 47
8 22 30
8 23 42
8 24 44
8 25 54
8 26 45
8 27 31
8 28 36
8 29 39
8 30 47
8 31 44
8 32 58
8 33 45
8 34 43
8 35 43
8 36 39
8 37 34
8 38 40
8 39 53
8 40 51
9 0 53
9 1 45
9 2 26
9 3 58
9 4 37
9 5 44
9 6 57
9 7 36
9 8 50
9 9 100
9 10 52
9 11 44
9 12 38
9 13 44
9 14 40
9 15 40
9 16 37
9 17 30
9 18 35
9 19 32
9 20 47
9 21 51
9 22 33
9 23 32
9 24 42
9 25 37
9 26 37
9 27 22
9 28 30
9 29 41
9 30 38
9 31 38
9 32 41
9 33 36
9 34 37
9 35 33
9 36 44
9 37 35
9 38 36
9 39 39
9 40 39
10 0 59
10 1 35
10 2 24
10 3 40
10 4 31
10 5 44
10 6 59
10 7 42
10 8 60
10 9 52
10 10 99
10 11 36
10 12 36
10 13 41
10 14 50
10 15 48
10 16 28
10 17 26
10 18 32
10 19 29
10 20 48
10 21 36
10 22 20
10 23 36
10 24 32
10 25 42
10 26 37
10 27 30
10 28 32
10 29 45
10 30 51
10 31 35
10 32 59
10 33 43
10 34 45
10 35 38
10 36 33
10 37 37
10 38 33
10 39 48
10 40 44
11 0 46
11 1 94
11 2 33
11 3 50
11 4 21
11 5 50
11 6 50
11 7 54
11 8 41
11 9 44
11 10 36
11 11 99
11 12 44
11 13 48
11 14 39
11 15 41
11 16 31
11 17 24
11 18 49
11 19 37
11 20 51
11 21 35
11 22 17
11 23 30
11 24 43
11 25 47
11 26 36
11 27 27
11 28 47
11 29 28
11 30 52
11 31 31
11 32 28
11 33 38
11 34 45
11 35 49
11 36 49
11 37 21
11 38 38
11 39 37
11 40 41
12 0 39
12 1 40
12 2 84
12 3 33
12 4 35
12 5 58
12 6 46
12 7 60
12 8 41
12 9 38
12 10 36
12 11 44
12 12 100
12 13 38
12 14 35
12 15 38
12 16 37
12 17 44
12 18 60
12 19 58
12 20 47
12 21 42
12 22 28
12 23 45
12 24 56
12 25 53
12 26 40
12 27 47
12 28 57
12 29 35
12 30 56
12 31 41
12 32 33
12 33 47
12 34 55
12 35 58
12 36 52
12 37 49
12 38 62
12 39 48
12 40 60
13 0 63
13 1 45
13 2 27
13 3 79
13 4 28
13 5 58
13 6 66
13 7 48
13 8 57
13 9 44
13 10 41
13 11 48
13 12 38
13 13 99
13 14 42
13 15 55
13 16 43
13 17 23
13 18 38
13 19 32
13 20 59
13 21 40
13 22 22
13 23 28
13 24 33
13 25 53
13 26 55
13 27 22
13 28 37
13 29 30
13 30 48
13 31 48
13 32 49
13 33 49
13 34 47
13 35 48
13 36 32
13 37 16
13 38 34
13 39 31
13 40 41
14 0 37
14 1 38
14 2 27
14 3 41
14 4 46
14 5 44
14 6 45
14 7 51
14 8 49
14 9 40
14 10 50
14 11 39
14 12 35
14 13 42
14 14 99
14 15 37
14 16 30
14 17 35
14 18 43
14 19 32
14 20 48
14 21 35
14 22 26
14 23 51
14 24 30
14 25 45
14 26 38
14 27 34
14 28 40
14 29 42
14 30 46
14 31 43
14 32 35
14 33 50
14 34 42
14 35 47
14 36 33
14 37 28
14 38 41
14 39 45
14 40 57
15 0 65
15 1 35
15 2 25
15 3 51
15 4 28
15 5 53
15 6 64
15 7 45
15 8 60
15 9 40
15 10 48
15 11 41
15 12 38
15 13 55
15 14 37
15 15 99
15 16 46
15 17 28
15 18 45
15 19 32
15 20 58
15 21 44
15 22 27
15 23 27
15 24 35
15 25 54
15 26 38
15 27 27
15 28 37
15 29 27
15 30 50
15 31 47
15 32 56
15 33 43
15 34 50
15 35 49
15 36 31
15 37 37
15 38 41
15 39 37
15 40 39
16 0 58
16 1 32
16 2 22
16 3 45
16 4 31
16 5 50
16 6 55
16 7 44
16 8 44
16 9 37
16 10 28
16 11 31
16 12 37
16 13 43
16 14 30
16 15 46
16 16 100
16 17 24
16 18 34
16 19 29
16 20 49
16 21 47
16 22 27
16 23 30
16 24 47
16 25 51
16 26 37
16 27 29
16 28 38
16 29 29
16 30 43
16 31 42
16 32 36
16 33 53
16 34 38
16 35 50
16 36 45
16 37 29
16 38 36
16 39 27
16 40 32
17 0 25
17 1 23
17 2 30
17 3 20
17 4 39
17 5 41
17 6 31
17 7 50
17 8 34
17 9 30
17 10 26
17 11 24
17 12 44
17 13 23
17 14 35
17 15 28
17 16 24
17 17 99
17 18 53
17 19 59
17 20 31
17 21 35
17 22 42
17 23 36
17 24 26
17 25 38
17 26 33
17 27 68
17 28 58
17 29 40
17 30 43
17 31 39
17 32 27
17 33 39
17 34 43
17 35 38
17 36 37
17 37 35
17 38 59
17 39 38
17 40 48
18 0 43
18 1 47
18 2 45
18 3 33
18 4 33
18 5 62
18 6 48
18 7 64
18 8 35
18 9 35
18 10 32
18 11 49
18 12 60
18 13 38
18 14 43
18 15 45
18 16 34
18 17 53
18 18 99
18 19 65
18 20 53
18 21 43
18 22 32
18 23 41
18 24 39
18 25 59
18 26 43
18 27 54
18 28 73
18 29 43
18 30 61
18 31 48
18 32 29
18 33 52
18 34 62
18 35 64
18 36 49
18 37 40
18 38 66
18 39 44
18 40 58
19 0 34
19 1 35
19 2 50
19 3 25
19 4 39
19 5 56
19 6 36
19 7 54
19 8 35
19 9 32
19 10 29
19 11 37
19 12 58
19 13 32
19 14 32
19 15 32
19 16 29
19 17 59
19 18 65
19 19 100
19 20 39
19 21 36
19 22 48
19 23 38
19 24 31
19 25 50
19 26 43
19 27 57
19 28 60
19 29 38
19 30 53
19 31 48
19 32 27
19 33 47
19 34 60
19 35 52
19 36 42
19 37 32
19 38 63
19 39 38
19 40 57
20 0 60
20 1 50
20 2 34
20 3 58
20 4 34
20 5 66
20 6 69
20 7 63
20 8 60
20 9 47
20 10 48
20 11 51
20 12 47
20 13 59
20 14 48
20 15 58
20 16 49
20 17 31
20 18 53
20 19 39
20 20 100
20 21 52
20 22 24
20 23 41
20 24 44
20 25 69
20 26 57
20 27 31
20 28 48
20 29 37
20 30 59
20 31 50
20 32 47
20 33 58
20 34 54
20 35 67
20 36 39
20 37 28
20 38 43
20 39 45
20 40 46
21 0 53
21 1 39
21 2 29
21 3 44
21 4 40
21 5 50
21 6 63
21 7 48
21 8 47
21 9 51
21 10 36
21 11 35
21 12 42
21 13 40
21 14 35
21 15 44
21 16 47
21 17 35
21 18 43
21 19 36
21 20 52
21 21 99
21 22 36
21 23 33
21 24 52
21 25 54
21 26 43
21 27 29
21 28 40
21 29 39
21 30 43
21 31 46
21 32 31
21 33 46
21 34 44
21 35 49
21 36 37
21 37 41
21 38 40
21 39 35
21 40 44
22 0 27
22 1 14
22 2 19
22 3 21
22 4 65
22 5 25
22 6 28
22 7 31
22 8 30
22 9 33
22 10 20
22 11 17
22 12 28
22 13 22
22 14 26
22 15 27
22 16 27
22 17 42
22 18 32
22 19 48
22 20 24
22 21 36
22 22 99
22 23 27
22 24 31
22 25 30
22 26 22
22 27 30
22 28 31
22 29 29
22 30 26
22 31 30
22 32 26
22 33 31
22 34 25
22 35 32
22 36 30
22 37 29
22 38 40
22 39 32
22 40 33
23 0 28
23 1 28
23 2 34
23 3 32
23 4 83
23 5 41
23 6 36
23 7 52
23 8 42
23 9 32
23 10 36
23 11 30
23 12 45
23 13 28
23 14 51
23 15 27
23 16 30
23 17 36
23 18 41
23 19 38
23 20 41
23 21 33
23 22 27
23 23 99
23 24 33
23 25 40
23 26 35
23 27 36
23 28 46
23 29 34
23 30 46
23 31 34
23 32 24
23 33 43
23 34 41
23 35 44
23 36 32
23 37 27
23 38 44
23 39 52
23 40 48
24 0 49
24 1 44
24 2 44
24 3 38
24 4 35
24 5 38
24 6 49
24 7 39
24 8 44
24 9 42
24 10 32
24 11 43
24 12 56
24 13 33
24 14 30
24 15 35
24 16 47
24 17 26
24 18 39
24 19 31
24 20 44
24 21 52
24 22 31
24 23 33
24 24 100
24 25 45
24 26 29
24 27 31
24 28 38
24 29 31
24 30 37
24 31 26
24 32 22
24 33 42
24 34 32
24 35 46
24 36 53
24 37 39
24 38 41
24 39 39
24 40 38
25 0 54
25 1 46
25 2 42
25 3 42
25 4 35
25 5 65
25 6 58
25 7 58
25 8 54
25 9 37
25 10 42
25 11 47
25 12 53
25 13 53
25 14 45
25 15 54
25 16 51
25 17 38
25 18 59
25 19 50
25 20 69
25 21 54
25 22 30
25 23 40
25 24 45
25 25 99
25 26 50
25 27 36
25 28 53
25 29 36
25 30 58
25 31 52
25 32 36
25 33 64
25 34 60
25 35 76
25 36 40
25 37 37
25 38 54
25 39 39
25 40 52
26 0 47
26 1 35
26 2 33
26 3 42
26 4 31
26 5 62
26 6 55
26 7 49
26 8 45
26 9 37
26 10 37
26 11 36
26 12 40
26 13 55
26 14 38
26 15 38
26 16 37
26 17 33
26 18 43
26 19 43
26 20 57
26 21 43
26 22 22
26 23 35
26 24 29
26 25 50
26 26 100
26 27 31
26 28 41
26 29 34
26 30 48
26 31 48
26 32 33
26 33 46
26 34 51
26 35 46
26 36 28
26 37 21
26 38 38
26 39 29
26 40 45
27 0 26
27 1 27
27 2 29
27 3 20
27 4 32
27 5 45
27 6 35
27 7 53
27 8 31
27 9 22
27 10 30
27 11 27
27 12 47
27 13 22
27 14 34
27 15 27
27 16 29
27 17 68
27 18 54
27 19 57
27 20 31
27 21 29
27 22 30
27 23 36
27 24 31
27 25 36
27 26 31
27 27 100
27 28 70
27 29 45
27 30 47
27 31 33
27 32 25
27 33 38
27 34 48
27 35 43
27 36 48
27 37 37
27 38 56
27 39 38
27 40 58
28 0 38
28 1 48
28 2 38
28 3 34
28 4 38
28 5 60
28 6 48
28 7 71
28 8 36
28 9 30
28 10 32
28 11 47
28 12 57
28 13 37
28 14 40
28 15 37
28 16 38
28 17 58
28 18 73
28 19 60
28 20 48
28 21 40
28 22 31
28 23 46
28 24 38
28 25 53
28 26 41
28 27 70
28 28 100
28 29 42
28 30 67
28 31 48
28 32 31
28 33 53
28 34 59
28 35 62
28 36 55
28 37 34
28 38 63
28 39 46
28 40 62
29 0 35
29 1 31
29 2 21
29 3 29
29 4 35
29 5 46
29 6 42
29 7 45
29 8 39
29 9 41
29 10 45
29 11 28
29 12 35
29 13 30
29 14 42
29 15 27
29 16 29
29 17 40
29 18 43
29 19 38
29 20 37
29 21 39
29 22 29
29 23 34
29 24 31
29 25 36
29 26 34
29 27 45
29 28 42
29 29 100
29 30 55
29 31 36
29 32 26
29 33 44
29 34 51
29 35 37
29 36 40
29 37 40
29 38 40
29 39 50
29 40 50
30 0 51
30 1 53
30 2 40
30 3 44
30 4 34
30 5 71
30 6 57
30 7 73
30 8 47
30 9 38
30 10 51
30 11 52
30 12 56
30 13 48
30 14 46
30 15 50
30 16 43
30 17 43
30 18 61
30 19 53
30 20 59
30 21 43
30 22 26
30 23 46
30 24 37
30 25 58
30 26 48
30 27 47
30 28 67
30 29 55
30 30 100
30 31 52
30 32 38
30 33 57
30 34 69
30 35 64
30 36 48
30 37 34
30 38 51
30 39 50
30 40 55
31 0 46
31 1 33
31 2 30
31 3 40
31 4 38
31 5 59
31 6 51
31 7 51
31 8 44
31 9 38
31 10 35
31 11 31
31 12 41
31 13 48
31 14 43
31 15 47
31 16 42
31 17 39
31 18 48
31 19 48
31 20 50
31 21 46
31 22 30
31 23 34
31 24 26
31 25 52
31 26 48
31 27 33
31 28 48
31 29 36
31 30 52
31 31 99
31 32 36
31 33 47
31 34 53
31 35 45
31 36 36
31 37 28
31 38 45
31 39 34
31 40 53
32 0 55
32 1 22
32 2 23
32 3 40
32 4 25
32 5 37
32 6 63
32 7 37
32 8 58
32 9 41
32 10 59
32 11 28
32 12 33
32 13 49
32 14 35
32 15 56
32 16 36
32 17 27
32 18 29
32 19 27
32 20 47
32 21 31
32 22 26
32 23 24
32 24 22
32 25 36
32 26 33
32 27 25
32 28 31
32 29 26
32 30 38
32 31 36
32 32 100
32 33 32
32 34 34
32 35 34
32 36 27
32 37 32
32 38 35
32 39 33
32 40 37
33 0 50
33 1 36
33 2 36
33 3 41
33 4 41
33 5 60
33 6 54
33 7 55
33 8 45
33 9 36
33 10 43
33 11 38
33 12 47
33 13 49
33 14 50
33 15 43
33 16 53
33 17 39
33 18 52
33 19 47
33 20 58
33 21 46
33 22 31
33 23 43
33 24 42
33 25 64
33 26 46
33 27 38
33 28 53
33 29 44
33 30 57
33 31 47
33 32 32
33 33 99
33 34 57
33 35 69
33 36 42
33 37 28
33 38 51
33 39 42
33 40 50
34 0 50
34 1 45
34 2 44
34 3 38
34 4 33
34 5 87
34 6 56
34 7 58
34 8 43
34 9 37
34 10 45
34 11 45
34 12 55
34 13 47
34 14 42
34 15 50
34 16 38
34 17 43
34 18 62
34 19 60
34 20 54
34 21 44
34 22 25
34 23 41
34 24 32
34 25 60
34 26 51
34 27 48
34 28 59
34 29 51
34 30 69
34 31 53
34 32 34
34 33 57
34 34 99
34 35 63
34 36 40
34 37 34
34 38 55
34 39 46
34 40 57
35 0 54
35 1 46
35 2 45
35 3 41
35 4 36
35 5 69
35 6 59
35 7 65
35 8 43
35 9 33
35 10 38
35 11 49
35 12 58
35 13 48
35 14 47
35 15 49
35 16 50
35 17 38
35 18 64
35 19 52
35 20 67
35 21 49
35 22 32
35 23 44
35 24 46
35 25 76
35 26 46
35 27 43
35 28 62
35 29 37
35 30 64
35 31 45
35 32 34
35 33 69
35 34 63
35 35 100
35 36 44
35 37 37
35 38 58
35 39 43
35 40 50
36 0 41
36 1 53
36 2 31
36 3 37
36 4 29
36 5 50
36 6 43
36 7 47
36 8 39
36 9 44
36 10 33
36 11 49
36 12 52
36 13 32
36 14 33
36 15 31
36 16 45
36 17 37
36 18 49
36 19 42
36 20 39
36 21 37
36 22 30
36 23 32
36 24 53
36 25 40
36 26 28
36 27 48
36 28 55
36 29 40
36 30 48
36 31 36
36 32 27
36 33 42
36 34 40
36 35 44
36 36 99
36 37 47
36 38 53
36 39 38
36 40 53
37 0 30
37 1 19
37 2 36
37 3 24
37 4 28
37 5 34
37 6 40
37 7 43
37 8 34
37 9 35
37 10 37
37 11 21
37 12 49
37 13 16
37 14 28
37 15 37
37 16 29
37 17 35
37 18 40
37 19 32
37 20 28
37 21 41
37 22 29
37 23 27
37 24 39
37 25 37
37 26 21
37 27 37
37 28 34
37 29 40
37 30 34
37 31 28
37 32 32
37 33 28
37 34 34
37 35 37
37 36 47
37 37 99
37 38 52
37 39 39
37 40 44
38 0 38
38 1 37
38 2 48
38 3 32
38 4 41
38 5 56
38 6 44
38 7 58
38 8 40
38 9 36
38 10 33
38 11 38
38 12 62
38 13 34
38 14 41
38 15 41
38 16 36
38 17 59
38 18 66
38 19 63
38 20 43
38 21 40
38 22 40
38 23 44
38 24 41
38 25 54
38 26 38
38 27 56
38 28 63
38 29 40
38 30 51
38 31 45
38 32 35
38 33 51
38 34 55
38 35 58
38 36 53
38 37 52
38 38 100
38 39 48
38 40 62
39 0 35
39 1 33
39 2 34
39 3 43
39 4 48
39 5 44
39 6 41
39 7 54
39 8 53
39 9 39
39 10 48
39 11 37
39 12 48
39 13 31
39 14 45
39 15 37
39 16 27
39 17 38
39 18 44
39 19 38
39 20 45
39 21 35
39 22 32
39 23 52
39 24 39
39 25 39
39 26 29
39 27 38
39 28 46
39 29 50
39 30 50
39 31 34
39 32 33
39 33 42
39 34 46
39 35 43
39 36 38
39 37 39
39 38 48
39 39 100
39 40 46
40 0 36
40 1 41
40 2 46
40 3 36
40 4 45
40 5 56
40 6 47
40 7 60
40 8 51
40 9 39
40 10 44
40 11 41
40 12 60
40 13 41
40 14 57
40 15 39
40 16 32
40 17 48
40 18 58
40 19 57
40 20 46
40 21 44
40 22 33
40 23 48
40 24 38
40 25 52
40 26 45
40 27 58
40 28 62
40 29 50
40 30 55
40 31 53
40 32 37
40 33 50
40 34 57
40 35 50
40 36 53
40 37 44
40 38 62
40 39 46
40 40 100
