0 0 100
0 1 60
0 2 66
0 3 63
0 4 48
0 5 53
0 6 75
0 7 84
0 8 31
0 9 49
0 10 72
0 11 63
0 12 64
0 13 70
0 14 51
0 15 60
0 16 68
0 17 54
0 18 43
0 19 49
0 20 65
0 21 67
0 22 52
0 23 53
0 24 44
0 25 59
0 26 49
0 27 50
0 28 47
0 29 40
0 30 33
0 31 44
0 32 19
0 33 32
0 34 36
0 35 17
0 36 37
0 37 35
0 38 40
0 39 32
1 0 60
1 1 99
1 2 49
1 3 52
1 4 29
1 5 53
1 6 54
1 7 59
1 8 40
1 9 44
1 10 79
1 11 53
1 12 38
1 13 47
1 14 36
1 15 58
1 16 42
1 17 32
1 18 26
1 19 50
1 20 57
1 21 35
1 22 32
1 23 55
1 24 35
1 25 45
1 26 50
1 27 48
1 28 46
1 29 41
1 30 43
1 31 35
1 32 17
1 33 25
1 34 21
1 35 18
1 36 49
1 37 39
1 38 25
1 39 28
2 0 66
2 1 49
2 2 100
2 3 49
2 4 55
2 5 60
2 6 69
2 7 67
2 8 23
2 9 49
2 10 64
2 11 65
2 12 55
2 13 77
2 14 64
2 15 45
2 16 68
2 17 58
2 18 46
2 19 50
2 20 53
2 21 56
2 22 45
2 23 53
2 24 48
2 25 59
2 26 55
2 27 49
2 28 45
2 29 39
2 30 37
2 31 41
2 32 27
2 33 35
2 34 34
2 35 26
2 36 41
2 37 36
2 38 32
2 39 34
3 0 63
3 1 52
3 2 49
3 3 100
3 4 43
3 5 46
3 6 57
3 7 64
3 8 27
3 9 38
3 10 73
3 11 64
3 12 70
3 13 56
3 14 35
3 15 35
3 16 51
3 17 37
3 18 33
3 19 49
3 20 80
3 21 74
3 22 75
3 23 53
3 24 53
3 25 55
3 26 42
3 27 37
3 28 32
3 29 32
3 30 34
3 31 35
3 32 20
3 33 30
3 34 32
3 35 18
3 36 31
3 37 35
3 38 33
3 39 23
4 0 48
4 1 29
4 2 55
4 3 43
4 4 99
4 5 49
4 6 61
4 7 52
4 8 33
4 9 47
4 10 42
4 11 52
4 12 55
4 13 50
4 14 46
4 15 37
4 16 48
4 17 44
4 18 36
4 19 55
4 20 44
4 21 53
4 22 34
4 23 49
4 24 44
4 25 86
4 26 56
4 27 57
4 28 49
4 29 41
4 30 40
4 31 50
4 32 43
4 33 47
4 34 42
4 35 43
4 36 38
4 37 42
4 38 33
4 39 44
5 0 53
5 1 53
5 2 60
5 3 46
5 4 49
5 5 99
5 6 64
5 7 49
5 8 33
5 9 56
5 10 56
5 11 64
5 12 52
5 13 53
5 14 54
5 15 41
5 16 39
5 17 43
5 18 37
5 19 74
5 20 50
5 21 44
5 22 31
5 23 65
5 24 50
5 25 53
5 26 52
5 27 58
5 28 52
5 29 48
5 30 50
5 31 40
5 32 30
5 33 33
5 34 31
5 35 31
5 36 51
5 37 34
5 38 29
5 39 49
6 0 75
6 1 54
6 2 69
6 3 57
6 4 61
6 5 64
6 6 99
6 7 73
6 8 47
6 9 59
6 10 65
6 11 68
6 12 56
6 13 69
6 14 56
6 15 61
6 16 66
6 17 59
6 18 43
6 19 65
6 20 59
6 21 60
6 22 47
6 23 56
6 24 56
6 25 70
6 26 63
6 27 65
6 28 57
6 29 57
6 30 46
6 31 54
6 32 35
6 33 47
6 34 43
6 35 33
6 36 50
6 37 48
6 38 44
6 39 47
7 0 84
7 1 59
7 2 67
7 3 64
7 4 52
7 5 49
7 6 73
7 7 100
7 8 33
7 9 54
7 10 72
7 11 63
7 12 62
7 13 73
7 14 49
7 15 63
7 16 70
7 17 53
7 18 42
7 19 48
7 20 70
7 21 65
7 22 57
7 23 60
7 24 50
7 25 63
7 26 50
7 27 49
7 28 54
7 29 43
7 30 44
7 31 48
7 32 21
7 33 34
7 34 38
7 35 23
7 36 39
7 37 39
7 38 37
7 39 30
8 0 31
8 1 40
8 2 23
8 3 27
8 4 33
8 5 33
8 6 47
8 7 33
8 8 100
8 9 49
8 10 35
8 11 37
8 12 25
8 13 29
8 14 25
8 15 55
8 16 22
8 17 20
8 18 17
8 19 39
8 20 34
8 21 18
8 22 18
8 23 32
8 24 35
8 25 40
8 26 49
8 27 54
8 28 50
8 29 59
8 30 46
8 31 38
8 32 29
8 33 27
8 34 29
8 35 29
8 36 48
8 37 30
8 38 30
8 39 32
9 0 49
9 1 44
9 2 49
9 3 38
9 4 47
9 5 56
9 6 59
9 7 54
9 8 49
9 9 99
9 10 48
9 11 52
9 12 40
9 13 47
9 14 57
9 15 48
9 16 43
9 17 49
9 18 45
9 19 59
9 20 53
9 21 39
9 22 34
9 23 63
9 24 45
9 25 56
9 26 53
9 27 58
9 28 71
9 29 59
9 30 46
9 31 55
9 32 36
9 33 47
9 34 40
9 35 41
9 36 52
9 37 50
9 38 36
9 39 50
10 0 72
10 1 79
10 2 64
10 3 73
10 4 42
10 5 56
10 6 65
10 7 72
10 8 35
10 9 48
10 10 99
10 11 67
10 12 58
10 13 70
10 14 43
10 15 55
10 16 60
10 17 42
10 18 33
10 19 53
10 20 75
10 21 69
10 22 71
10 23 58
10 24 51
10 25 56
10 26 50
10 27 51
10 28 45
10 29 40
10 30 42
10 31 41
10 32 19
10 33 32
10 34 31
10 35 18
10 36 43
10 37 40
10 38 34
10 39 25
11 0 63
11 1 53
11 2 65
11 3 64
11 4 52
11 5 64
11 6 68
11 7 63
11 8 37
11 9 52
11 10 67
11 11 100
11 12 70
11 13 67
11 14 51
11 15 47
11 16 60
11 17 47
11 18 39
11 19 70
11 20 69
11 21 62
11 22 56
11 23 60
11 24 54
11 25 59
11 26 53
11 27 55
11 28 48
11 29 49
11 30 50
11 31 46
11 32 29
11 33 41
11 34 42
11 35 35
11 36 49
11 37 39
11 38 37
11 39 36
12 0 64
12 1 38
12 2 55
12 3 70
12 4 55
12 5 52
12 6 56
12 7 62
12 8 25
12 9 40
12 10 58
12 11 70
12 12 100
12 13 64
12 14 46
12 15 36
12 16 55
12 17 38
12 18 38
12 19 50
12 20 69
12 21 69
12 22 59
12 23 50
12 24 43
12 25 59
12 26 44
12 27 45
12 28 38
12 29 40
12 30 42
12 31 42
12 32 20
12 33 36
12 34 36
12 35 26
12 36 30
12 37 33
12 38 33
12 39 33
13 0 70
13 1 47
13 2 77
13 3 56
13 4 50
13 5 53
13 6 69
13 7 73
13 8 29
13 9 47
13 10 70
13 11 67
13 12 64
13 13 100
13 14 45
13 15 49
13 16 66
13 17 41
13 18 34
13 19 46
13 20 60
13 21 66
13 22 54
13 23 45
13 24 42
13 25 58
13 26 52
13 27 52
13 28 41
13 29 40
13 30 41
13 31 44
13 32 19
13 33 36
13 34 38
13 35 23
13 36 40
13 37 37
13 38 37
13 39 28
14 0 51
14 1 36
14 2 64
14 3 35
14 4 46
14 5 54
14 6 56
14 7 49
14 8 25
14 9 57
14 10 43
14 11 51
14 12 46
14 13 45
14 14 99
14 15 40
14 16 57
14 17 64
14 18 69
14 19 47
14 20 44
14 21 44
14 22 36
14 23 51
14 24 42
14 25 50
14 26 46
14 27 42
14 28 48
14 29 37
14 30 31
14 31 42
14 32 30
14 33 40
14 34 35
14 35 26
14 36 31
14 37 35
14 38 33
14 39 41
15 0 60
15 1 58
15 2 45
15 3 35
15 4 37
15 5 41
15 6 61
15 7 63
15 8 55
15 9 48
15 10 55
15 11 47
15 12 36
15 13 49
15 14 40
15 15 99
15 16 48
15 17 38
15 18 28
15 19 42
15 20 41
15 21 34
15 22 31
15 23 41
15 24 47
15 25 45
15 26 53
15 27 61
15 28 50
15 29 43
15 30 36
15 31 46
15 32 18
15 33 31
15 34 33
15 35 20
15 36 42
15 37 31
15 38 39
15 39 32
16 0 68
16 1 42
16 2 68
16 3 51
16 4 48
16 5 39
16 6 66
16 7 70
16 8 22
16 9 43
16 10 60
16 11 60
16 12 55
16 13 66
16 14 57
16 15 48
16 16 99
16 17 71
16 18 65
16 19 37
16 20 56
16 21 68
16 22 50
16 23 42
16 24 46
16 25 55
16 26 42
16 27 37
16 28 32
16 29 32
16 30 27
16 31 40
16 32 17
16 33 35
16 34 36
16 35 21
16 36 25
16 37 33
16 38 37
16 39 21
17 0 54
17 1 32
17 2 58
17 3 37
17 4 44
17 5 43
17 6 59
17 7 53
17 8 20
17 9 49
17 10 42
17 11 47
17 12 38
17 13 41
17 14 64
17 15 38
17 16 71
17 17 100
17 18 74
17 19 36
17 20 40
17 21 39
17 22 36
17 23 39
17 24 41
17 25 50
17 26 44
17 27 35
17 28 39
17 29 32
17 30 24
17 31 39
17 32 23
17 33 31
17 34 33
17 35 23
17 36 25
17 37 35
17 38 32
17 39 31
18 0 43
18 1 26
18 2 46
18 3 33
18 4 36
18 5 37
18 6 43
18 7 42
18 8 17
18 9 45
18 10 33
18 11 39
18 12 38
18 13 34
18 14 69
18 15 28
18 16 65
18 17 74
18 18 99
18 19 30
18 20 39
18 21 38
18 22 30
18 23 35
18 24 30
18 25 40
18 26 33
18 27 30
18 28 32
18 29 25
18 30 22
18 31 31
18 32 17
18 33 26
18 34 27
18 35 16
18 36 21
18 37 28
18 38 27
18 39 25
19 0 49
19 1 50
19 2 50
19 3 49
19 4 55
19 5 74
19 6 65
19 7 48
19 8 39
19 9 59
19 10 53
19 11 70
19 12 50
19 13 46
19 14 47
19 15 42
19 16 37
19 17 36
19 18 30
19 19 100
19 20 54
19 21 44
19 22 33
19 23 72
19 24 55
19 25 62
19 26 51
19 27 66
19 28 55
19 29 54
19 30 53
19 31 47
19 32 36
19 33 41
19 34 35
19 35 33
19 36 54
19 37 40
19 38 33
19 39 48
20 0 65
20 1 57
20 2 53
20 3 80
20 4 44
20 5 50
20 6 59
20 7 70
20 8 34
20 9 53
20 10 75
20 11 69
20 12 69
20 13 60
20 14 44
20 15 41
20 16 56
20 17 40
20 18 39
20 19 54
20 20 99
20 21 67
20 22 71
20 23 66
20 24 52
20 25 63
20 26 47
20 27 42
20 28 47
20 29 45
20 30 43
20 31 47
20 32 26
20 33 39
20 34 40
20 35 28
20 36 38
20 37 47
20 38 39
20 39 26
21 0 67
21 1 35
21 2 56
21 3 74
21 4 53
21 5 44
21 6 60
21 7 65
21 8 18
21 9 39
21 10 69
21 11 62
21 12 69
21 13 66
21 14 44
21 15 34
21 16 68
21 17 39
21 18 38
21 19 44
21 20 67
21 21 100
21 22 76
21 23 46
21 24 48
21 25 58
21 26 36
21 27 37
21 28 30
21 29 29
21 30 29
21 31 37
21 32 17
21 33 33
21 34 35
21 35 16
21 36 25
21 37 29
21 38 34
21 39 25
22 0 52
22 1 32
22 2 45
22 3 75
22 4 34
22 5 31
22 6 47
22 7 57
22 8 18
22 9 34
22 10 71
22 11 56
22 12 59
22 13 54
22 14 36
22 15 31
22 16 50
22 17 36
22 18 30
22 19 33
22 20 71
22 21 76
22 22 100
22 23 37
22 24 41
22 25 45
22 26 32
22 27 26
22 28 27
22 29 28
22 30 28
22 31 36
22 32 18
22 33 29
22 34 33
22 35 15
22 36 19
22 37 30
22 38 34
22 39 12
23 0 53
23 1 55
23 2 53
23 3 53
23 4 49
23 5 65
23 6 56
23 7 60
23 8 32
23 9 63
23 10 58
23 11 60
23 12 50
23 13 45
23 14 51
23 15 41
23 16 42
23 17 39
23 18 35
23 19 72
23 20 66
23 21 46
23 22 37
23 23 99
23 24 55
23 25 63
23 26 47
23 27 56
23 28 55
23 29 48
23 30 48
23 31 46
23 32 29
23 33 36
23 34 33
23 35 29
23 36 46
23 37 43
23 38 29
23 39 40
24 0 44
24 1 35
24 2 48
24 3 53
24 4 44
24 5 50
24 6 56
24 7 50
24 8 35
24 9 45
24 10 51
24 11 54
24 12 43
24 13 42
24 14 42
24 15 47
24 16 46
24 17 41
24 18 30
24 19 55
24 20 52
24 21 48
24 22 41
24 23 55
24 24 100
24 25 55
24 26 44
24 27 51
24 28 39
24 29 34
24 30 32
24 31 41
24 32 27
24 33 31
24 34 39
24 35 24
24 36 44
24 37 32
24 38 37
24 39 36
25 0 59
25 1 45
25 2 59
25 3 55
25 4 86
25 5 53
25 6 70
25 7 63
25 8 40
25 9 56
25 10 56
25 11 59
25 12 59
25 13 58
25 14 50
25 15 45
25 16 55
25 17 50
25 18 40
25 19 62
25 20 63
25 21 58
25 22 45
25 23 63
25 24 55
25 25 99
25 26 62
25 27 63
25 28 53
25 29 48
25 30 46
25 31 56
25 32 41
25 33 50
25 34 48
25 35 40
25 36 45
25 37 50
25 38 42
25 39 42
26 0 49
26 1 50
26 2 55
26 3 42
26 4 56
26 5 52
26 6 63
26 7 50
26 8 49
26 9 53
26 10 50
26 11 53
26 12 44
26 13 52
26 14 46
26 15 53
26 16 42
26 17 44
26 18 33
26 19 51
26 20 47
26 21 36
26 22 32
26 23 47
26 24 44
26 25 62
26 26 100
26 27 67
26 28 60
26 29 51
26 30 50
26 31 56
26 32 38
26 33 46
26 34 44
26 35 38
26 36 60
26 37 56
26 38 41
26 39 42
27 0 50
27 1 48
27 2 49
27 3 37
27 4 57
27 5 58
27 6 65
27 7 49
27 8 54
27 9 58
27 10 51
27 11 55
27 12 45
27 13 52
27 14 42
27 15 61
27 16 37
27 17 35
27 18 30
27 19 66
27 20 42
27 21 37
27 22 26
27 23 56
27 24 51
27 25 63
27 26 67
27 27 100
27 28 58
27 29 55
27 30 51
27 31 56
27 32 38
27 33 43
27 34 42
27 35 37
27 36 60
27 37 46
27 38 43
27 39 41
28 0 47
28 1 46
28 2 45
28 3 32
28 4 49
28 5 52
28 6 57
28 7 54
28 8 50
28 9 71
28 10 45
28 11 48
28 12 38
28 13 41
28 14 48
28 15 50
28 16 32
28 17 39
28 18 32
28 19 55
28 20 47
28 21 30
28 22 27
28 23 55
28 24 39
28 25 53
28 26 60
28 27 58
28 28 100
28 29 57
28 30 52
28 31 55
28 32 37
28 33 38
28 34 44
28 35 38
28 36 49
28 37 45
28 38 38
28 39 46
29 0 40
29 1 41
29 2 39
29 3 32
29 4 41
29 5 48
29 6 57
29 7 43
29 8 59
29 9 59
29 10 40
29 11 49
29 12 40
29 13 40
29 14 37
29 15 43
29 16 32
29 17 32
29 18 25
29 19 54
29 20 45
29 21 29
29 22 28
29 23 48
29 24 34
29 25 48
29 26 51
29 27 55
29 28 57
29 29 99
29 30 61
29 31 53
29 32 35
29 33 39
29 34 43
29 35 36
29 36 50
29 37 39
29 38 43
29 39 52
30 0 33
30 1 43
30 2 37
30 3 34
30 4 40
30 5 50
30 6 46
30 7 44
30 8 46
30 9 46
30 10 42
30 11 50
30 12 42
30 13 41
30 14 31
30 15 36
30 16 27
30 17 24
30 18 22
30 19 53
30 20 43
30 21 29
30 22 28
30 23 48
30 24 32
30 25 46
30 26 50
30 27 51
30 28 52
30 29 61
30 30 100
30 31 47
30 32 28
30 33 29
30 34 36
30 35 32
30 36 41
30 37 39
30 38 31
30 39 30
31 0 44
31 1 35
31 2 41
31 3 35
31 4 50
31 5 40
31 6 54
31 7 48
31 8 38
31 9 55
31 10 41
31 11 46
31 12 42
31 13 44
31 14 42
31 15 46
31 16 40
31 17 39
31 18 31
31 19 47
31 20 47
31 21 37
31 22 36
31 23 46
31 24 41
31 25 56
31 26 56
31 27 56
31 28 55
31 29 53
31 30 47
31 31 100
31 32 56
31 33 62
31 34 67
31 35 45
31 36 46
31 37 71
31 38 60
31 39 45
32 0 19
32 1 17
32 2 27
32 3 20
32 4 43
32 5 30
32 6 35
32 7 21
32 8 29
32 9 36
32 10 19
32 11 29
32 12 20
32 13 19
32 14 30
32 15 18
32 16 17
32 17 23
32 18 17
32 19 36
32 20 26
32 21 17
32 22 18
32 23 29
32 24 27
32 25 41
32 26 38
32 27 38
32 28 37
32 29 35
32 30 28
32 31 56
32 32 99
32 33 52
32 34 41
32 35 43
32 36 34
32 37 52
32 38 29
32 39 39
33 0 32
33 1 25
33 2 35
33 3 30
33 4 47
33 5 33
33 6 47
33 7 34
33 8 27
33 9 47
33 10 32
33 11 41
33 12 36
33 13 36
33 14 40
33 15 31
33 16 35
33 17 31
33 18 26
33 19 41
33 20 39
33 21 33
33 22 29
33 23 36
33 24 31
33 25 50
33 26 46
33 27 43
33 28 38
33 29 39
33 30 29
33 31 62
33 32 52
33 33 100
33 34 43
33 35 65
33 36 36
33 37 69
33 38 37
33 39 36
34 0 36
34 1 21
34 2 34
34 3 32
34 4 42
34 5 31
34 6 43
34 7 38
34 8 29
34 9 40
34 10 31
34 11 42
34 12 36
34 13 38
34 14 35
34 15 33
34 16 36
34 17 33
34 18 27
34 19 35
34 20 40
34 21 35
34 22 33
34 23 33
34 24 39
34 25 48
34 26 44
34 27 42
34 28 44
34 29 43
34 30 36
34 31 67
34 32 41
34 33 43
34 34 100
34 35 42
34 36 34
34 37 44
34 38 75
34 39 32
35 0 17
35 1 18
35 2 26
35 3 18
35 4 43
35 5 31
35 6 33
35 7 23
35 8 29
35 9 41
35 10 18
35 11 35
35 12 26
35 13 23
35 14 26
35 15 20
35 16 21
35 17 23
35 18 16
35 19 33
35 20 28
35 21 16
35 22 15
35 23 29
35 24 24
35 25 40
35 26 38
35 27 37
35 28 38
35 29 36
35 30 32
35 31 45
35 32 43
35 33 65
35 34 42
35 35 100
35 36 41
35 37 48
35 38 27
35 39 29
36 0 37
36 1 49
36 2 41
36 3 31
36 4 38
36 5 51
36 6 50
36 7 39
36 8 48
36 9 52
36 10 43
36 11 49
36 12 30
36 13 40
36 14 31
36 15 42
36 16 25
36 17 25
36 18 21
36 19 54
36 20 38
36 21 25
36 22 19
36 23 46
36 24 44
36 25 45
36 26 60
36 27 60
36 28 49
36 29 50
36 30 41
36 31 46
36 32 34
36 33 36
36 34 34
36 35 41
36 36 100
36 37 46
36 38 30
36 39 39
37 0 35
37 1 39
37 2 36
37 3 35
37 4 42
37 5 34
37 6 48
37 7 39
37 8 30
37 9 50
37 10 40
37 11 39
37 12 33
37 13 37
37 14 35
37 15 31
37 16 33
37 17 35
37 18 28
37 19 40
37 20 47
37 21 29
37 22 30
37 23 43
37 24 32
37 25 50
37 26 56
37 27 46
37 28 45
37 29 39
37 30 39
37 31 71
37 32 52
37 33 69
37 34 44
37 35 48
37 36 46
37 37 100
37 38 41
37 39 27
38 0 40
38 1 25
38 2 32
38 3 33
38 4 33
38 5 29
38 6 44
38 7 37
38 8 30
38 9 36
38 10 34
38 11 37
38 12 33
38 13 37
38 14 33
38 15 39
38 16 37
38 17 32
38 18 27
38 19 33
38 20 39
38 21 34
38 22 34
38 23 29
38 24 37
38 25 42
38 26 41
38 27 43
38 28 38
38 29 43
38 30 31
38 31 60
38 32 29
38 33 37
38 34 75
38 35 27
38 36 30
38 37 41
38 38 100
38 39 27
39 0 32
39 1 28
39 2 34
39 3 23
39 4 44
39 5 49
39 6 47
39 7 30
39 8 32
39 9 50
39 10 25
39 11 36
39 12 33
39 13 28
39 14 41
39 15 32
39 16 21
39 17 31
39 18 25
39 19 48
39 20 26
39 21 25
39 22 12
39 23 40
39 24 36
39 25 42
39 26 42
39 27 41
39 28 46
39 29 52
39 30 30
39 31 45
39 32 39
39 33 36
39 34 32
39 35 29
39 36 39
39 37 27
39 38 27
39 39 99
