0 0 100
0 1 57
0 2 61
0 3 62
0 4 24
0 5 75
0 6 63
0 7 51
0 8 34
0 9 51
0 10 90
0 11 55
0 12 32
0 13 52
0 14 65
0 15 54
0 16 59
0 17 24
0 18 70
0 19 57
0 20 75
0 21 57
0 22 57
0 23 60
0 24 48
0 25 50
0 26 28
1 0 57
1 1 100
1 2 63
1 3 58
1 4 14
1 5 64
1 6 43
1 7 44
1 8 22
1 9 60
1 10 60
1 11 42
1 12 23
1 13 47
1 14 33
1 15 75
1 16 62
1 17 14
1 18 54
1 19 44
1 20 91
1 21 62
1 22 64
1 23 53
1 24 45
1 25 52
1 26 27
2 0 61
2 1 63
2 2 100
2 3 53
2 4 27
2 5 63
2 6 54
2 7 40
2 8 28
2 9 47
2 10 59
2 11 47
2 12 31
2 13 40
2 14 48
2 15 53
2 16 50
2 17 27
2 18 52
2 19 41
2 20 67
2 21 94
2 22 76
2 23 56
2 24 54
2 25 59
2 26 32
3 0 62
3 1 58
3 2 53
3 3 99
3 4 28
3 5 66
3 6 73
3 7 49
3 8 47
3 9 64
3 10 60
3 11 67
3 12 38
3 13 63
3 14 54
3 15 66
3 16 93
3 17 28
3 18 64
3 19 61
3 20 63
3 21 53
3 22 45
3 23 62
3 24 62
3 25 58
3 26 41
4 0 24
4 1 14
4 2 27
4 3 28
4 4 100
4 5 34
4 6 32
4 7 29
4 8 32
4 9 39
4 10 35
4 11 42
4 12 40
4 13 34
4 14 23
4 15 10
4 16 32
4 17 100
4 18 44
4 19 40
4 20 19
4 21 29
4 22 21
4 23 24
4 24 39
4 25 39
4 26 41
5 0 75
5 1 64
5 2 63
5 3 66
5 4 34
5 5 100
5 6 65
5 7 55
5 8 37
5 9 63
5 10 78
5 11 62
5 12 39
5 13 59
5 14 62
5 15 58
5 16 64
5 17 34
5 18 72
5 19 70
5 20 73
5 21 62
5 22 58
5 23 58
5 24 52
5 25 59
5 26 40
6 0 63
6 1 43
6 2 54
6 3 73
6 4 32
6 5 65
6 6 100
6 7 59
6 8 48
6 9 58
6 10 61
6 11 62
6 12 37
6 13 67
6 14 77
6 15 51
6 16 62
6 17 32
6 18 62
6 19 56
6 20 56
6 21 55
6 22 49
6 23 63
6 24 54
6 25 50
6 26 37
7 0 51
7 1 44
7 2 40
7 3 49
7 4 29
7 5 55
7 6 59
7 7 99
7 8 42
7 9 54
7 10 57
7 11 58
7 12 30
7 13 66
7 14 58
7 15 37
7 16 48
7 17 29
7 18 60
7 19 56
7 20 51
7 21 41
7 22 49
7 23 51
7 24 38
7 25 40
7 26 27
8 0 34
8 1 22
8 2 28
8 3 47
8 4 32
8 5 37
8 6 48
8 7 42
8 8 100
8 9 38
8 10 39
8 11 46
8 12 49
8 13 55
8 14 39
8 15 35
8 16 48
8 17 32
8 18 45
8 19 41
8 20 30
8 21 32
8 22 24
8 23 43
8 24 39
8 25 38
8 26 34
9 0 51
9 1 60
9 2 47
9 3 64
9 4 39
9 5 63
9 6 58
9 7 54
9 8 38
9 9 99
9 10 58
9 11 57
9 12 45
9 13 71
9 14 49
9 15 52
9 16 66
9 17 39
9 18 65
9 19 57
9 20 65
9 21 49
9 22 50
9 23 50
9 24 49
9 25 51
9 26 46
10 0 90
10 1 60
10 2 59
10 3 60
10 4 35
10 5 78
10 6 61
10 7 57
10 8 39
10 9 58
10 10 100
10 11 56
10 12 40
10 13 58
10 14 63
10 15 55
10 16 59
10 17 35
10 18 75
10 19 63
10 20 74
10 21 57
10 22 58
10 23 60
10 24 53
10 25 56
10 26 38
11 0 55
11 1 42
11 2 47
11 3 67
11 4 42
11 5 62
11 6 62
11 7 58
11 8 46
11 9 57
11 10 56
11 11 100
11 12 39
11 13 59
11 14 55
11 15 40
11 16 66
11 17 42
11 18 66
11 19 66
11 20 50
11 21 48
11 22 44
11 23 57
11 24 56
11 25 48
11 26 37
12 0 32
12 1 23
12 2 31
12 3 38
12 4 40
12 5 39
12 6 37
12 7 30
12 8 49
12 9 45
12 10 40
12 11 39
12 12 100
12 13 58
12 14 33
12 15 15
12 16 43
12 17 40
12 18 46
12 19 43
12 20 30
12 21 32
12 22 30
12 23 27
12 24 48
12 25 37
12 26 46
13 0 52
13 1 47
13 2 40
13 3 63
13 4 34
13 5 59
13 6 67
13 7 66
13 8 55
13 9 71
13 10 58
13 11 59
13 12 58
13 13 100
13 14 55
13 15 47
13 16 64
13 17 34
13 18 66
13 19 65
13 20 54
13 21 42
13 22 42
13 23 50
13 24 50
13 25 46
13 26 45
14 0 65
14 1 33
14 2 48
14 3 54
14 4 23
14 5 62
14 6 77
14 7 58
14 8 39
14 9 49
14 10 63
14 11 55
14 12 33
14 13 55
14 14 100
14 15 35
14 16 47
14 17 23
14 18 56
14 19 51
14 20 48
14 21 48
14 22 50
14 23 54
14 24 42
14 25 40
14 26 31
15 0 54
15 1 75
15 2 53
15 3 66
15 4 10
15 5 58
15 6 51
15 7 37
15 8 35
15 9 52
15 10 55
15 11 40
15 12 15
15 13 47
15 14 35
15 15 100
15 16 66
15 17 10
15 18 50
15 19 42
15 20 72
15 21 52
15 22 47
15 23 55
15 24 44
15 25 49
15 26 16
16 0 59
16 1 62
16 2 50
16 3 93
16 4 32
16 5 64
16 6 62
16 7 48
16 8 48
16 9 66
16 10 59
16 11 66
16 12 43
16 13 64
16 14 47
16 15 66
16 16 100
16 17 32
16 18 66
16 19 62
16 20 65
16 21 51
16 22 45
16 23 57
16 24 66
16 25 60
16 26 45
17 0 24
17 1 14
17 2 27
17 3 28
17 4 100
17 5 34
17 6 32
17 7 29
17 8 32
17 9 39
17 10 35
17 11 42
17 12 40
17 13 34
17 14 23
17 15 10
17 16 32
17 17 100
17 18 44
17 19 40
17 20 19
17 21 29
17 22 21
17 23 24
17 24 39
17 25 39
17 26 41
18 0 70
18 1 54
18 2 52
18 3 64
18 4 44
18 5 72
18 6 62
18 7 60
18 8 45
18 9 65
18 10 75
18 11 66
18 12 46
18 13 66
18 14 56
18 15 50
18 16 66
18 17 44
18 18 100
18 19 76
18 20 65
18 21 51
18 22 51
18 23 55
18 24 51
18 25 53
18 26 39
19 0 57
19 1 44
19 2 41
19 3 61
19 4 40
19 5 70
19 6 56
19 7 56
19 8 41
19 9 57
19 10 63
19 11 66
19 12 43
19 13 65
19 14 51
19 15 42
19 16 62
19 17 40
19 18 76
19 19 100
19 20 54
19 21 41
19 22 41
19 23 50
19 24 45
19 25 46
19 26 36
20 0 75
20 1 91
20 2 67
20 3 63
20 4 19
20 5 73
20 6 56
20 7 51
20 8 30
20 9 65
20 10 74
20 11 50
20 12 30
20 13 54
20 14 48
20 15 72
20 16 65
20 17 19
20 18 65
20 19 54
20 20 99
20 21 65
20 22 67
20 23 61
20 24 48
20 25 55
20 26 32
21 0 57
21 1 62
21 2 94
21 3 53
21 4 29
21 5 62
21 6 55
21 7 41
21 8 32
21 9 49
21 10 57
21 11 48
21 12 32
21 13 42
21 14 48
21 15 52
21 16 51
21 17 29
21 18 51
21 19 41
21 20 65
21 21 100
21 22 74
21 23 56
21 24 53
21 25 57
21 26 33
22 0 57
22 1 64
22 2 76
22 3 45
22 4 21
22 5 58
22 6 49
22 7 49
22 8 24
22 9 50
22 10 58
22 11 44
22 12 30
22 13 42
22 14 50
22 15 47
22 16 45
22 17 21
22 18 51
22 19 41
22 20 67
22 21 74
22 22 100
22 23 51
22 24 43
22 25 54
22 26 27
23 0 60
23 1 53
23 2 56
23 3 62
23 4 24
23 5 58
23 6 63
23 7 51
23 8 43
23 9 50
23 10 60
23 11 57
23 12 27
23 13 50
23 14 54
23 15 55
23 16 57
23 17 24
23 18 55
23 19 50
23 20 61
23 21 56
23 22 51
23 23 99
23 24 64
23 25 58
23 26 31
24 0 48
24 1 45
24 2 54
24 3 62
24 4 39
24 5 52
24 6 54
24 7 38
24 8 39
24 9 49
24 10 53
24 11 56
24 12 48
24 13 50
24 14 42
24 15 44
24 16 66
24 17 39
24 18 51
24 19 45
24 20 48
24 21 53
24 22 43
24 23 64
24 24 99
24 25 73
24 26 56
25 0 50
25 1 52
25 2 59
25 3 58
25 4 39
25 5 59
25 6 50
25 7 40
25 8 38
25 9 51
25 10 56
25 11 48
25 12 37
25 13 46
25 14 40
25 15 49
25 16 60
25 17 39
25 18 53
25 19 46
25 20 55
25 21 57
25 22 54
25 23 58
25 24 73
25 25 99
25 26 66
26 0 28
26 1 27
26 2 32
26 3 41
26 4 41
26 5 40
26 6 37
26 7 27
26 8 34
26 9 46
26 10 38
26 11 37
26 12 46
26 13 45
26 14 31
26 15 16
26 16 45
26 17 41
26 18 39
26 19 36
26 20 32
26 21 33
26 22 27
26 23 31
26 24 56
26 25 66
26 26 100
