0 0 99
0 1 41
0 2 66
0 3 59
0 4 52
0 5 46
0 6 92
0 7 52
0 8 42
0 9 29
0 10 41
0 11 41
0 12 66
0 13 63
0 14 59
0 15 59
0 16 56
0 17 59
0 18 47
0 19 69
0 20 51
0 21 61
0 22 63
0 23 68
0 24 30
0 25 33
0 26 47
0 27 63
0 28 44
0 29 60
0 30 46
0 31 44
0 32 75
0 33 76
0 34 72
0 35 67
0 36 57
0 37 64
0 38 66
0 39 66
0 40 56
1 0 41
1 1 99
1 2 43
1 3 33
1 4 57
1 5 31
1 6 44
1 7 42
1 8 48
1 9 53
1 10 42
1 11 99
1 12 43
1 13 35
1 14 54
1 15 34
1 16 27
1 17 35
1 18 25
1 19 47
1 20 35
1 21 56
1 22 37
1 23 54
1 24 44
1 25 23
1 26 30
1 27 33
1 28 18
1 29 40
1 30 26
1 31 22
1 32 49
1 33 50
1 34 34
1 35 44
1 36 40
1 37 53
1 38 58
1 39 62
1 40 42
2 0 66
2 1 43
2 2 99
2 3 62
2 4 56
2 5 54
2 6 67
2 7 52
2 8 38
2 9 34
2 10 46
2 11 43
2 12 99
2 13 64
2 14 59
2 15 72
2 16 68
2 17 72
2 18 53
2 19 67
2 20 53
2 21 63
2 22 69
2 23 68
2 24 28
2 25 39
2 26 50
2 27 61
2 28 43
2 29 64
2 30 52
2 31 44
2 32 71
2 33 72
2 34 57
2 35 67
2 36 57
2 37 70
2 38 72
2 39 60
2 40 56
3 0 59
3 1 33
3 2 62
3 3 100
3 4 52
3 5 43
3 6 58
3 7 42
3 8 39
3 9 20
3 10 25
3 11 33
3 12 62
3 13 96
3 14 53
3 15 61
3 16 51
3 17 54
3 18 42
3 19 66
3 20 44
3 21 57
3 22 56
3 23 52
3 24 23
3 25 28
3 26 44
3 27 53
3 28 34
3 29 49
3 30 43
3 31 43
3 32 58
3 33 66
3 34 48
3 35 66
3 36 48
3 37 64
3 38 59
3 39 52
3 40 48
4 0 52
4 1 57
4 2 56
4 3 52
4 4 99
4 5 43
4 6 55
4 7 48
4 8 50
4 9 43
4 10 38
4 11 57
4 12 56
4 13 55
4 14 80
4 15 55
4 16 43
4 17 50
4 18 46
4 19 63
4 20 46
4 21 60
4 22 62
4 23 57
4 24 37
4 25 34
4 26 51
4 27 54
4 28 39
4 29 56
4 30 41
4 31 40
4 32 62
4 33 60
4 34 45
4 35 60
4 36 59
4 37 64
4 38 59
4 39 61
4 40 57
5 0 46
5 1 31
5 2 54
5 3 43
5 4 43
5 5 100
5 6 47
5 7 53
5 8 42
5 9 25
5 10 43
5 11 31
5 12 54
5 13 47
5 14 50
5 15 88
5 16 60
5 17 64
5 18 51
5 19 44
5 20 52
5 21 42
5 22 52
5 23 42
5 24 19
5 25 37
5 26 47
5 27 48
5 28 43
5 29 44
5 30 38
5 31 44
5 32 52
5 33 49
5 34 44
5 35 48
5 36 54
5 37 46
5 38 45
5 39 47
5 40 44
6 0 92
6 1 44
6 2 67
6 3 58
6 4 55
6 5 47
6 6 100
6 7 58
6 8 43
6 9 33
6 10 49
6 11 44
6 12 67
6 13 62
6 14 64
6 15 61
6 16 57
6 17 64
6 18 53
6 19 70
6 20 67
6 21 61
6 22 68
6 23 74
6 24 32
6 25 45
6 26 53
6 27 69
6 28 45
6 29 65
6 30 53
6 31 50
6 32 77
6 33 79
6 34 69
6 35 68
6 36 63
6 37 64
6 38 66
6 39 67
6 40 59
7 0 52
7 1 42
7 2 52
7 3 42
7 4 48
7 5 53
7 6 58
7 7 100
7 8 65
7 9 34
7 10 47
7 11 42
7 12 52
7 13 44
7 14 61
7 15 56
7 16 49
7 17 64
7 18 50
7 19 48
7 20 61
7 21 52
7 22 62
7 23 54
7 24 31
7 25 45
7 26 67
7 27 56
7 28 40
7 29 61
7 30 53
7 31 43
7 32 56
7 33 57
7 34 48
7 35 55
7 36 70
7 37 57
7 38 49
7 39 59
7 40 45
8 0 42
8 1 48
8 2 38
8 3 39
8 4 50
8 5 42
8 6 43
8 7 65
8 8 100
8 9 33
8 10 34
8 11 48
8 12 38
8 13 38
8 14 60
8 15 41
8 16 33
8 17 45
8 18 37
8 19 42
8 20 40
8 21 48
8 22 48
8 23 43
8 24 33
8 25 28
8 26 54
8 27 38
8 28 34
8 29 44
8 30 39
8 31 27
8 32 45
8 33 43
8 34 34
8 35 50
8 36 52
8 37 53
8 38 42
8 39 55
8 40 30
9 0 29
9 1 53
9 2 34
9 3 20
9 4 43
9 5 25
9 6 33
9 7 34
9 8 33
9 9 99
9 10 51
9 11 53
9 12 34
9 13 23
9 14 40
9 15 25
9 16 26
9 17 28
9 18 19
9 19 32
9 20 33
9 21 46
9 22 29
9 23 40
9 24 41
9 25 28
9 26 28
9 27 27
9 28 11
9 29 37
9 30 26
9 31 26
9 32 39
9 33 34
9 34 32
9 35 30
9 36 29
9 37 41
9 38 39
9 39 41
9 40 25
10 0 41
10 1 42
10 2 46
10 3 25
10 4 38
10 5 43
10 6 49
10 7 47
10 8 34
10 9 51
10 10 100
10 11 42
10 12 46
10 13 27
10 14 39
10 15 39
10 16 45
10 17 49
10 18 40
10 19 35
10 20 54
10 21 35
10 22 37
10 23 45
10 24 35
10 25 43
10 26 35
10 27 40
10 28 32
10 29 43
10 30 30
10 31 40
10 32 50
10 33 39
10 34 47
10 35 36
10 36 45
10 37 35
10 38 42
10 39 47
10 40 37
11 0 41
11 1 99
11 2 43
11 3 33
11 4 57
11 5 31
11 6 44
11 7 42
11 8 48
11 9 53
11 10 42
11 11 99
11 12 43
11 13 35
11 14 54
11 15 34
11 16 27
11 17 35
11 18 25
11 19 47
11 20 35
11 21 56
11 22 37
11 23 54
11 24 44
11 25 23
11 26 30
11 27 33
11 28 18
11 29 40
11 30 26
11 31 22
11 32 49
11 33 50
11 34 34
11 35 44
11 36 40
11 37 53
11 38 58
11 39 62
11 40 42
12 0 66
12 1 43
12 2 99
12 3 62
12 4 56
12 5 54
12 6 67
12 7 52
12 8 38
12 9 34
12 10 46
12 11 43
12 12 99
12 13 64
12 14 59
12 15 72
12 16 68
12 17 72
12 18 53
12 19 67
12 20 53
12 21 63
12 22 69
12 23 68
12 24 28
12 25 39
12 26 50
12 27 61
12 28 43
12 29 64
12 30 52
12 31 44
12 32 71
12 33 72
12 34 57
12 35 67
12 36 57
12 37 70
12 38 72
12 39 60
12 40 56
13 0 63
13 1 35
13 2 64
13 3 96
13 4 55
13 5 47
13 6 62
13 7 44
13 8 38
13 9 23
13 10 27
13 11 35
13 12 64
13 13 100
13 14 55
13 15 64
13 16 54
13 17 56
13 18 44
13 19 68
13 20 49
13 21 61
13 22 60
13 23 55
13 24 25
13 25 29
13 26 46
13 27 56
13 28 34
13 29 53
13 30 43
13 31 44
13 32 66
13 33 69
13 34 56
13 35 68
13 36 57
13 37 67
13 38 65
13 39 58
13 40 56
14 0 59
14 1 54
14 2 59
14 3 53
14 4 80
14 5 50
14 6 64
14 7 61
14 8 60
14 9 40
14 10 39
14 11 54
14 12 59
14 13 55
14 14 100
14 15 59
14 16 43
14 17 59
14 18 52
14 19 64
14 20 54
14 21 60
14 22 73
14 23 63
14 24 35
14 25 37
14 26 62
14 27 64
14 28 42
14 29 71
14 30 60
14 31 52
14 32 69
14 33 66
14 34 55
14 35 64
14 36 72
14 37 69
14 38 62
14 39 66
14 40 59
15 0 59
15 1 34
15 2 72
15 3 61
15 4 55
15 5 88
15 6 61
15 7 56
15 8 41
15 9 25
15 10 39
15 11 34
15 12 72
15 13 64
15 14 59
15 15 99
15 16 74
15 17 74
15 18 54
15 19 66
15 20 55
15 21 62
15 22 68
15 23 55
15 24 22
15 25 36
15 26 59
15 27 61
15 28 42
15 29 58
15 30 50
15 31 46
15 32 65
15 33 67
15 34 54
15 35 69
15 36 62
15 37 67
15 38 62
15 39 58
15 40 59
16 0 56
16 1 27
16 2 68
16 3 51
16 4 43
16 5 60
16 6 57
16 7 49
16 8 33
16 9 26
16 10 45
16 11 27
16 12 68
16 13 54
16 14 43
16 15 74
16 16 100
16 17 70
16 18 50
16 19 56
16 20 50
16 21 54
16 22 55
16 23 52
16 24 24
16 25 35
16 26 49
16 27 50
16 28 31
16 29 51
16 30 41
16 31 38
16 32 65
16 33 58
16 34 51
16 35 67
16 36 50
16 37 57
16 38 55
16 39 54
16 40 47
17 0 59
17 1 35
17 2 72
17 3 54
17 4 50
17 5 64
17 6 64
17 7 64
17 8 45
17 9 28
17 10 49
17 11 35
17 12 72
17 13 56
17 14 59
17 15 74
17 16 70
17 17 100
17 18 67
17 19 60
17 20 60
17 21 55
17 22 67
17 23 59
17 24 27
17 25 45
17 26 59
17 27 61
17 28 52
17 29 59
17 30 48
17 31 49
17 32 63
17 33 68
17 34 50
17 35 62
17 36 62
17 37 62
17 38 58
17 39 55
17 40 49
18 0 47
18 1 25
18 2 53
18 3 42
18 4 46
18 5 51
18 6 53
18 7 50
18 8 37
18 9 19
18 10 40
18 11 25
18 12 53
18 13 44
18 14 52
18 15 54
18 16 50
18 17 67
18 18 100
18 19 47
18 20 51
18 21 36
18 22 56
18 23 46
18 24 19
18 25 36
18 26 42
18 27 47
18 28 41
18 29 40
18 30 31
18 31 38
18 32 48
18 33 49
18 34 40
18 35 50
18 36 50
18 37 44
18 38 44
18 39 43
18 40 37
19 0 69
19 1 47
19 2 67
19 3 66
19 4 63
19 5 44
19 6 70
19 7 48
19 8 42
19 9 32
19 10 35
19 11 47
19 12 67
19 13 68
19 14 64
19 15 66
19 16 56
19 17 60
19 18 47
19 19 99
19 20 53
19 21 82
19 22 66
19 23 74
19 24 30
19 25 36
19 26 53
19 27 78
19 28 31
19 29 64
19 30 48
19 31 45
19 32 71
19 33 79
19 34 64
19 35 78
19 36 57
19 37 82
19 38 83
19 39 75
19 40 59
20 0 51
20 1 35
20 2 53
20 3 44
20 4 46
20 5 52
20 6 67
20 7 61
20 8 40
20 9 33
20 10 54
20 11 35
20 12 53
20 13 49
20 14 54
20 15 55
20 16 50
20 17 60
20 18 51
20 19 53
20 20 99
20 21 48
20 22 56
20 23 61
20 24 25
20 25 62
20 26 48
20 27 57
20 28 43
20 29 51
20 30 42
20 31 45
20 32 58
20 33 59
20 34 48
20 35 54
20 36 64
20 37 49
20 38 55
20 39 56
20 40 52
21 0 61
21 1 56
21 2 63
21 3 57
21 4 60
21 5 42
21 6 61
21 7 52
21 8 48
21 9 46
21 10 35
21 11 56
21 12 63
21 13 61
21 14 60
21 15 62
21 16 54
21 17 55
21 18 36
21 19 82
21 20 48
21 21 99
21 22 61
21 23 68
21 24 37
21 25 30
21 26 56
21 27 67
21 28 22
21 29 65
21 30 49
21 31 37
21 32 70
21 33 72
21 34 59
21 35 77
21 36 55
21 37 82
21 38 75
21 39 78
21 40 56
22 0 63
22 1 37
22 2 69
22 3 56
22 4 62
22 5 52
22 6 68
22 7 62
22 8 48
22 9 29
22 10 37
22 11 37
22 12 69
22 13 60
22 14 73
22 15 68
22 16 55
22 17 67
22 18 56
22 19 66
22 20 56
22 21 61
22 22 100
22 23 63
22 24 29
22 25 36
22 26 68
22 27 72
22 28 44
22 29 66
22 30 60
22 31 56
22 32 69
22 33 68
22 34 58
22 35 64
22 36 72
22 37 68
22 38 63
22 39 64
22 40 65
23 0 68
23 1 54
23 2 68
23 3 52
23 4 57
23 5 42
23 6 74
23 7 54
23 8 43
23 9 40
23 10 45
23 11 54
23 12 68
23 13 55
23 14 63
23 15 55
23 16 52
23 17 59
23 18 46
23 19 74
23 20 61
23 21 68
23 22 63
23 23 99
23 24 44
23 25 42
23 26 49
23 27 73
23 28 39
23 29 68
23 30 53
23 31 47
23 32 83
23 33 75
23 34 70
23 35 66
23 36 61
23 37 73
23 38 73
23 39 71
23 40 56
24 0 30
24 1 44
24 2 28
24 3 23
24 4 37
24 5 19
24 6 32
24 7 31
24 8 33
24 9 41
24 10 35
24 11 44
24 12 28
24 13 25
24 14 35
24 15 22
24 16 24
24 17 27
24 18 19
24 19 30
24 20 25
24 21 37
24 22 29
24 23 44
24 24 100
24 25 19
24 26 30
24 27 27
24 28 21
24 29 45
24 30 29
24 31 21
24 32 39
24 33 28
24 34 34
24 35 32
24 36 33
24 37 35
24 38 33
24 39 44
24 40 31
25 0 33
25 1 23
25 2 39
25 3 28
25 4 34
25 5 37
25 6 45
25 7 45
25 8 28
25 9 28
25 10 43
25 11 23
25 12 39
25 13 29
25 14 37
25 15 36
25 16 35
25 17 45
25 18 36
25 19 36
25 20 62
25 21 30
25 22 36
25 23 42
25 24 19
25 25 100
25 26 38
25 27 45
25 28 34
25 29 33
25 30 28
25 31 46
25 32 35
25 33 36
25 34 31
25 35 32
25 36 41
25 37 31
25 38 35
25 39 33
25 40 35
26 0 47
26 1 30
26 2 50
26 3 44
26 4 51
26 5 47
26 6 53
26 7 67
26 8 54
26 9 28
26 10 35
26 11 30
26 12 50
26 13 46
26 14 62
26 15 59
26 16 49
26 17 59
26 18 42
26 19 53
26 20 48
26 21 56
26 22 68
26 23 49
26 24 30
26 25 38
26 26 100
26 27 63
26 28 37
26 29 67
26 30 58
26 31 48
26 32 56
26 33 52
26 34 42
26 35 58
26 36 68
26 37 62
26 38 46
26 39 61
26 40 50
27 0 63
27 1 33
27 2 61
27 3 53
27 4 54
27 5 48
27 6 69
27 7 56
27 8 38
27 9 27
27 10 40
27 11 33
27 12 61
27 13 56
27 14 64
27 15 61
27 16 50
27 17 61
27 18 47
27 19 78
27 20 57
27 21 67
27 22 72
27 23 73
27 24 27
27 25 45
27 26 63
27 27 100
27 28 39
27 29 72
27 30 58
27 31 53
27 32 72
27 33 71
27 34 69
27 35 61
27 36 67
27 37 71
27 38 70
27 39 66
27 40 61
28 0 44
28 1 18
28 2 43
28 3 34
28 4 39
28 5 43
28 6 45
28 7 40
28 8 34
28 9 11
28 10 32
28 11 18
28 12 43
28 13 34
28 14 42
28 15 42
28 16 31
28 17 52
28 18 41
28 19 31
28 20 43
28 21 22
28 22 44
28 23 39
28 24 21
28 25 34
28 26 37
28 27 39
28 28 100
28 29 38
28 30 38
28 31 37
28 32 38
28 33 36
28 34 36
28 35 32
28 36 37
28 37 29
28 38 31
28 39 30
28 40 31
29 0 60
29 1 40
29 2 64
29 3 49
29 4 56
29 5 44
29 6 65
29 7 61
29 8 44
29 9 37
29 10 43
29 11 40
29 12 64
29 13 53
29 14 71
29 15 58
29 16 51
29 17 59
29 18 40
29 19 64
29 20 51
29 21 65
29 22 66
29 23 68
29 24 45
29 25 33
29 26 67
29 27 72
29 28 38
29 29 100
29 30 75
29 31 54
29 32 75
29 33 67
29 34 71
29 35 58
29 36 72
29 37 71
29 38 63
29 39 72
29 40 62
30 0 46
30 1 26
30 2 52
30 3 43
30 4 41
30 5 38
30 6 53
30 7 53
30 8 39
30 9 26
30 10 30
30 11 26
30 12 52
30 13 43
30 14 60
30 15 50
30 16 41
30 17 48
30 18 31
30 19 48
30 20 42
30 21 49
30 22 60
30 23 53
30 24 29
30 25 28
30 26 58
30 27 58
30 28 38
30 29 75
30 30 99
30 31 57
30 32 56
30 33 49
30 34 55
30 35 45
30 36 54
30 37 56
30 38 45
30 39 46
30 40 43
31 0 44
31 1 22
31 2 44
31 3 43
31 4 40
31 5 44
31 6 50
31 7 43
31 8 27
31 9 26
31 10 40
31 11 22
31 12 44
31 13 44
31 14 52
31 15 46
31 16 38
31 17 49
31 18 38
31 19 45
31 20 45
31 21 37
31 22 56
31 23 47
31 24 21
31 25 46
31 26 48
31 27 53
31 28 37
31 29 54
31 30 57
31 31 99
31 32 51
31 33 47
31 34 47
31 35 39
31 36 49
31 37 43
31 38 41
31 39 44
31 40 42
32 0 75
32 1 49
32 2 71
32 3 58
32 4 62
32 5 52
32 6 77
32 7 56
32 8 45
32 9 39
32 10 50
32 11 49
32 12 71
32 13 66
32 14 69
32 15 65
32 16 65
32 17 63
32 18 48
32 19 71
32 20 58
32 21 70
32 22 69
32 23 83
32 24 39
32 25 35
32 26 56
32 27 72
32 28 38
32 29 75
32 30 56
32 31 51
32 32 99
32 33 75
32 34 79
32 35 72
32 36 70
32 37 75
32 38 74
32 39 75
32 40 69
33 0 76
33 1 50
33 2 72
33 3 66
33 4 60
33 5 49
33 6 79
33 7 57
33 8 43
33 9 34
33 10 39
33 11 50
33 12 72
33 13 69
33 14 66
33 15 67
33 16 58
33 17 68
33 18 49
33 19 79
33 20 59
33 21 72
33 22 68
33 23 75
33 24 28
33 25 36
33 26 52
33 27 71
33 28 36
33 29 67
33 30 49
33 31 47
33 32 75
33 33 99
33 34 66
33 35 76
33 36 65
33 37 80
33 38 76
33 39 73
33 40 65
34 0 72
34 1 34
34 2 57
34 3 48
34 4 45
34 5 44
34 6 69
34 7 48
34 8 34
34 9 32
34 10 47
34 11 34
34 12 57
34 13 56
34 14 55
34 15 54
34 16 51
34 17 50
34 18 40
34 19 64
34 20 48
34 21 59
34 22 58
34 23 70
34 24 34
34 25 31
34 26 42
34 27 69
34 28 36
34 29 71
34 30 55
34 31 47
34 32 79
34 33 66
34 34 100
34 35 57
34 36 64
34 37 62
34 38 64
34 39 67
34 40 59
35 0 67
35 1 44
35 2 67
35 3 66
35 4 60
35 5 48
35 6 68
35 7 55
35 8 50
35 9 30
35 10 36
35 11 44
35 12 67
35 13 68
35 14 64
35 15 69
35 16 67
35 17 62
35 18 50
35 19 78
35 20 54
35 21 77
35 22 64
35 23 66
35 24 32
35 25 32
35 26 58
35 27 61
35 28 32
35 29 58
35 30 45
35 31 39
35 32 72
35 33 76
35 34 57
35 35 100
35 36 60
35 37 76
35 38 71
35 39 76
35 40 54
36 0 57
36 1 40
36 2 57
36 3 48
36 4 59
36 5 54
36 6 63
36 7 70
36 8 52
36 9 29
36 10 45
36 11 40
36 12 57
36 13 57
36 14 72
36 15 62
36 16 50
36 17 62
36 18 50
36 19 57
36 20 64
36 21 55
36 22 72
36 23 61
36 24 33
36 25 41
36 26 68
36 27 67
36 28 37
36 29 72
36 30 54
36 31 49
36 32 70
36 33 65
36 34 64
36 35 60
36 36 100
36 37 64
36 38 63
36 39 68
36 40 69
37 0 64
37 1 53
37 2 70
37 3 64
37 4 64
37 5 46
37 6 64
37 7 57
37 8 53
37 9 41
37 10 35
37 11 53
37 12 70
37 13 67
37 14 69
37 15 67
37 16 57
37 17 62
37 18 44
37 19 82
37 20 49
37 21 82
37 22 68
37 23 73
37 24 35
37 25 31
37 26 62
37 27 71
37 28 29
37 29 71
37 30 56
37 31 43
37 32 75
37 33 80
37 34 62
37 35 76
37 36 64
37 37 100
37 38 83
37 39 75
37 40 60
38 0 66
38 1 58
38 2 72
38 3 59
38 4 59
38 5 45
38 6 66
38 7 49
38 8 42
38 9 39
38 10 42
38 11 58
38 12 72
38 13 65
38 14 62
38 15 62
38 16 55
38 17 58
38 18 44
38 19 83
38 20 55
38 21 75
38 22 63
38 23 73
38 24 33
38 25 35
38 26 46
38 27 70
38 28 31
38 29 63
38 30 45
38 31 41
38 32 74
38 33 76
38 34 64
38 35 71
38 36 63
38 37 83
38 38 99
38 39 76
38 40 62
39 0 66
39 1 62
39 2 60
39 3 52
39 4 61
39 5 47
39 6 67
39 7 59
39 8 55
39 9 41
39 10 47
39 11 62
39 12 60
39 13 58
39 14 66
39 15 58
39 16 54
39 17 55
39 18 43
39 19 75
39 20 56
39 21 78
39 22 64
39 23 71
39 24 44
39 25 33
39 26 61
39 27 66
39 28 30
39 29 72
39 30 46
39 31 44
39 32 75
39 33 73
39 34 67
39 35 76
39 36 68
39 37 75
39 38 76
39 39 100
39 40 64
40 0 56
40 1 42
40 2 56
40 3 48
40 4 57
40 5 44
40 6 59
40 7 45
40 8 30
40 9 25
40 10 37
40 11 42
40 12 56
40 13 56
40 14 59
40 15 59
40 16 47
40 17 49
40 18 37
40 19 59
40 20 52
40 21 56
40 22 65
40 23 56
40 24 31
40 25 35
40 26 50
40 27 61
40 28 31
40 29 62
40 30 43
40 31 42
40 32 69
40 33 65
40 34 59
40 35 54
40 36 69
40 37 60
40 38 62
40 39 64
40 40 99
