0 0 100
0 1 49
0 2 54
0 3 49
0 4 47
0 5 61
0 6 46
0 7 29
0 8 58
0 9 65
0 10 88
0 11 49
0 12 42
0 13 51
0 14 61
0 15 50
0 16 35
0 17 61
0 18 51
0 19 74
0 20 66
0 21 63
0 22 41
0 23 61
0 24 55
0 25 53
0 26 49
0 27 50
0 28 58
0 29 70
0 30 57
0 31 55
0 32 47
0 33 42
0 34 51
0 35 47
0 36 35
0 37 52
0 38 56
0 39 56
0 40 39
0 41 60
0 42 44
0 43 30
0 44 52
1 0 49
1 1 99
1 2 69
1 3 54
1 4 58
1 5 41
1 6 45
1 7 29
1 8 49
1 9 42
1 10 65
1 11 49
1 12 61
1 13 60
1 14 58
1 15 54
1 16 32
1 17 62
1 18 46
1 19 55
1 20 52
1 21 64
1 22 40
1 23 63
1 24 43
1 25 28
1 26 34
1 27 51
1 28 54
1 29 45
1 30 49
1 31 55
1 32 50
1 33 36
1 34 31
1 35 72
1 36 30
1 37 43
1 38 47
1 39 47
1 40 33
1 41 31
1 42 38
1 43 35
1 44 37
2 0 54
2 1 69
2 2 99
2 3 51
2 4 61
2 5 40
2 6 47
2 7 40
2 8 46
2 9 50
2 10 62
2 11 56
2 12 55
2 13 78
2 14 70
2 15 55
2 16 43
2 17 69
2 18 52
2 19 61
2 20 45
2 21 66
2 22 48
2 23 67
2 24 54
2 25 41
2 26 39
2 27 60
2 28 59
2 29 55
2 30 51
2 31 56
2 32 49
2 33 47
2 34 35
2 35 70
2 36 40
2 37 46
2 38 48
2 39 44
2 40 35
2 41 35
2 42 43
2 43 34
2 44 47
3 0 49
3 1 54
3 2 51
3 3 100
3 4 58
3 5 40
3 6 45
3 7 41
3 8 44
3 9 47
3 10 64
3 11 89
3 12 59
3 13 62
3 14 43
3 15 52
3 16 46
3 17 64
3 18 51
3 19 60
3 20 42
3 21 58
3 22 45
3 23 61
3 24 65
3 25 48
3 26 36
3 27 43
3 28 60
3 29 55
3 30 47
3 31 49
3 32 50
3 33 42
3 34 33
3 35 57
3 36 36
3 37 47
3 38 49
3 39 46
3 40 35
3 41 37
3 42 36
3 43 38
3 44 47
4 0 47
4 1 58
4 2 61
4 3 58
4 4 99
4 5 43
4 6 34
4 7 28
4 8 42
4 9 44
4 10 61
4 11 57
4 12 54
4 13 57
4 14 53
4 15 75
4 16 35
4 17 65
4 18 40
4 19 60
4 20 43
4 21 54
4 22 42
4 23 56
4 24 57
4 25 42
4 26 35
4 27 50
4 28 64
4 29 57
4 30 49
4 31 44
4 32 46
4 33 41
4 34 31
4 35 56
4 36 34
4 37 47
4 38 38
4 39 39
4 40 26
4 41 41
4 42 33
4 43 29
4 44 44
5 0 61
5 1 41
5 2 40
5 3 40
5 4 43
5 5 100
5 6 38
5 7 27
5 8 70
5 9 56
5 10 66
5 11 42
5 12 45
5 13 40
5 14 45
5 15 41
5 16 24
5 17 60
5 18 38
5 19 58
5 20 52
5 21 48
5 22 39
5 23 50
5 24 51
5 25 41
5 26 44
5 27 54
5 28 49
5 29 59
5 30 53
5 31 48
5 32 43
5 33 36
5 34 58
5 35 43
5 36 34
5 37 57
5 38 49
5 39 56
5 40 28
5 41 58
5 42 54
5 43 36
5 44 60
6 0 46
6 1 45
6 2 47
6 3 45
6 4 34
6 5 38
6 6 99
6 7 47
6 8 57
6 9 54
6 10 48
6 11 51
6 12 61
6 13 55
6 14 36
6 15 35
6 16 42
6 17 50
6 18 42
6 19 47
6 20 37
6 21 50
6 22 55
6 23 53
6 24 53
6 25 41
6 26 34
6 27 47
6 28 54
6 29 48
6 30 41
6 31 54
6 32 50
6 33 36
6 34 50
6 35 48
6 36 46
6 37 60
6 38 48
6 39 54
6 40 37
6 41 33
6 42 57
6 43 61
6 44 50
7 0 29
7 1 29
7 2 40
7 3 41
7 4 28
7 5 27
7 6 47
7 7 100
7 8 46
7 9 51
7 10 35
7 11 44
7 12 58
7 13 50
7 14 28
7 15 19
7 16 53
7 17 42
7 18 40
7 19 38
7 20 27
7 21 42
7 22 51
7 23 41
7 24 47
7 25 27
7 26 30
7 27 37
7 28 39
7 29 39
7 30 38
7 31 40
7 32 47
7 33 39
7 34 29
7 35 41
7 36 51
7 37 47
7 38 52
7 39 34
7 40 20
7 41 30
7 42 44
7 43 48
7 44 43
8 0 58
8 1 49
8 2 46
8 3 44
8 4 42
8 5 70
8 6 57
8 7 46
8 8 100
8 9 59
8 10 65
8 11 50
8 12 60
8 13 53
8 14 39
8 15 37
8 16 37
8 17 61
8 18 48
8 19 64
8 20 50
8 21 53
8 22 54
8 23 55
8 24 59
8 25 49
8 26 45
8 27 53
8 28 58
8 29 60
8 30 51
8 31 54
8 32 50
8 33 42
8 34 61
8 35 50
8 36 45
8 37 68
8 38 54
8 39 58
8 40 31
8 41 62
8 42 64
8 43 54
8 44 67
9 0 65
9 1 42
9 2 50
9 3 47
9 4 44
9 5 56
9 6 54
9 7 51
9 8 59
9 9 99
9 10 67
9 11 51
9 12 53
9 13 57
9 14 52
9 15 40
9 16 42
9 17 61
9 18 48
9 19 63
9 20 57
9 21 58
9 22 53
9 23 60
9 24 63
9 25 49
9 26 48
9 27 48
9 28 56
9 29 60
9 30 50
9 31 51
9 32 50
9 33 48
9 34 48
9 35 54
9 36 50
9 37 62
9 38 60
9 39 53
9 40 33
9 41 47
9 42 50
9 43 45
9 44 55
10 0 88
10 1 65
10 2 62
10 3 64
10 4 61
10 5 66
10 6 48
10 7 35
10 8 65
10 9 67
10 10 100
10 11 65
10 12 59
10 13 60
10 14 61
10 15 60
10 16 40
10 17 72
10 18 55
10 19 83
10 20 74
10 21 70
10 22 49
10 23 71
10 24 68
10 25 55
10 26 54
10 27 57
10 28 64
10 29 72
10 30 64
10 31 63
10 32 58
10 33 49
10 34 52
10 35 64
10 36 42
10 37 60
10 38 64
10 39 60
10 40 38
10 41 63
10 42 52
10 43 40
10 44 56
11 0 49
11 1 49
11 2 56
11 3 89
11 4 57
11 5 42
11 6 51
11 7 44
11 8 50
11 9 51
11 10 65
11 11 100
11 12 62
11 13 67
11 14 48
11 15 57
11 16 53
11 17 66
11 18 56
11 19 64
11 20 40
11 21 58
11 22 51
11 23 62
11 24 72
11 25 52
11 26 39
11 27 47
11 28 65
11 29 59
11 30 49
11 31 56
11 32 50
11 33 47
11 34 37
11 35 57
11 36 40
11 37 54
11 38 55
11 39 51
11 40 39
11 41 42
11 42 44
11 43 45
11 44 50
12 0 42
12 1 61
12 2 55
12 3 59
12 4 54
12 5 45
12 6 61
12 7 58
12 8 60
12 9 53
12 10 59
12 11 62
12 12 100
12 13 68
12 14 41
12 15 47
12 16 48
12 17 70
12 18 48
12 19 58
12 20 48
12 21 64
12 22 59
12 23 65
12 24 64
12 25 40
12 26 38
12 27 50
12 28 61
12 29 52
12 30 52
12 31 60
12 32 61
12 33 45
12 34 43
12 35 65
12 36 53
12 37 60
12 38 58
12 39 58
12 40 41
12 41 38
12 42 58
12 43 59
12 44 54
13 0 51
13 1 60
13 2 78
13 3 62
13 4 57
13 5 40
13 6 55
13 7 50
13 8 53
13 9 57
13 10 60
13 11 67
13 12 68
13 13 99
13 14 60
13 15 54
13 16 54
13 17 69
13 18 64
13 19 67
13 20 40
13 21 68
13 22 64
13 23 71
13 24 70
13 25 48
13 26 41
13 27 53
13 28 64
13 29 55
13 30 54
13 31 61
13 32 52
13 33 55
13 34 40
13 35 63
13 36 51
13 37 52
13 38 60
13 39 53
13 40 36
13 41 35
13 42 53
13 43 54
13 44 55
14 0 61
14 1 58
14 2 70
14 3 43
14 4 53
14 5 45
14 6 36
14 7 28
14 8 39
14 9 52
14 10 61
14 11 48
14 12 41
14 13 60
14 14 100
14 15 64
14 16 31
14 17 63
14 18 47
14 19 55
14 20 50
14 21 59
14 22 43
14 23 59
14 24 46
14 25 40
14 26 38
14 27 48
14 28 53
14 29 57
14 30 47
14 31 55
14 32 48
14 33 37
14 34 36
14 35 51
14 36 28
14 37 38
14 38 45
14 39 44
14 40 32
14 41 37
14 42 35
14 43 26
14 44 46
15 0 50
15 1 54
15 2 55
15 3 52
15 4 75
15 5 41
15 6 35
15 7 19
15 8 37
15 9 40
15 10 60
15 11 57
15 12 47
15 13 54
15 14 64
15 15 100
15 16 34
15 17 61
15 18 44
15 19 56
15 20 42
15 21 55
15 22 40
15 23 55
15 24 56
15 25 43
15 26 32
15 27 44
15 28 60
15 29 57
15 30 45
15 31 50
15 32 46
15 33 42
15 34 32
15 35 52
15 36 28
15 37 39
15 38 39
15 39 40
15 40 30
15 41 34
15 42 31
15 43 31
15 44 51
16 0 35
16 1 32
16 2 43
16 3 46
16 4 35
16 5 24
16 6 42
16 7 53
16 8 37
16 9 42
16 10 40
16 11 53
16 12 48
16 13 54
16 14 31
16 15 34
16 16 100
16 17 42
16 18 50
16 19 41
16 20 21
16 21 40
16 22 43
16 23 44
16 24 51
16 25 30
16 26 27
16 27 34
16 28 44
16 29 41
16 30 36
16 31 41
16 32 38
16 33 29
16 34 26
16 35 36
16 36 39
16 37 35
16 38 52
16 39 34
16 40 26
16 41 22
16 42 35
16 43 37
16 44 36
17 0 61
17 1 62
17 2 69
17 3 64
17 4 65
17 5 60
17 6 50
17 7 42
17 8 61
17 9 61
17 10 72
17 11 66
17 12 70
17 13 69
17 14 63
17 15 61
17 16 42
17 17 100
17 18 57
17 19 73
17 20 63
17 21 71
17 22 57
17 23 73
17 24 70
17 25 49
17 26 49
17 27 67
17 28 74
17 29 64
17 30 66
17 31 63
17 32 58
17 33 53
17 34 43
17 35 68
17 36 46
17 37 65
17 38 61
17 39 60
17 40 41
17 41 54
17 42 54
17 43 41
17 44 58
18 0 51
18 1 46
18 2 52
18 3 51
18 4 40
18 5 38
18 6 42
18 7 40
18 8 48
18 9 48
18 10 55
18 11 56
18 12 48
18 13 64
18 14 47
18 15 44
18 16 50
18 17 57
18 18 99
18 19 63
18 20 36
18 21 52
18 22 49
18 23 55
18 24 56
18 25 44
18 26 30
18 27 41
18 28 54
18 29 44
18 30 41
18 31 45
18 32 36
18 33 54
18 34 30
18 35 44
18 36 38
18 37 41
18 38 46
18 39 39
18 40 26
18 41 33
18 42 41
18 43 44
18 44 51
19 0 74
19 1 55
19 2 61
19 3 60
19 4 60
19 5 58
19 6 47
19 7 38
19 8 64
19 9 63
19 10 83
19 11 64
19 12 58
19 13 67
19 14 55
19 15 56
19 16 41
19 17 73
19 18 63
19 19 99
19 20 72
19 21 71
19 22 58
19 23 71
19 24 71
19 25 59
19 26 59
19 27 60
19 28 65
19 29 69
19 30 63
19 31 63
19 32 57
19 33 59
19 34 53
19 35 66
19 36 43
19 37 60
19 38 62
19 39 62
19 40 37
19 41 68
19 42 55
19 43 46
19 44 59
20 0 66
20 1 52
20 2 45
20 3 42
20 4 43
20 5 52
20 6 37
20 7 27
20 8 50
20 9 57
20 10 74
20 11 40
20 12 48
20 13 40
20 14 50
20 15 42
20 16 21
20 17 63
20 18 36
20 19 72
20 20 99
20 21 63
20 22 38
20 23 66
20 24 49
20 25 39
20 26 75
20 27 54
20 28 48
20 29 57
20 30 60
20 31 62
20 32 67
20 33 44
20 34 57
20 35 63
20 36 38
20 37 51
20 38 61
20 39 52
20 40 26
20 41 64
20 42 48
20 43 36
20 44 42
21 0 63
21 1 64
21 2 66
21 3 58
21 4 54
21 5 48
21 6 50
21 7 42
21 8 53
21 9 58
21 10 70
21 11 58
21 12 64
21 13 68
21 14 59
21 15 55
21 16 40
21 17 71
21 18 52
21 19 71
21 20 63
21 21 100
21 22 64
21 23 76
21 24 70
21 25 54
21 26 52
21 27 62
21 28 64
21 29 64
21 30 57
21 31 69
21 32 64
21 33 48
21 34 49
21 35 71
21 36 50
21 37 55
21 38 66
21 39 59
21 40 48
21 41 48
21 42 48
21 43 46
21 44 59
22 0 41
22 1 40
22 2 48
22 3 45
22 4 42
22 5 39
22 6 55
22 7 51
22 8 54
22 9 53
22 10 49
22 11 51
22 12 59
22 13 64
22 14 43
22 15 40
22 16 43
22 17 57
22 18 49
22 19 58
22 20 38
22 21 64
22 22 100
22 23 60
22 24 64
22 25 41
22 26 37
22 27 45
22 28 49
22 29 50
22 30 44
22 31 57
22 32 52
22 33 50
22 34 38
22 35 50
22 36 59
22 37 51
22 38 55
22 39 47
22 40 28
22 41 38
22 42 55
22 43 60
22 44 52
23 0 61
23 1 63
23 2 67
23 3 61
23 4 56
23 5 50
23 6 53
23 7 41
23 8 55
23 9 60
23 10 71
23 11 62
23 12 65
23 13 71
23 14 59
23 15 55
23 16 44
23 17 73
23 18 55
23 19 71
23 20 66
23 21 76
23 22 60
23 23 99
23 24 66
23 25 47
23 26 56
23 27 56
23 28 64
23 29 61
23 30 61
23 31 72
23 32 63
23 33 45
23 34 50
23 35 68
23 36 52
23 37 50
23 38 68
23 39 58
23 40 37
23 41 48
23 42 60
23 43 50
23 44 55
24 0 55
24 1 43
24 2 54
24 3 65
24 4 57
24 5 51
24 6 53
24 7 47
24 8 59
24 9 63
24 10 68
24 11 72
24 12 64
24 13 70
24 14 46
24 15 56
24 16 51
24 17 70
24 18 56
24 19 71
24 20 49
24 21 70
24 22 64
24 23 66
24 24 99
24 25 58
24 26 50
24 27 57
24 28 68
24 29 64
24 30 56
24 31 61
24 32 56
24 33 56
24 34 47
24 35 58
24 36 55
24 37 61
24 38 67
24 39 58
24 40 34
24 41 50
24 42 56
24 43 54
24 44 60
25 0 53
25 1 28
25 2 41
25 3 48
25 4 42
25 5 41
25 6 41
25 7 27
25 8 49
25 9 49
25 10 55
25 11 52
25 12 40
25 13 48
25 14 40
25 15 43
25 16 30
25 17 49
25 18 44
25 19 59
25 20 39
25 21 54
25 22 41
25 23 47
25 24 58
25 25 100
25 26 36
25 27 38
25 28 54
25 29 59
25 30 38
25 31 43
25 32 37
25 33 39
25 34 48
25 35 40
25 36 37
25 37 49
25 38 45
25 39 40
25 40 23
25 41 42
25 42 42
25 43 36
25 44 53
26 0 49
26 1 34
26 2 39
26 3 36
26 4 35
26 5 44
26 6 34
26 7 30
26 8 45
26 9 48
26 10 54
26 11 39
26 12 38
26 13 41
26 14 38
26 15 32
26 16 27
26 17 49
26 18 30
26 19 59
26 20 75
26 21 52
26 22 37
26 23 56
26 24 50
26 25 36
26 26 99
26 27 58
26 28 42
26 29 50
26 30 54
26 31 62
26 32 68
26 33 44
26 34 61
26 35 53
26 36 46
26 37 47
26 38 63
26 39 46
26 40 20
26 41 60
26 42 47
26 43 44
26 44 48
27 0 50
27 1 51
27 2 60
27 3 43
27 4 50
27 5 54
27 6 47
27 7 37
27 8 53
27 9 48
27 10 57
27 11 47
27 12 50
27 13 53
27 14 48
27 15 44
27 16 34
27 17 67
27 18 41
27 19 60
27 20 54
27 21 62
27 22 45
27 23 56
27 24 57
27 25 38
27 26 58
27 27 99
27 28 69
27 29 63
27 30 68
27 31 66
27 32 59
27 33 41
27 34 45
27 35 59
27 36 46
27 37 62
27 38 57
27 39 61
27 40 40
27 41 49
27 42 47
27 43 41
27 44 52
28 0 58
28 1 54
28 2 59
28 3 60
28 4 64
28 5 49
28 6 54
28 7 39
28 8 58
28 9 56
28 10 64
28 11 65
28 12 61
28 13 64
28 14 53
28 15 60
28 16 44
28 17 74
28 18 54
28 19 65
28 20 48
28 21 64
28 22 49
28 23 64
28 24 68
28 25 54
28 26 42
28 27 69
28 28 99
28 29 74
28 30 58
28 31 60
28 32 52
28 33 43
28 34 42
28 35 59
28 36 42
28 37 65
28 38 55
28 39 58
28 40 41
28 41 44
28 42 53
28 43 41
28 44 55
29 0 70
29 1 45
29 2 55
29 3 55
29 4 57
29 5 59
29 6 48
29 7 39
29 8 60
29 9 60
29 10 72
29 11 59
29 12 52
29 13 55
29 14 57
29 15 57
29 16 41
29 17 64
29 18 44
29 19 69
29 20 57
29 21 64
29 22 50
29 23 61
29 24 64
29 25 59
29 26 50
29 27 63
29 28 74
29 29 100
29 30 63
29 31 60
29 32 53
29 33 42
29 34 53
29 35 56
29 36 43
29 37 57
29 38 60
29 39 59
29 40 43
29 41 57
29 42 50
29 43 37
29 44 58
30 0 57
30 1 49
30 2 51
30 3 47
30 4 49
30 5 53
30 6 41
30 7 38
30 8 51
30 9 50
30 10 64
30 11 49
30 12 52
30 13 54
30 14 47
30 15 45
30 16 36
30 17 66
30 18 41
30 19 63
30 20 60
30 21 57
30 22 44
30 23 61
30 24 56
30 25 38
30 26 54
30 27 68
30 28 58
30 29 63
30 30 99
30 31 67
30 32 61
30 33 42
30 34 39
30 35 53
30 36 41
30 37 56
30 38 64
30 39 61
30 40 39
30 41 56
30 42 42
30 43 30
30 44 46
31 0 55
31 1 55
31 2 56
31 3 49
31 4 44
31 5 48
31 6 54
31 7 40
31 8 54
31 9 51
31 10 63
31 11 56
31 12 60
31 13 61
31 14 55
31 15 50
31 16 41
31 17 63
31 18 45
31 19 63
31 20 62
31 21 69
31 22 57
31 23 72
31 24 61
31 25 43
31 26 62
31 27 66
31 28 60
31 29 60
31 30 67
31 31 100
31 32 69
31 33 51
31 34 51
31 35 63
31 36 53
31 37 55
31 38 70
31 39 65
31 40 37
31 41 51
31 42 59
31 43 58
31 44 52
32 0 47
32 1 50
32 2 49
32 3 50
32 4 46
32 5 43
32 6 50
32 7 47
32 8 50
32 9 50
32 10 58
32 11 50
32 12 61
32 13 52
32 14 48
32 15 46
32 16 38
32 17 58
32 18 36
32 19 57
32 20 67
32 21 64
32 22 52
32 23 63
32 24 56
32 25 37
32 26 68
32 27 59
32 28 52
32 29 53
32 30 61
32 31 69
32 32 100
32 33 47
32 34 59
32 35 63
32 36 59
32 37 51
32 38 64
32 39 48
32 40 33
32 41 43
32 42 53
32 43 58
32 44 60
33 0 42
33 1 36
33 2 47
33 3 42
33 4 41
33 5 36
33 6 36
33 7 39
33 8 42
33 9 48
33 10 49
33 11 47
33 12 45
33 13 55
33 14 37
33 15 42
33 16 29
33 17 53
33 18 54
33 19 59
33 20 44
33 21 48
33 22 50
33 23 45
33 24 56
33 25 39
33 26 44
33 27 41
33 28 43
33 29 42
33 30 42
33 31 51
33 32 47
33 33 99
33 34 40
33 35 43
33 36 42
33 37 41
33 38 42
33 39 36
33 40 13
33 41 37
33 42 43
33 43 41
33 44 50
34 0 51
34 1 31
34 2 35
34 3 33
34 4 31
34 5 58
34 6 50
34 7 29
34 8 61
34 9 48
34 10 52
34 11 37
34 12 43
34 13 40
34 14 36
34 15 32
34 16 26
34 17 43
34 18 30
34 19 53
34 20 57
34 21 49
34 22 38
34 23 50
34 24 47
34 25 48
34 26 61
34 27 45
34 28 42
34 29 53
34 30 39
34 31 51
34 32 59
34 33 40
34 34 100
34 35 41
34 36 53
34 37 48
34 38 50
34 39 46
34 40 21
34 41 46
34 42 61
34 43 54
34 44 63
35 0 47
35 1 72
35 2 70
35 3 57
35 4 56
35 5 43
35 6 48
35 7 41
35 8 50
35 9 54
35 10 64
35 11 57
35 12 65
35 13 63
35 14 51
35 15 52
35 16 36
35 17 68
35 18 44
35 19 66
35 20 63
35 21 71
35 22 50
35 23 68
35 24 58
35 25 40
35 26 53
35 27 59
35 28 59
35 29 56
35 30 53
35 31 63
35 32 63
35 33 43
35 34 41
35 35 99
35 36 49
35 37 56
35 38 57
35 39 49
35 40 34
35 41 42
35 42 51
35 43 52
35 44 46
36 0 35
36 1 30
36 2 40
36 3 36
36 4 34
36 5 34
36 6 46
36 7 51
36 8 45
36 9 50
36 10 42
36 11 40
36 12 53
36 13 51
36 14 28
36 15 28
36 16 39
36 17 46
36 18 38
36 19 43
36 20 38
36 21 50
36 22 59
36 23 52
36 24 55
36 25 37
36 26 46
36 27 46
36 28 42
36 29 43
36 30 41
36 31 53
36 32 59
36 33 42
36 34 53
36 35 49
36 36 100
36 37 51
36 38 55
36 39 37
36 40 19
36 41 32
36 42 56
36 43 64
36 44 52
37 0 52
37 1 43
37 2 46
37 3 47
37 4 47
37 5 57
37 6 60
37 7 47
37 8 68
37 9 62
37 10 60
37 11 54
37 12 60
37 13 52
37 14 38
37 15 39
37 16 35
37 17 65
37 18 41
37 19 60
37 20 51
37 21 55
37 22 51
37 23 50
37 24 61
37 25 49
37 26 47
37 27 62
37 28 65
37 29 57
37 30 56
37 31 55
37 32 51
37 33 41
37 34 48
37 35 56
37 36 51
37 37 100
37 38 56
37 39 61
37 40 36
37 41 57
37 42 52
37 43 46
37 44 56
38 0 56
38 1 47
38 2 48
38 3 49
38 4 38
38 5 49
38 6 48
38 7 52
38 8 54
38 9 60
38 10 64
38 11 55
38 12 58
38 13 60
38 14 45
38 15 39
38 16 52
38 17 61
38 18 46
38 19 62
38 20 61
38 21 66
38 22 55
38 23 68
38 24 67
38 25 45
38 26 63
38 27 57
38 28 55
38 29 60
38 30 64
38 31 70
38 32 64
38 33 42
38 34 50
38 35 57
38 36 55
38 37 56
38 38 99
38 39 64
38 40 51
38 41 54
38 42 61
38 43 48
38 44 50
39 0 56
39 1 47
39 2 44
39 3 46
39 4 39
39 5 56
39 6 54
39 7 34
39 8 58
39 9 53
39 10 60
39 11 51
39 12 58
39 13 53
39 14 44
39 15 40
39 16 34
39 17 60
39 18 39
39 19 62
39 20 52
39 21 59
39 22 47
39 23 58
39 24 58
39 25 40
39 26 46
39 27 61
39 28 58
39 29 59
39 30 61
39 31 65
39 32 48
39 33 36
39 34 46
39 35 49
39 36 37
39 37 61
39 38 64
39 39 99
39 40 64
39 41 62
39 42 48
39 43 38
39 44 50
40 0 39
40 1 33
40 2 35
40 3 35
40 4 26
40 5 28
40 6 37
40 7 20
40 8 31
40 9 33
40 10 38
40 11 39
40 12 41
40 13 36
40 14 32
40 15 30
40 16 26
40 17 41
40 18 26
40 19 37
40 20 26
40 21 48
40 22 28
40 23 37
40 24 34
40 25 23
40 26 20
40 27 40
40 28 41
40 29 43
40 30 39
40 31 37
40 32 33
40 33 13
40 34 21
40 35 34
40 36 19
40 37 36
40 38 51
40 39 64
40 40 100
40 41 32
40 42 27
40 43 14
40 44 30
41 0 60
41 1 31
41 2 35
41 3 37
41 4 41
41 5 58
41 6 33
41 7 30
41 8 62
41 9 47
41 10 63
41 11 42
41 12 38
41 13 35
41 14 37
41 15 34
41 16 22
41 17 54
41 18 33
41 19 68
41 20 64
41 21 48
41 22 38
41 23 48
41 24 50
41 25 42
41 26 60
41 27 49
41 28 44
41 29 57
41 30 56
41 31 51
41 32 43
41 33 37
41 34 46
41 35 42
41 36 32
41 37 57
41 38 54
41 39 62
41 40 32
41 41 100
41 42 40
41 43 27
41 44 43
42 0 44
42 1 38
42 2 43
42 3 36
42 4 33
42 5 54
42 6 57
42 7 44
42 8 64
42 9 50
42 10 52
42 11 44
42 12 58
42 13 53
42 14 35
42 15 31
42 16 35
42 17 54
42 18 41
42 19 55
42 20 48
42 21 48
42 22 55
42 23 60
42 24 56
42 25 42
42 26 47
42 27 47
42 28 53
42 29 50
42 30 42
42 31 59
42 32 53
42 33 43
42 34 61
42 35 51
42 36 56
42 37 52
42 38 61
42 39 48
42 40 27
42 41 40
42 42 100
42 43 64
42 44 57
43 0 30
43 1 35
43 2 34
43 3 38
43 4 29
43 5 36
43 6 61
43 7 48
43 8 54
43 9 45
43 10 40
43 11 45
43 12 59
43 13 54
43 14 26
43 15 31
43 16 37
43 17 41
43 18 44
43 19 46
43 20 36
43 21 46
43 22 60
43 23 50
43 24 54
43 25 36
43 26 44
43 27 41
43 28 41
43 29 37
43 30 30
43 31 58
43 32 58
43 33 41
43 34 54
43 35 52
43 36 64
43 37 46
43 38 48
43 39 38
43 40 14
43 41 27
43 42 64
43 43 99
43 44 56
44 0 52
44 1 37
44 2 47
44 3 47
44 4 44
44 5 60
44 6 50
44 7 43
44 8 67
44 9 55
44 10 56
44 11 50
44 12 54
44 13 55
44 14 46
44 15 51
44 16 36
44 17 58
44 18 51
44 19 59
44 20 42
44 21 59
44 22 52
44 23 55
44 24 60
44 25 53
44 26 48
44 27 52
44 28 55
44 29 58
44 30 46
44 31 52
44 32 60
44 33 50
44 34 63
44 35 46
44 36 52
44 37 56
44 38 50
44 39 50
44 40 30
44 41 43
44 42 57
44 43 56
44 44 99
