0 0 99
0 1 45
0 2 45
0 3 56
0 4 61
0 5 39
0 6 51
0 7 79
0 8 62
0 9 64
0 10 63
0 11 32
0 12 43
0 13 60
0 14 47
0 15 53
0 16 65
0 17 46
0 18 62
0 19 39
0 20 51
0 21 52
0 22 55
1 0 45
1 1 99
1 2 43
1 3 52
1 4 43
1 5 44
1 6 47
1 7 43
1 8 53
1 9 41
1 10 45
1 11 71
1 12 75
1 13 55
1 14 41
1 15 38
1 16 50
1 17 42
1 18 43
1 19 44
1 20 46
1 21 60
1 22 54
2 0 45
2 1 43
2 2 99
2 3 55
2 4 35
2 5 38
2 6 44
2 7 49
2 8 46
2 9 48
2 10 56
2 11 51
2 12 41
2 13 59
2 14 43
2 15 44
2 16 49
2 17 36
2 18 35
2 19 38
2 20 41
2 21 42
2 22 47
3 0 56
3 1 52
3 2 55
3 3 99
3 4 48
3 5 52
3 6 65
3 7 64
3 8 66
3 9 54
3 10 71
3 11 37
3 12 47
3 13 62
3 14 77
3 15 61
3 16 74
3 17 61
3 18 47
3 19 52
3 20 63
3 21 48
3 22 57
4 0 61
4 1 43
4 2 35
4 3 48
4 4 99
4 5 38
4 6 43
4 7 54
4 8 49
4 9 43
4 10 47
4 11 31
4 12 38
4 13 53
4 14 41
4 15 35
4 16 53
4 17 33
4 18 96
4 19 38
4 20 43
4 21 47
4 22 43
5 0 39
5 1 44
5 2 38
5 3 52
5 4 38
5 5 100
5 6 58
5 7 43
5 8 45
5 9 28
5 10 45
5 11 31
5 12 43
5 13 49
5 14 49
5 15 31
5 16 36
5 17 32
5 18 41
5 19 100
5 20 58
5 21 43
5 22 47
6 0 51
6 1 47
6 2 44
6 3 65
6 4 43
6 5 58
6 6 100
6 7 51
6 8 65
6 9 45
6 10 60
6 11 33
6 12 48
6 13 61
6 14 62
6 15 42
6 16 54
6 17 41
6 18 44
6 19 58
6 20 87
6 21 46
6 22 62
7 0 79
7 1 43
7 2 49
7 3 64
7 4 54
7 5 43
7 6 51
7 7 99
7 8 61
7 9 63
7 10 64
7 11 34
7 12 45
7 13 64
7 14 56
7 15 67
7 16 69
7 17 55
7 18 53
7 19 43
7 20 49
7 21 52
7 22 58
8 0 62
8 1 53
8 2 46
8 3 66
8 4 49
8 5 45
8 6 65
8 7 61
8 8 100
8 9 63
8 10 66
8 11 38
8 12 45
8 13 57
8 14 59
8 15 59
8 16 69
8 17 55
8 18 50
8 19 45
8 20 64
8 21 57
8 22 59
9 0 64
9 1 41
9 2 48
9 3 54
9 4 43
9 5 28
9 6 45
9 7 63
9 8 63
9 9 99
9 10 63
9 11 41
9 12 34
9 13 54
9 14 61
9 15 56
9 16 68
9 17 48
9 18 42
9 19 28
9 20 40
9 21 47
9 22 48
10 0 63
10 1 45
10 2 56
10 3 71
10 4 47
10 5 45
10 6 60
10 7 64
10 8 66
10 9 63
10 10 99
10 11 32
10 12 44
10 13 60
10 14 66
10 15 64
10 16 71
10 17 57
10 18 48
10 19 45
10 20 55
10 21 56
10 22 63
11 0 32
11 1 71
11 2 51
11 3 37
11 4 31
11 5 31
11 6 33
11 7 34
11 8 38
11 9 41
11 10 32
11 11 100
11 12 47
11 13 39
11 14 34
11 15 29
11 16 38
11 17 26
11 18 29
11 19 31
11 20 31
11 21 61
11 22 54
12 0 43
12 1 75
12 2 41
12 3 47
12 4 38
12 5 43
12 6 48
12 7 45
12 8 45
12 9 34
12 10 44
12 11 47
12 12 99
12 13 60
12 14 37
12 15 38
12 16 51
12 17 47
12 18 39
12 19 43
12 20 42
12 21 61
12 22 55
13 0 60
13 1 55
13 2 59
13 3 62
13 4 53
13 5 49
13 6 61
13 7 64
13 8 57
13 9 54
13 10 60
13 11 39
13 12 60
13 13 100
13 14 53
13 15 55
13 16 68
13 17 56
13 18 53
13 19 49
13 20 55
13 21 54
13 22 59
14 0 47
14 1 41
14 2 43
14 3 77
14 4 41
14 5 49
14 6 62
14 7 56
14 8 59
14 9 61
14 10 66
14 11 34
14 12 37
14 13 53
14 14 100
14 15 48
14 16 58
14 17 46
14 18 41
14 19 49
14 20 58
14 21 48
14 22 58
15 0 53
15 1 38
15 2 44
15 3 61
15 4 35
15 5 31
15 6 42
15 7 67
15 8 59
15 9 56
15 10 64
15 11 29
15 12 38
15 13 55
15 14 48
15 15 100
15 16 68
15 17 71
15 18 33
15 19 31
15 20 38
15 21 46
15 22 46
16 0 65
16 1 50
16 2 49
16 3 74
16 4 53
16 5 36
16 6 54
16 7 69
16 8 69
16 9 68
16 10 71
16 11 38
16 12 51
16 13 68
16 14 58
16 15 68
16 16 99
16 17 74
16 18 52
16 19 36
16 20 49
16 21 51
16 22 54
17 0 46
17 1 42
17 2 36
17 3 61
17 4 33
17 5 32
17 6 41
17 7 55
17 8 55
17 9 48
17 10 57
17 11 26
17 12 47
17 13 56
17 14 46
17 15 71
17 16 74
17 17 100
17 18 32
17 19 32
17 20 37
17 21 38
17 22 38
18 0 62
18 1 43
18 2 35
18 3 47
18 4 96
18 5 41
18 6 44
18 7 53
18 8 50
18 9 42
18 10 48
18 11 29
18 12 39
18 13 53
18 14 41
18 15 33
18 16 52
18 17 32
18 18 99
18 19 41
18 20 45
18 21 47
18 22 43
19 0 39
19 1 44
19 2 38
19 3 52
19 4 38
19 5 100
19 6 58
19 7 43
19 8 45
19 9 28
19 10 45
19 11 31
19 12 43
19 13 49
19 14 49
19 15 31
19 16 36
19 17 32
19 18 41
19 19 100
19 20 58
19 21 43
19 22 47
20 0 51
20 1 46
20 2 41
20 3 63
20 4 43
20 5 58
20 6 87
20 7 49
20 8 64
20 9 40
20 10 55
20 11 31
20 12 42
20 13 55
20 14 58
20 15 38
20 16 49
20 17 37
20 18 45
20 19 58
20 20 99
20 21 40
20 22 56
21 0 52
21 1 60
21 2 42
21 3 48
21 4 47
21 5 43
21 6 46
21 7 52
21 8 57
21 9 47
21 10 56
21 11 61
21 12 61
21 13 54
21 14 48
21 15 46
21 16 51
21 17 38
21 18 47
21 19 43
21 20 40
21 21 100
21 22 78
22 0 55
22 1 54
22 2 47
22 3 57
22 4 43
22 5 47
22 6 62
22 7 58
22 8 59
22 9 48
22 10 63
22 11 54
22 12 55
22 13 59
22 14 58
22 15 46
22 16 54
22 17 38
22 18 43
22 19 47
22 20 56
22 21 78
22 22 100
