0 0 99
0 1 46
0 2 55
0 3 42
0 4 57
0 5 49
0 6 91
0 7 44
0 8 57
0 9 41
0 10 58
0 11 61
0 12 39
0 13 53
0 14 51
0 15 42
0 16 51
0 17 55
0 18 34
0 19 29
0 20 31
0 21 19
0 22 25
0 23 31
0 24 38
0 25 46
0 26 53
0 27 45
0 28 36
0 29 48
0 30 71
0 31 64
0 32 46
0 33 27
0 34 23
0 35 53
0 36 46
0 38 27
0 39 25
0 40 42
0 41 59
0 42 53
0 43 49
0 44 59
0 45 51
0 46 36
0 47 56
0 48 40
0 49 25
0 50 53
0 51 39
0 52 37
0 53 50
0 54 47
0 55 34
1 0 46
1 1 99
1 2 47
1 3 36
1 4 43
1 5 53
1 6 51
1 7 84
1 8 52
1 9 51
1 10 77
1 11 52
1 12 45
1 13 63
1 14 63
1 15 47
1 16 49
1 17 48
1 18 44
1 19 33
1 20 29
1 21 26
1 22 42
1 23 36
1 24 33
1 25 45
1 26 54
1 27 46
1 28 51
1 29 53
1 30 49
1 31 42
1 32 41
1 33 32
1 34 28
1 35 50
1 36 35
1 38 33
1 39 28
1 40 39
1 41 42
1 42 40
1 43 32
1 44 54
1 45 52
1 46 49
1 47 45
1 48 37
1 49 26
1 50 54
1 51 46
1 52 41
1 53 51
1 54 58
1 55 48
2 0 55
2 1 47
2 2 100
2 3 39
2 4 65
2 5 58
2 6 54
2 7 38
2 8 52
2 9 46
2 10 61
2 11 57
2 12 58
2 13 55
2 14 45
2 15 42
2 16 57
2 17 68
2 18 45
2 19 34
2 20 29
2 21 33
2 22 37
2 23 38
2 24 41
2 25 58
2 26 50
2 27 86
2 28 31
2 29 46
2 30 58
2 31 59
2 32 45
2 33 31
2 34 26
2 35 49
2 36 46
2 38 29
2 39 32
2 40 53
2 41 56
2 42 52
2 43 50
2 44 62
2 45 52
2 46 53
2 47 53
2 48 42
2 49 32
2 50 54
2 51 57
2 52 36
2 53 60
2 54 53
2 55 55
3 0 42
3 1 36
3 2 39
3 3 99
3 4 37
3 5 28
3 6 43
3 7 32
3 8 35
3 9 31
3 10 39
3 11 64
3 12 28
3 13 35
3 14 39
3 15 25
3 16 39
3 17 31
3 18 22
3 19 26
3 20 20
3 21 20
3 22 30
3 23 22
3 24 41
3 25 33
3 26 39
3 27 37
3 28 21
3 29 31
3 30 51
3 31 54
3 32 80
3 33 61
3 34 23
3 35 49
3 36 56
3 38 16
3 39 52
3 40 44
3 41 52
3 42 60
3 43 42
3 44 42
3 45 35
3 46 24
3 47 51
3 48 31
3 49 15
3 50 24
3 51 30
3 52 18
3 53 34
3 54 30
3 55 39
4 0 57
4 1 43
4 2 65
4 3 37
4 4 100
4 5 50
4 6 53
4 7 42
4 8 44
4 9 39
4 10 52
4 11 55
4 12 62
4 13 45
4 14 45
4 15 38
4 16 59
4 17 55
4 18 31
4 19 23
4 20 27
4 21 28
4 22 39
4 23 30
4 24 35
4 25 48
4 26 47
4 27 60
4 28 28
4 29 39
4 30 63
4 31 59
4 32 42
4 33 27
4 34 26
4 35 45
4 36 43
4 38 22
4 39 26
4 40 41
4 41 50
4 42 56
4 43 43
4 44 46
4 45 42
4 46 36
4 47 43
4 48 36
4 49 26
4 50 47
4 51 70
4 52 30
4 53 77
4 54 53
4 55 48
5 0 49
5 1 53
5 2 58
5 3 28
5 4 50
5 5 99
5 6 51
5 7 47
5 8 53
5 9 53
5 10 59
5 11 51
5 12 61
5 13 61
5 14 46
5 15 50
5 16 50
5 17 52
5 18 48
5 19 35
5 20 28
5 21 22
5 22 33
5 23 36
5 24 30
5 25 49
5 26 47
5 27 57
5 28 42
5 29 51
5 30 51
5 31 45
5 32 36
5 33 29
5 34 25
5 35 49
5 36 40
5 38 32
5 39 29
5 40 47
5 41 50
5 42 44
5 43 38
5 44 53
5 45 53
5 46 50
5 47 42
5 48 39
5 49 42
5 50 77
5 51 57
5 52 48
5 53 61
5 54 58
5 55 57
6 0 91
6 1 51
6 2 54
6 3 43
6 4 53
6 5 51
6 6 100
6 7 42
6 8 59
6 9 44
6 10 63
6 11 63
6 12 42
6 13 57
6 14 51
6 15 56
6 16 58
6 17 55
6 18 43
6 19 36
6 20 31
6 21 21
6 22 25
6 23 38
6 24 37
6 25 55
6 26 55
6 27 49
6 28 39
6 29 59
6 30 73
6 31 64
6 32 46
6 33 31
6 34 21
6 35 57
6 36 43
6 38 34
6 39 28
6 40 42
6 41 61
6 42 51
6 43 51
6 44 61
6 45 56
6 46 43
6 47 56
6 48 40
6 49 27
6 50 59
6 51 46
6 52 41
6 53 57
6 54 53
6 55 37
7 0 44
7 1 84
7 2 38
7 3 32
7 4 42
7 5 47
7 6 42
7 7 99
7 8 44
7 9 44
7 10 61
7 11 47
7 12 40
7 13 53
7 14 58
7 15 36
7 16 37
7 17 40
7 18 28
7 19 23
7 20 22
7 21 13
7 22 33
7 23 22
7 24 27
7 25 27
7 26 45
7 27 35
7 28 49
7 29 37
7 30 44
7 31 34
7 32 32
7 33 21
7 34 22
7 35 32
7 36 33
7 38 16
7 39 20
7 40 26
7 41 35
7 42 34
7 43 21
7 44 47
7 45 38
7 46 38
7 47 38
7 48 25
7 49 24
7 50 46
7 51 34
7 52 36
7 53 37
7 54 48
7 55 37
8 0 57
8 1 52
8 2 52
8 3 35
8 4 44
8 5 53
8 6 59
8 7 44
8 8 99
8 9 62
8 10 59
8 11 60
8 12 47
8 13 58
8 14 41
8 15 49
8 16 59
8 17 60
8 18 58
8 19 51
8 20 43
8 21 33
8 22 42
8 23 51
8 24 39
8 25 63
8 26 58
8 27 57
8 28 46
8 29 56
8 30 53
8 31 43
8 32 40
8 33 32
8 34 28
8 35 53
8 36 34
8 38 47
8 39 29
8 40 42
8 41 51
8 42 43
8 43 48
8 44 66
8 45 69
8 46 62
8 47 56
8 48 47
8 49 27
8 50 53
8 51 47
8 52 43
8 53 56
8 54 55
8 55 44
9 0 41
9 1 51
9 2 46
9 3 31
9 4 39
9 5 53
9 6 44
9 7 44
9 8 62
9 9 99
9 10 61
9 11 59
9 12 53
9 13 60
9 14 48
9 15 46
9 16 57
9 17 51
9 18 62
9 19 48
9 20 30
9 21 38
9 22 48
9 23 53
9 24 42
9 25 56
9 26 52
9 27 52
9 28 52
9 29 53
9 30 47
9 31 40
9 32 36
9 33 44
9 34 30
9 35 52
9 36 35
9 38 49
9 39 40
9 40 50
9 41 51
9 42 43
9 43 45
9 44 59
9 45 65
9 46 63
9 47 50
9 48 47
9 49 20
9 50 46
9 51 51
9 52 42
9 53 51
9 54 56
9 55 45
10 0 58
10 1 77
10 2 61
10 3 39
10 4 52
10 5 59
10 6 63
10 7 61
10 8 59
10 9 61
10 10 100
10 11 61
10 12 51
10 13 71
10 14 67
10 15 55
10 16 65
10 17 61
10 18 58
10 19 41
10 20 35
10 21 31
10 22 44
10 23 47
10 24 41
10 25 57
10 26 62
10 27 61
10 28 58
10 29 66
10 30 61
10 31 55
10 32 45
10 33 40
10 34 37
10 35 59
10 36 46
10 38 44
10 39 35
10 40 54
10 41 51
10 42 45
10 43 42
10 44 69
10 45 66
10 46 64
10 47 57
10 48 50
10 49 28
10 50 58
10 51 53
10 52 44
10 53 59
10 54 66
10 55 56
11 0 61
11 1 52
11 2 57
11 3 64
11 4 55
11 5 51
11 6 63
11 7 47
11 8 60
11 9 59
11 10 61
11 11 99
11 12 50
11 13 55
11 14 53
11 15 42
11 16 56
11 17 48
11 18 41
11 19 33
11 20 30
11 21 31
11 22 37
11 23 40
11 24 49
11 25 53
11 26 58
11 27 52
11 28 42
11 29 53
11 30 68
11 31 65
11 32 62
11 33 45
11 34 27
11 35 59
11 36 55
11 38 32
11 39 41
11 40 50
11 41 66
11 42 66
11 43 55
11 44 59
11 45 55
11 46 44
11 47 64
11 48 40
11 49 23
11 50 49
11 51 47
11 52 35
11 53 56
11 54 49
11 55 51
12 0 39
12 1 45
12 2 58
12 3 28
12 4 62
12 5 61
12 6 42
12 7 40
12 8 47
12 9 53
12 10 51
12 11 50
12 12 99
12 13 49
12 14 38
12 15 42
12 16 53
12 17 54
12 18 48
12 19 33
12 20 28
12 21 30
12 22 43
12 23 43
12 24 35
12 25 48
12 26 37
12 27 59
12 28 36
12 29 44
12 30 45
12 31 42
12 32 32
12 33 36
12 34 28
12 35 45
12 36 41
12 38 37
12 39 36
12 40 48
12 41 42
12 42 39
12 43 42
12 44 49
12 45 48
12 46 50
12 47 49
12 48 40
12 49 24
12 50 50
12 51 72
12 52 26
12 53 63
12 54 58
12 55 53
13 0 53
13 1 63
13 2 55
13 3 35
13 4 45
13 5 61
13 6 57
13 7 53
13 8 58
13 9 60
13 10 71
13 11 55
13 12 49
13 13 99
13 14 55
13 15 59
13 16 56
13 17 63
13 18 55
13 19 45
13 20 41
13 21 36
13 22 45
13 23 53
13 24 39
13 25 55
13 26 58
13 27 57
13 28 53
13 29 61
13 30 50
13 31 42
13 32 40
13 33 40
13 34 49
13 35 54
13 36 42
13 38 48
13 39 36
13 40 52
13 41 50
13 42 39
13 43 42
13 44 61
13 45 68
13 46 65
13 47 54
13 48 57
13 49 30
13 50 61
13 51 49
13 52 49
13 53 57
13 54 60
13 55 61
14 0 51
14 1 63
14 2 45
14 3 39
14 4 45
14 5 46
14 6 51
14 7 58
14 8 41
14 9 48
14 10 67
14 11 53
14 12 38
14 13 55
14 14 100
14 15 42
14 16 47
14 17 43
14 18 34
14 19 34
14 20 22
14 21 17
14 22 26
14 23 26
14 24 28
14 25 43
14 26 51
14 27 38
14 28 53
14 29 43
14 30 55
14 31 44
14 32 40
14 33 33
14 34 19
14 35 47
14 36 33
14 38 23
14 39 33
14 40 37
14 41 54
14 42 42
14 43 39
14 44 48
14 45 41
14 46 39
14 47 37
14 48 28
14 49 26
14 50 43
14 51 46
14 52 39
14 53 49
14 54 56
14 55 49
15 0 42
15 1 47
15 2 42
15 3 25
15 4 38
15 5 50
15 6 56
15 7 36
15 8 49
15 9 46
15 10 55
15 11 42
15 12 42
15 13 59
15 14 42
15 15 99
15 16 52
15 17 42
15 18 44
15 19 33
15 20 27
15 21 20
15 22 23
15 23 44
15 24 26
15 25 56
15 26 49
15 27 47
15 28 41
15 29 54
15 30 41
15 31 40
15 32 38
15 33 29
15 34 14
15 35 50
15 36 28
15 38 40
15 39 26
15 40 27
15 41 49
15 42 32
15 43 42
15 44 47
15 45 58
15 46 51
15 47 33
15 48 35
15 49 24
15 50 55
15 51 45
15 52 45
15 53 62
15 54 52
15 55 41
16 0 51
16 1 49
16 2 57
16 3 39
16 4 59
16 5 50
16 6 58
16 7 37
16 8 59
16 9 57
16 10 65
16 11 56
16 12 53
16 13 56
16 14 47
16 15 52
16 16 99
16 17 59
16 18 54
16 19 39
16 20 31
16 21 25
16 22 37
16 23 48
16 24 37
16 25 67
16 26 52
16 27 68
16 28 46
16 29 60
16 30 58
16 31 53
16 32 41
16 33 34
16 34 22
16 35 53
16 36 37
16 38 44
16 39 34
16 40 43
16 41 49
16 42 42
16 43 50
16 44 59
16 45 59
16 46 53
16 47 50
16 48 39
16 49 25
16 50 49
16 51 61
16 52 33
16 53 68
16 54 64
16 55 46
17 0 55
17 1 48
17 2 68
17 3 31
17 4 55
17 5 52
17 6 55
17 7 40
17 8 60
17 9 51
17 10 61
17 11 48
17 12 54
17 13 63
17 14 43
17 15 42
17 16 59
17 17 99
17 18 60
17 19 44
17 20 31
17 21 35
17 22 43
17 23 49
17 24 36
17 25 57
17 26 50
17 27 67
17 28 37
17 29 51
17 30 57
17 31 48
17 32 37
17 33 28
17 34 34
17 35 48
17 36 45
17 38 39
17 39 29
17 40 51
17 41 49
17 42 42
17 43 50
17 44 64
17 45 54
17 46 58
17 47 54
17 48 48
17 49 26
17 50 51
17 51 53
17 52 32
17 53 53
17 54 51
17 55 52
18 0 34
18 1 44
18 2 45
18 3 22
18 4 31
18 5 48
18 6 43
18 7 28
18 8 58
18 9 62
18 10 58
18 11 41
18 12 48
18 13 55
18 14 34
18 15 44
18 16 54
18 17 60
18 18 100
18 19 52
18 20 33
18 21 37
18 22 48
18 23 66
18 24 37
18 25 64
18 26 42
18 27 57
18 28 41
18 29 52
18 30 37
18 31 30
18 32 35
18 33 38
18 34 30
18 35 53
18 36 26
18 38 55
18 39 33
18 40 49
18 41 41
18 42 32
18 43 46
18 44 62
18 45 65
18 46 72
18 47 50
18 48 46
18 49 21
18 50 42
18 51 47
18 52 37
18 53 53
18 54 54
18 55 43
19 0 29
19 1 33
19 2 34
19 3 26
19 4 23
19 5 35
19 6 36
19 7 23
19 8 51
19 9 48
19 10 41
19 11 33
19 12 33
19 13 45
19 14 34
19 15 33
19 16 39
19 17 44
19 18 52
19 19 99
19 20 24
19 21 45
19 22 33
19 23 38
19 24 23
19 25 46
19 26 43
19 27 42
19 28 42
19 29 33
19 30 35
19 31 28
19 32 30
19 33 30
19 34 26
19 35 36
19 36 26
19 38 43
19 39 26
19 40 33
19 41 34
19 42 21
19 43 34
19 44 40
19 45 46
19 46 48
19 47 40
19 48 36
19 49 21
19 50 28
19 51 35
19 52 31
19 53 35
19 54 54
19 55 46
20 0 31
20 1 29
20 2 29
20 3 20
20 4 27
20 5 28
20 6 31
20 7 22
20 8 43
20 9 30
20 10 35
20 11 30
20 12 28
20 13 41
20 14 22
20 15 27
20 16 31
20 17 31
20 18 33
20 19 24
20 20 100
20 21 37
20 22 52
20 23 44
20 24 32
20 25 30
20 26 31
20 27 31
20 28 19
20 29 37
20 30 13
20 31 18
20 32 25
20 33 26
20 34 46
20 35 37
20 36 30
20 38 37
20 39 26
20 40 34
20 41 25
20 42 20
20 43 29
20 44 36
20 45 34
20 46 37
20 47 40
20 48 46
20 49 11
20 50 28
20 51 22
20 52 25
20 53 32
20 54 28
20 55 31
21 0 19
21 1 26
21 2 33
21 3 20
21 4 28
21 5 22
21 6 21
21 7 13
21 8 33
21 9 38
21 10 31
21 11 31
21 12 30
21 13 36
21 14 17
21 15 20
21 16 25
21 17 35
21 18 37
21 19 45
21 20 37
21 21 99
21 22 51
21 23 42
21 24 44
21 25 33
21 26 26
21 27 32
21 28 23
21 29 34
21 30 22
21 31 28
21 32 26
21 33 33
21 34 42
21 35 37
21 36 37
21 38 52
21 39 32
21 40 44
21 41 25
21 42 24
21 43 31
21 44 30
21 45 37
21 46 41
21 47 46
21 48 44
21 49 11
21 50 24
21 51 30
21 52 11
21 53 31
21 54 30
21 55 33
22 0 25
22 1 42
22 2 37
22 3 30
22 4 39
22 5 33
22 6 25
22 7 33
22 8 42
22 9 48
22 10 44
22 11 37
22 12 43
22 13 45
22 14 26
22 15 23
22 16 37
22 17 43
22 18 48
22 19 33
22 20 52
22 21 51
22 22 100
22 23 62
22 24 53
22 25 34
22 26 40
22 27 39
22 28 22
22 29 38
22 30 23
22 31 23
22 32 34
22 33 54
22 34 58
22 35 46
22 36 42
22 38 46
22 39 49
22 40 56
22 41 29
22 42 33
22 43 32
22 44 41
22 45 44
22 46 51
22 47 44
22 48 52
22 49 13
22 50 27
22 51 41
22 52 24
22 53 41
22 54 37
22 55 42
23 0 31
23 1 36
23 2 38
23 3 22
23 4 30
23 5 36
23 6 38
23 7 22
23 8 51
23 9 53
23 10 47
23 11 40
23 12 43
23 13 53
23 14 26
23 15 44
23 16 48
23 17 49
23 18 66
23 19 38
23 20 44
23 21 42
23 22 62
23 23 100
23 24 54
23 25 54
23 26 37
23 27 50
23 28 28
23 29 56
23 30 27
23 31 25
23 32 30
23 33 53
23 34 49
23 35 59
23 36 39
23 38 64
23 39 48
23 40 50
23 41 38
23 42 29
23 43 44
23 44 46
23 45 56
23 46 63
23 47 39
23 48 54
23 49 17
23 50 37
23 51 43
23 52 29
23 53 47
23 54 45
23 55 43
24 0 38
24 1 33
24 2 41
24 3 41
24 4 35
24 5 30
24 6 37
24 7 27
24 8 39
24 9 42
24 10 41
24 11 49
24 12 35
24 13 39
24 14 28
24 15 26
24 16 37
24 17 36
24 18 37
24 19 23
24 20 32
24 21 44
24 22 53
24 23 54
24 24 100
24 25 38
24 26 34
24 27 40
24 28 14
24 29 43
24 30 37
24 31 40
24 32 48
24 33 44
24 34 43
24 35 50
24 36 51
24 38 36
24 39 44
24 40 55
24 41 45
24 42 49
24 43 39
24 44 41
24 45 43
24 46 42
24 47 57
24 48 42
24 49 13
24 50 24
24 51 35
24 52 16
24 53 35
24 54 29
24 55 38
25 0 46
25 1 45
25 2 58
25 3 33
25 4 48
25 5 49
25 6 55
25 7 27
25 8 63
25 9 56
25 10 57
25 11 53
25 12 48
25 13 55
25 14 43
25 15 56
25 16 67
25 17 57
25 18 64
25 19 46
25 20 30
25 21 33
25 22 34
25 23 54
25 24 38
25 25 100
25 26 54
25 27 63
25 28 38
25 29 55
25 30 55
25 31 50
25 32 44
25 33 37
25 34 20
25 35 58
25 36 35
25 38 44
25 39 37
25 40 48
25 41 58
25 42 45
25 43 62
25 44 58
25 45 61
25 46 59
25 47 49
25 48 42
25 49 30
25 50 48
25 51 62
25 52 45
25 53 67
25 54 55
25 55 42
26 0 53
26 1 54
26 2 50
26 3 39
26 4 47
26 5 47
26 6 55
26 7 45
26 8 58
26 9 52
26 10 62
26 11 58
26 12 37
26 13 58
26 14 51
26 15 49
26 16 52
26 17 50
26 18 42
26 19 43
26 20 31
26 21 26
26 22 40
26 23 37
26 24 34
26 25 54
26 26 100
26 27 44
26 28 45
26 29 48
26 30 50
26 31 46
26 32 45
26 33 33
26 34 23
26 35 52
26 36 39
26 38 33
26 39 31
26 40 40
26 41 51
26 42 42
26 43 48
26 44 52
26 45 58
26 46 49
26 47 44
26 48 39
26 49 29
26 50 50
26 51 45
26 52 49
26 53 53
26 54 55
26 55 50
27 0 45
27 1 46
27 2 86
27 3 37
27 4 60
27 5 57
27 6 49
27 7 35
27 8 57
27 9 52
27 10 61
27 11 52
27 12 59
27 13 57
27 14 38
27 15 47
27 16 68
27 17 67
27 18 57
27 19 42
27 20 31
27 21 32
27 22 39
27 23 50
27 24 40
27 25 63
27 26 44
27 27 100
27 28 38
27 29 52
27 30 50
27 31 54
27 32 43
27 33 35
27 34 25
27 35 49
27 36 44
27 38 41
27 39 33
27 40 51
27 41 49
27 42 45
27 43 45
27 44 62
27 45 60
27 46 61
27 47 53
27 48 46
27 49 27
27 50 53
27 51 61
27 52 31
27 53 65
27 54 57
27 55 59
28 0 36
28 1 51
28 2 31
28 3 21
28 4 28
28 5 42
28 6 39
28 7 49
28 8 46
28 9 52
28 10 58
28 11 42
28 12 36
28 13 53
28 14 53
28 15 41
28 16 46
28 17 37
28 18 41
28 19 42
28 20 19
28 21 23
28 22 22
28 23 28
28 24 14
28 25 38
28 26 45
28 27 38
28 28 99
28 29 42
28 30 51
28 31 32
28 32 21
28 33 22
28 34 18
28 35 32
28 36 24
28 38 37
28 39 18
28 40 28
28 41 29
28 42 23
28 43 28
28 44 44
28 45 40
28 46 42
28 47 34
28 48 27
28 49 17
28 50 39
28 51 36
28 52 30
28 53 37
28 54 53
28 55 33
29 0 48
29 1 53
29 2 46
29 3 31
29 4 39
29 5 51
29 6 59
29 7 37
29 8 56
29 9 53
29 10 66
29 11 53
29 12 44
29 13 61
29 14 43
29 15 54
29 16 60
29 17 51
29 18 52
29 19 33
29 20 37
29 21 34
29 22 38
29 23 56
29 24 43
29 25 55
29 26 48
29 27 52
29 28 42
29 29 100
29 30 48
29 31 48
29 32 36
29 33 39
29 34 36
29 35 64
29 36 41
29 38 52
29 39 34
29 40 47
29 41 48
29 42 35
29 43 43
29 44 55
29 45 61
29 46 55
29 47 52
29 48 45
29 49 25
29 50 59
29 51 45
29 52 35
29 53 55
29 54 62
29 55 47
30 0 71
30 1 49
30 2 58
30 3 51
30 4 63
30 5 51
30 6 73
30 7 44
30 8 53
30 9 47
30 10 61
30 11 68
30 12 45
30 13 50
30 14 55
30 15 41
30 16 58
30 17 57
30 18 37
30 19 35
30 20 13
30 21 22
30 22 23
30 23 27
30 24 37
30 25 55
30 26 50
30 27 50
30 28 51
30 29 48
30 30 100
30 31 78
30 32 51
30 33 28
30 34 16
30 35 56
30 36 49
30 38 24
30 39 27
30 40 43
30 41 66
30 42 68
30 43 55
30 44 59
30 45 46
30 46 35
30 47 58
30 48 31
30 49 29
30 50 50
30 51 55
30 52 30
30 53 53
30 54 52
30 55 41
31 0 64
31 1 42
31 2 59
31 3 54
31 4 59
31 5 45
31 6 64
31 7 34
31 8 43
31 9 40
31 10 55
31 11 65
31 12 42
31 13 42
31 14 44
31 15 40
31 16 53
31 17 48
31 18 30
31 19 28
31 20 18
31 21 28
31 22 23
31 23 25
31 24 40
31 25 50
31 26 46
31 27 54
31 28 32
31 29 48
31 30 78
31 31 100
31 32 57
31 33 33
31 34 19
31 35 60
31 36 53
31 38 27
31 39 33
31 40 48
31 41 63
31 42 67
31 43 57
31 44 49
31 45 42
31 46 33
31 47 54
31 48 32
31 49 22
31 50 46
31 51 48
31 52 25
31 53 53
31 54 43
31 55 37
32 0 46
32 1 41
32 2 45
32 3 80
32 4 42
32 5 36
32 6 46
32 7 32
32 8 40
32 9 36
32 10 45
32 11 62
32 12 32
32 13 40
32 14 40
32 15 38
32 16 41
32 17 37
32 18 35
32 19 30
32 20 25
32 21 26
32 22 34
32 23 30
32 24 48
32 25 44
32 26 45
32 27 43
32 28 21
32 29 36
32 30 51
32 31 57
32 32 100
32 33 59
32 34 29
32 35 58
32 36 58
32 38 23
32 39 51
32 40 52
32 41 62
32 42 64
32 43 49
32 44 48
32 45 42
32 46 37
32 47 61
32 48 39
32 49 15
32 50 30
32 51 35
32 52 23
32 53 45
32 54 33
32 55 45
33 0 27
33 1 32
33 2 31
33 3 61
33 4 27
33 5 29
33 6 31
33 7 21
33 8 32
33 9 44
33 10 40
33 11 45
33 12 36
33 13 40
33 14 33
33 15 29
33 16 34
33 17 28
33 18 38
33 19 30
33 20 26
33 21 33
33 22 54
33 23 53
33 24 44
33 25 37
33 26 33
33 27 35
33 28 22
33 29 39
33 30 28
33 31 33
33 32 59
33 33 99
33 34 40
33 35 52
33 36 53
33 38 41
33 39 84
33 40 66
33 41 37
33 42 35
33 43 36
33 44 41
33 45 42
33 46 43
33 47 42
33 48 47
33 49 11
33 50 24
33 51 40
33 52 19
33 53 38
33 54 36
33 55 40
34 0 23
34 1 28
34 2 26
34 3 23
34 4 26
34 5 25
34 6 21
34 7 22
34 8 28
34 9 30
34 10 37
34 11 27
34 12 28
34 13 49
34 14 19
34 15 14
34 16 22
34 17 34
34 18 30
34 19 26
34 20 46
34 21 42
34 22 58
34 23 49
34 24 43
34 25 20
34 26 23
34 27 25
34 28 18
34 29 36
34 30 16
34 31 19
34 32 29
34 33 40
34 34 100
34 35 41
34 36 30
34 38 45
34 39 36
34 40 59
34 41 18
34 42 24
34 43 20
34 44 27
34 45 31
34 46 39
34 47 38
34 48 67
34 49 17
34 50 22
34 51 23
34 52 17
34 53 25
34 54 24
34 55 33
35 0 53
35 1 50
35 2 49
35 3 49
35 4 45
35 5 49
35 6 57
35 7 32
35 8 53
35 9 52
35 10 59
35 11 59
35 12 45
35 13 54
35 14 47
35 15 50
35 16 53
35 17 48
35 18 53
35 19 36
35 20 37
35 21 37
35 22 46
35 23 59
35 24 50
35 25 58
35 26 52
35 27 49
35 28 32
35 29 64
35 30 56
35 31 60
35 32 58
35 33 52
35 34 41
35 35 100
35 36 51
35 38 54
35 39 48
35 40 58
35 41 68
35 42 65
35 43 54
35 44 54
35 45 57
35 46 50
35 47 58
35 48 51
35 49 20
35 50 54
35 51 49
35 52 37
35 53 60
35 54 52
35 55 48
36 0 46
36 1 35
36 2 46
36 3 56
36 4 43
36 5 40
36 6 43
36 7 33
36 8 34
36 9 35
36 10 46
36 11 55
36 12 41
36 13 42
36 14 33
36 15 28
36 16 37
36 17 45
36 18 26
36 19 26
36 20 30
36 21 37
36 22 42
36 23 39
36 24 51
36 25 35
36 26 39
36 27 44
36 28 24
36 29 41
36 30 49
36 31 53
36 32 58
36 33 53
36 34 30
36 35 51
36 36 100
36 38 27
36 39 51
36 40 55
36 41 51
36 42 49
36 43 43
36 44 50
36 45 40
36 46 34
36 47 58
36 48 42
36 49 14
36 50 33
36 51 43
36 52 14
36 53 36
36 54 35
36 55 47
38 0 27
38 1 33
38 2 29
38 3 16
38 4 22
38 5 32
38 6 34
38 7 16
38 8 47
38 9 49
38 10 44
38 11 32
38 12 37
38 13 48
38 14 23
38 15 40
38 16 44
38 17 39
38 18 55
38 19 43
38 20 37
38 21 52
38 22 46
38 23 64
38 24 36
38 25 44
38 26 33
38 27 41
38 28 37
38 29 52
38 30 24
38 31 27
38 32 23
38 33 41
38 34 45
38 35 54
38 36 27
38 38 100
38 39 34
38 40 42
38 41 27
38 42 23
38 43 30
38 44 41
38 45 55
38 46 54
38 47 39
38 48 54
38 49 12
38 50 37
38 51 33
38 52 27
38 53 40
38 54 49
38 55 35
39 0 25
39 1 28
39 2 32
39 3 52
39 4 26
39 5 29
39 6 28
39 7 20
39 8 29
39 9 40
39 10 35
39 11 41
39 12 36
39 13 36
39 14 33
39 15 26
39 16 34
39 17 29
39 18 33
39 19 26
39 20 26
39 21 32
39 22 49
39 23 48
39 24 44
39 25 37
39 26 31
39 27 33
39 28 18
39 29 34
39 30 27
39 31 33
39 32 51
39 33 84
39 34 36
39 35 48
39 36 51
39 38 34
39 39 100
39 40 68
39 41 38
39 42 29
39 43 36
39 44 37
39 45 39
39 46 39
39 47 37
39 48 43
39 49 12
39 50 22
39 51 38
39 52 16
39 53 35
39 54 33
39 55 37
40 0 42
40 1 39
40 2 53
40 3 44
40 4 41
40 5 47
40 6 42
40 7 26
40 8 42
40 9 50
40 10 54
40 11 50
40 12 48
40 13 52
40 14 37
40 15 27
40 16 43
40 17 51
40 18 49
40 19 33
40 20 34
40 21 44
40 22 56
40 23 50
40 24 55
40 25 48
40 26 40
40 27 51
40 28 28
40 29 47
40 30 43
40 31 48
40 32 52
40 33 66
40 34 59
40 35 58
40 36 55
40 38 42
40 39 68
40 40 100
40 41 44
40 42 44
40 43 41
40 44 53
40 45 48
40 46 52
40 47 59
40 48 61
40 49 20
40 50 39
40 51 48
40 52 21
40 53 45
40 54 40
40 55 47
41 0 59
41 1 42
41 2 56
41 3 52
41 4 50
41 5 50
41 6 61
41 7 35
41 8 51
41 9 51
41 10 51
41 11 66
41 12 42
41 13 50
41 14 54
41 15 49
41 16 49
41 17 49
41 18 41
41 19 34
41 20 25
41 21 25
41 22 29
41 23 38
41 24 45
41 25 58
41 26 51
41 27 49
41 28 29
41 29 48
41 30 66
41 31 63
41 32 62
41 33 37
41 34 18
41 35 68
41 36 51
41 38 27
41 39 38
41 40 44
41 41 100
41 42 74
41 43 62
41 44 58
41 45 52
41 46 42
41 47 58
41 48 37
41 49 26
41 50 48
41 51 46
41 52 48
41 53 55
41 54 44
41 55 44
42 0 53
42 1 40
42 2 52
42 3 60
42 4 56
42 5 44
42 6 51
42 7 34
42 8 43
42 9 43
42 10 45
42 11 66
42 12 39
42 13 39
42 14 42
42 15 32
42 16 42
42 17 42
42 18 32
42 19 21
42 20 20
42 21 24
42 22 33
42 23 29
42 24 49
42 25 45
42 26 42
42 27 45
42 28 23
42 29 35
42 30 68
42 31 67
42 32 64
42 33 35
42 34 24
42 35 65
42 36 49
42 38 23
42 39 29
42 40 44
42 41 74
42 42 100
42 43 53
42 44 46
42 45 39
42 46 32
42 47 60
42 48 36
42 49 17
42 50 40
42 51 46
42 52 31
42 53 53
42 54 36
42 55 39
43 0 49
43 1 32
43 2 50
43 3 42
43 4 43
43 5 38
43 6 51
43 7 21
43 8 48
43 9 45
43 10 42
43 11 55
43 12 42
43 13 42
43 14 39
43 15 42
43 16 50
43 17 50
43 18 46
43 19 34
43 20 29
43 21 31
43 22 32
43 23 44
43 24 39
43 25 62
43 26 48
43 27 45
43 28 28
43 29 43
43 30 55
43 31 57
43 32 49
43 33 36
43 34 20
43 35 54
43 36 43
43 38 30
43 39 36
43 40 41
43 41 62
43 42 53
43 43 99
43 44 48
43 45 44
43 46 46
43 47 47
43 48 34
43 49 23
43 50 35
43 51 49
43 52 35
43 53 52
43 54 40
43 55 38
44 0 59
44 1 54
44 2 62
44 3 42
44 4 46
44 5 53
44 6 61
44 7 47
44 8 66
44 9 59
44 10 69
44 11 59
44 12 49
44 13 61
44 14 48
44 15 47
44 16 59
44 17 64
44 18 62
44 19 40
44 20 36
44 21 30
44 22 41
44 23 46
44 24 41
44 25 58
44 26 52
44 27 62
44 28 44
44 29 55
44 30 59
44 31 49
44 32 48
44 33 41
44 34 27
44 35 54
44 36 50
44 38 41
44 39 37
44 40 53
44 41 58
44 42 46
44 43 48
44 44 99
44 45 70
44 46 68
44 47 63
44 48 49
44 49 25
44 50 51
44 51 46
44 52 38
44 53 53
44 54 52
44 55 42
45 0 51
45 1 52
45 2 52
45 3 35
45 4 42
45 5 53
45 6 56
45 7 38
45 8 69
45 9 65
45 10 66
45 11 55
45 12 48
45 13 68
45 14 41
45 15 58
45 16 59
45 17 54
45 18 65
45 19 46
45 20 34
45 21 37
45 22 44
45 23 56
45 24 43
45 25 61
45 26 58
45 27 60
45 28 40
45 29 61
45 30 46
45 31 42
45 32 42
45 33 42
45 34 31
45 35 57
45 36 40
45 38 55
45 39 39
45 40 48
45 41 52
45 42 39
45 43 44
45 44 70
45 45 99
45 46 80
45 47 54
45 48 58
45 49 20
45 50 53
45 51 48
45 52 43
45 53 60
45 54 57
45 55 50
46 0 36
46 1 49
46 2 53
46 3 24
46 4 36
46 5 50
46 6 43
46 7 38
46 8 62
46 9 63
46 10 64
46 11 44
46 12 50
46 13 65
46 14 39
46 15 51
46 16 53
46 17 58
46 18 72
46 19 48
46 20 37
46 21 41
46 22 51
46 23 63
46 24 42
46 25 59
46 26 49
46 27 61
46 28 42
46 29 55
46 30 35
46 31 33
46 32 37
46 33 43
46 34 39
46 35 50
46 36 34
46 38 54
46 39 39
46 40 52
46 41 42
46 42 32
46 43 46
46 44 68
46 45 80
46 46 100
46 47 52
46 48 60
46 49 18
46 50 45
46 51 48
46 52 42
46 53 54
46 54 52
46 55 50
47 0 56
47 1 45
47 2 53
47 3 51
47 4 43
47 5 42
47 6 56
47 7 38
47 8 56
47 9 50
47 10 57
47 11 64
47 12 49
47 13 54
47 14 37
47 15 33
47 16 50
47 17 54
47 18 50
47 19 40
47 20 40
47 21 46
47 22 44
47 23 39
47 24 57
47 25 49
47 26 44
47 27 53
47 28 34
47 29 52
47 30 58
47 31 54
47 32 61
47 33 42
47 34 38
47 35 58
47 36 58
47 38 39
47 39 37
47 40 59
47 41 58
47 42 60
47 43 47
47 44 63
47 45 54
47 46 52
47 47 99
47 48 52
47 49 14
47 50 42
47 51 43
47 52 24
47 53 46
47 54 41
47 55 44
48 0 40
48 1 37
48 2 42
48 3 31
48 4 36
48 5 39
48 6 40
48 7 25
48 8 47
48 9 47
48 10 50
48 11 40
48 12 40
48 13 57
48 14 28
48 15 35
48 16 39
48 17 48
48 18 46
48 19 36
48 20 46
48 21 44
48 22 52
48 23 54
48 24 42
48 25 42
48 26 39
48 27 46
48 28 27
48 29 45
48 30 31
48 31 32
48 32 39
48 33 47
48 34 67
48 35 51
48 36 42
48 38 54
48 39 43
48 40 61
48 41 37
48 42 36
48 43 34
48 44 49
48 45 58
48 46 60
48 47 52
48 48 100
48 49 15
48 50 36
48 51 35
48 52 28
48 53 42
48 54 42
48 55 40
49 0 25
49 1 26
49 2 32
49 3 15
49 4 26
49 5 42
49 6 27
49 7 24
49 8 27
49 9 20
49 10 28
49 11 23
49 12 24
49 13 30
49 14 26
49 15 24
49 16 25
49 17 26
49 18 21
49 19 21
49 20 11
49 21 11
49 22 13
49 23 17
49 24 13
49 25 30
49 26 29
49 27 27
49 28 17
49 29 25
49 30 29
49 31 22
49 32 15
49 33 11
49 34 17
49 35 20
49 36 14
49 38 12
49 39 12
49 40 20
49 41 26
49 42 17
49 43 23
49 44 25
49 45 20
49 46 18
49 47 14
49 48 15
49 49 100
49 50 42
49 51 30
49 52 31
49 53 25
49 54 30
49 55 27
50 0 53
50 1 54
50 2 54
50 3 24
50 4 47
50 5 77
50 6 59
50 7 46
50 8 53
50 9 46
50 10 58
50 11 49
50 12 50
50 13 61
50 14 43
50 15 55
50 16 49
50 17 51
50 18 42
50 19 28
50 20 28
50 21 24
50 22 27
50 23 37
50 24 24
50 25 48
50 26 50
50 27 53
50 28 39
50 29 59
50 30 50
50 31 46
50 32 30
50 33 24
50 34 22
50 35 54
50 36 33
50 38 37
50 39 22
50 40 39
50 41 48
50 42 40
50 43 35
50 44 51
50 45 53
50 46 45
50 47 42
50 48 36
50 49 42
50 50 99
50 51 52
50 52 53
50 53 63
50 54 57
50 55 48
51 0 39
51 1 46
51 2 57
51 3 30
51 4 70
51 5 57
51 6 46
51 7 34
51 8 47
51 9 51
51 10 53
51 11 47
51 12 72
51 13 49
51 14 46
51 15 45
51 16 61
51 17 53
51 18 47
51 19 35
51 20 22
51 21 30
51 22 41
51 23 43
51 24 35
51 25 62
51 26 45
51 27 61
51 28 36
51 29 45
51 30 55
51 31 48
51 32 35
51 33 40
51 34 23
51 35 49
51 36 43
51 38 33
51 39 38
51 40 48
51 41 46
51 42 46
51 43 49
51 44 46
51 45 48
51 46 48
51 47 43
51 48 35
51 49 30
51 50 52
51 51 99
51 52 36
51 53 76
51 54 58
51 55 55
52 0 37
52 1 41
52 2 36
52 3 18
52 4 30
52 5 48
52 6 41
52 7 36
52 8 43
52 9 42
52 10 44
52 11 35
52 12 26
52 13 49
52 14 39
52 15 45
52 16 33
52 17 32
52 18 37
52 19 31
52 20 25
52 21 11
52 22 24
52 23 29
52 24 16
52 25 45
52 26 49
52 27 31
52 28 30
52 29 35
52 30 30
52 31 25
52 32 23
52 33 19
52 34 17
52 35 37
52 36 14
52 38 27
52 39 16
52 40 21
52 41 48
52 42 31
52 43 35
52 44 38
52 45 43
52 46 42
52 47 24
52 48 28
52 49 31
52 50 53
52 51 36
52 52 99
52 53 51
52 54 42
52 55 33
53 0 50
53 1 51
53 2 60
53 3 34
53 4 77
53 5 61
53 6 57
53 7 37
53 8 56
53 9 51
53 10 59
53 11 56
53 12 63
53 13 57
53 14 49
53 15 62
53 16 68
53 17 53
53 18 53
53 19 35
53 20 32
53 21 31
53 22 41
53 23 47
53 24 35
53 25 67
53 26 53
53 27 65
53 28 37
53 29 55
53 30 53
53 31 53
53 32 45
53 33 38
53 34 25
53 35 60
53 36 36
53 38 40
53 39 35
53 40 45
53 41 55
53 42 53
53 43 52
53 44 53
53 45 60
53 46 54
53 47 46
53 48 42
53 49 25
53 50 63
53 51 76
53 52 51
53 53 99
53 54 64
53 55 51
54 0 47
54 1 58
54 2 53
54 3 30
54 4 53
54 5 58
54 6 53
54 7 48
54 8 55
54 9 56
54 10 66
54 11 49
54 12 58
54 13 60
54 14 56
54 15 52
54 16 64
54 17 51
54 18 54
54 19 54
54 20 28
54 21 30
54 22 37
54 23 45
54 24 29
54 25 55
54 26 55
54 27 57
54 28 53
54 29 62
54 30 52
54 31 43
54 32 33
54 33 36
54 34 24
54 35 52
54 36 35
54 38 49
54 39 33
54 40 40
54 41 44
54 42 36
54 43 40
54 44 52
54 45 57
54 46 52
54 47 41
54 48 42
54 49 30
54 50 57
54 51 58
54 52 42
54 53 64
54 54 99
54 55 53
55 0 34
55 1 48
55 2 55
55 3 39
55 4 48
55 5 57
55 6 37
55 7 37
55 8 44
55 9 45
55 10 56
55 11 51
55 12 53
55 13 61
55 14 49
55 15 41
55 16 46
55 17 52
55 18 43
55 19 46
55 20 31
55 21 33
55 22 42
55 23 43
55 24 38
55 25 42
55 26 50
55 27 59
55 28 33
55 29 47
55 30 41
55 31 37
55 32 45
55 33 40
55 34 33
55 35 48
55 36 47
55 38 35
55 39 37
55 40 47
55 41 44
55 42 39
55 43 38
55 44 42
55 45 50
55 46 50
55 47 44
55 48 40
55 49 27
55 50 48
55 51 55
55 52 33
55 53 51
55 54 53
55 55 100
