0 0 99
0 1 54
0 2 56
0 3 41
0 4 40
0 5 32
0 6 70
0 7 92
0 8 52
0 9 55
0 10 81
0 11 44
0 12 63
0 13 47
0 14 35
0 15 64
0 16 54
0 17 60
0 18 68
0 19 57
0 20 51
0 21 35
0 22 65
0 23 64
0 24 47
0 25 36
0 26 50
0 27 34
0 28 70
0 29 60
0 30 32
0 31 29
0 32 57
0 33 53
0 34 50
0 35 56
0 36 50
0 37 42
0 38 45
0 39 59
0 40 54
0 41 60
0 42 59
0 43 38
0 44 40
0 45 58
0 46 70
0 47 63
0 48 60
0 49 55
0 50 55
0 51 29
0 52 39
0 53 43
0 54 45
0 55 51
0 56 39
0 57 37
0 58 71
0 59 68
0 60 55
0 61 75
1 0 54
1 1 100
1 2 49
1 3 48
1 4 44
1 5 46
1 6 57
1 7 51
1 8 43
1 9 55
1 10 49
1 11 33
1 12 74
1 13 63
1 14 41
1 15 40
1 16 50
1 17 44
1 18 48
1 19 51
1 20 45
1 21 38
1 22 44
1 23 57
1 24 50
1 25 54
1 26 35
1 27 24
1 28 52
1 29 46
1 30 38
1 31 25
1 32 55
1 33 62
1 34 47
1 35 42
1 36 35
1 37 38
1 38 50
1 39 56
1 40 49
1 41 53
1 42 47
1 43 36
1 44 30
1 45 43
1 46 44
1 47 45
1 48 42
1 49 35
1 50 46
1 51 29
1 52 41
1 53 36
1 54 49
1 55 44
1 56 39
1 57 44
1 58 50
1 59 39
1 60 41
1 61 49
2 0 56
2 1 49
2 2 99
2 3 45
2 4 52
2 5 44
2 6 51
2 7 61
2 8 37
2 9 48
2 10 60
2 11 38
2 12 39
2 13 64
2 14 40
2 15 43
2 16 44
2 17 58
2 18 54
2 19 49
2 20 49
2 21 33
2 22 46
2 23 62
2 24 50
2 25 48
2 26 75
2 27 34
2 28 79
2 29 76
2 30 40
2 31 35
2 32 55
2 33 46
2 34 43
2 35 54
2 36 30
2 37 37
2 38 54
2 39 53
2 40 41
2 41 55
2 42 45
2 43 40
2 44 43
2 45 42
2 46 45
2 47 51
2 48 51
2 49 43
2 50 57
2 51 27
2 52 52
2 53 49
2 54 53
2 55 56
2 56 51
2 57 39
2 58 49
2 59 47
2 60 38
2 61 48
3 0 41
3 1 48
3 2 45
3 3 99
3 4 60
3 5 34
3 6 49
3 7 43
3 8 38
3 9 61
3 10 41
3 11 32
3 12 52
3 13 57
3 14 56
3 15 39
3 16 57
3 17 50
3 18 42
3 19 51
3 20 51
3 21 43
3 22 45
3 23 47
3 24 48
3 25 55
3 26 51
3 27 36
3 28 47
3 29 47
3 30 54
3 31 50
3 32 59
3 33 81
3 34 55
3 35 51
3 36 29
3 37 54
3 38 55
3 39 45
3 40 59
3 41 49
3 42 44
3 43 38
3 44 41
3 45 37
3 46 32
3 47 47
3 48 38
3 49 40
3 50 51
3 51 19
3 52 44
3 53 57
3 54 47
3 55 41
3 56 37
3 57 43
3 58 42
3 59 31
3 60 42
3 61 39
4 0 40
4 1 44
4 2 52
4 3 60
4 4 100
4 5 49
4 6 42
4 7 43
4 8 49
4 9 53
4 10 42
4 11 44
4 12 41
4 13 57
4 14 44
4 15 34
4 16 46
4 17 54
4 18 39
4 19 56
4 20 46
4 21 35
4 22 36
4 23 58
4 24 49
4 25 58
4 26 53
4 27 36
4 28 49
4 29 61
4 30 55
4 31 43
4 32 52
4 33 51
4 34 48
4 35 43
4 36 32
4 37 45
4 38 48
4 39 48
4 40 47
4 41 42
4 42 38
4 43 34
4 44 43
4 45 40
4 46 34
4 47 47
4 48 43
4 49 47
4 50 58
4 51 47
4 52 60
4 53 65
4 54 54
4 55 65
4 56 59
4 57 65
4 58 40
4 59 34
4 60 37
4 61 39
5 0 32
5 1 46
5 2 44
5 3 34
5 4 49
5 5 99
5 6 38
5 7 35
5 8 32
5 9 47
5 10 36
5 11 33
5 12 36
5 13 43
5 14 28
5 15 20
5 16 36
5 17 38
5 18 40
5 19 41
5 20 26
5 21 19
5 22 27
5 23 45
5 24 33
5 25 43
5 26 36
5 27 21
5 28 39
5 29 46
5 30 36
5 31 22
5 32 36
5 33 35
5 34 36
5 35 31
5 36 24
5 37 18
5 38 38
5 39 42
5 40 37
5 41 35
5 42 30
5 43 24
5 44 31
5 45 39
5 46 29
5 47 38
5 48 29
5 49 25
5 50 42
5 51 30
5 52 76
5 53 30
5 54 43
5 55 49
5 56 50
5 57 36
5 58 37
5 59 33
5 60 22
5 61 35
6 0 70
6 1 57
6 2 51
6 3 49
6 4 42
6 5 38
6 6 100
6 7 65
6 8 51
6 9 58
6 10 78
6 11 48
6 12 60
6 13 56
6 14 42
6 15 56
6 16 58
6 17 61
6 18 76
6 19 65
6 20 52
6 21 39
6 22 63
6 23 63
6 24 54
6 25 38
6 26 46
6 27 28
6 28 65
6 29 50
6 30 36
6 31 33
6 32 63
6 33 63
6 34 56
6 35 58
6 36 37
6 37 44
6 38 54
6 39 60
6 40 58
6 41 63
6 42 59
6 43 39
6 44 34
6 45 53
6 46 68
6 47 66
6 48 52
6 49 53
6 50 59
6 51 34
6 52 46
6 53 40
6 54 50
6 55 47
6 56 41
6 57 36
6 58 74
6 59 64
6 60 61
6 61 71
7 0 92
7 1 51
7 2 61
7 3 43
7 4 43
7 5 35
7 6 65
7 7 99
7 8 56
7 9 53
7 10 72
7 11 37
7 12 56
7 13 47
7 14 37
7 15 64
7 16 57
7 17 59
7 18 58
7 19 55
7 20 48
7 21 35
7 22 54
7 23 61
7 24 47
7 25 39
7 26 58
7 27 37
7 28 67
7 29 63
7 30 30
7 31 32
7 32 58
7 33 53
7 34 51
7 35 58
7 36 49
7 37 44
7 38 43
7 39 57
7 40 51
7 41 57
7 42 59
7 43 37
7 44 44
7 45 52
7 46 59
7 47 59
7 48 57
7 49 46
7 50 52
7 51 30
7 52 42
7 53 46
7 54 47
7 55 55
7 56 42
7 57 40
7 58 66
7 59 63
7 60 51
7 61 72
8 0 52
8 1 43
8 2 37
8 3 38
8 4 49
8 5 32
8 6 51
8 7 56
8 8 100
8 9 45
8 10 55
8 11 27
8 12 44
8 13 40
8 14 38
8 15 55
8 16 49
8 17 52
8 18 40
8 19 58
8 20 36
8 21 30
8 22 44
8 23 55
8 24 41
8 25 35
8 26 37
8 27 30
8 28 47
8 29 45
8 30 33
8 31 30
8 32 48
8 33 48
8 34 51
8 35 42
8 36 47
8 37 46
8 38 37
8 39 51
8 40 43
8 41 55
8 42 50
8 43 37
8 44 29
8 45 46
8 46 51
8 47 61
8 48 43
8 49 41
8 50 34
8 51 57
8 52 40
8 53 34
8 54 38
8 55 52
8 56 33
8 57 60
8 58 48
8 59 50
8 60 40
8 61 47
9 0 55
9 1 55
9 2 48
9 3 61
9 4 53
9 5 47
9 6 58
9 7 53
9 8 45
9 9 100
9 10 53
9 11 27
9 12 67
9 13 61
9 14 59
9 15 47
9 16 64
9 17 54
9 18 53
9 19 61
9 20 61
9 21 49
9 22 54
9 23 57
9 24 57
9 25 49
9 26 60
9 27 56
9 28 63
9 29 55
9 30 55
9 31 68
9 32 64
9 33 67
9 34 61
9 35 56
9 36 38
9 37 67
9 38 60
9 39 51
9 40 74
9 41 60
9 42 56
9 43 48
9 44 41
9 45 44
9 46 43
9 47 60
9 48 49
9 49 52
9 50 55
9 51 31
9 52 58
9 53 65
9 54 55
9 55 46
9 56 44
9 57 49
9 58 50
9 59 41
9 60 44
9 61 45
10 0 81
10 1 49
10 2 60
10 3 41
10 4 42
10 5 36
10 6 78
10 7 72
10 8 55
10 9 53
10 10 100
10 11 55
10 12 53
10 13 48
10 14 40
10 15 56
10 16 52
10 17 64
10 18 79
10 19 62
10 20 51
10 21 39
10 22 69
10 23 66
10 24 43
10 25 35
10 26 50
10 27 32
10 28 69
10 29 60
10 30 33
10 31 29
10 32 60
10 33 51
10 34 52
10 35 60
10 36 41
10 37 42
10 38 51
10 39 59
10 40 49
10 41 66
10 42 54
10 43 41
10 44 45
10 45 61
10 46 83
10 47 72
10 48 59
10 49 64
10 50 61
10 51 36
10 52 44
10 53 41
10 54 46
10 55 52
10 56 44
10 57 37
10 58 77
10 59 76
10 60 61
10 61 81
11 0 44
11 1 33
11 2 38
11 3 32
11 4 44
11 5 33
11 6 48
11 7 37
11 8 27
11 9 27
11 10 55
11 11 99
11 12 32
11 13 40
11 14 29
11 15 23
11 16 32
11 17 40
11 18 52
11 19 46
11 20 35
11 21 25
11 22 37
11 23 37
11 24 36
11 25 42
11 26 27
11 27 10
11 28 42
11 29 39
11 30 29
11 31 20
11 32 39
11 33 31
11 34 33
11 35 38
11 36 18
11 37 15
11 38 29
11 39 41
11 40 25
11 41 44
11 42 34
11 43 16
11 44 30
11 45 38
11 46 41
11 47 37
11 48 30
11 49 31
11 50 48
11 51 16
11 52 38
11 53 35
11 54 38
11 55 35
11 56 39
11 57 27
11 58 52
11 59 42
11 60 54
11 61 47
12 0 63
12 1 74
12 2 39
12 3 52
12 4 41
12 5 36
12 6 60
12 7 56
12 8 44
12 9 67
12 10 53
12 11 32
12 12 100
12 13 53
12 14 42
12 15 40
12 16 55
12 17 53
12 18 51
12 19 58
12 20 49
12 21 35
12 22 52
12 23 55
12 24 51
12 25 41
12 26 40
12 27 35
12 28 59
12 29 47
12 30 48
12 31 41
12 32 55
12 33 70
12 34 53
12 35 47
12 36 38
12 37 50
12 38 48
12 39 51
12 40 67
12 41 56
12 42 55
12 43 36
12 44 31
12 45 39
12 46 49
12 47 49
12 48 48
12 49 42
12 50 46
12 51 28
12 52 45
12 53 47
12 54 46
12 55 40
12 56 33
12 57 41
12 58 63
12 59 45
12 60 47
12 61 51
13 0 47
13 1 63
13 2 64
13 3 57
13 4 57
13 5 43
13 6 56
13 7 47
13 8 40
13 9 61
13 10 48
13 11 40
13 12 53
13 13 99
13 14 49
13 15 37
13 16 63
13 17 53
13 18 50
13 19 55
13 20 59
13 21 40
13 22 52
13 23 58
13 24 63
13 25 51
13 26 63
13 27 42
13 28 59
13 29 57
13 30 52
13 31 52
13 32 63
13 33 61
13 34 48
13 35 54
13 36 31
13 37 47
13 38 58
13 39 51
13 40 60
13 41 57
13 42 54
13 43 41
13 44 41
13 45 38
13 46 36
13 47 50
13 48 39
13 49 39
13 50 54
13 51 24
13 52 48
13 53 55
13 54 54
13 55 37
13 56 42
13 57 41
13 58 49
13 59 35
13 60 47
13 61 42
14 0 35
14 1 41
14 2 40
14 3 56
14 4 44
14 5 28
14 6 42
14 7 37
14 8 38
14 9 59
14 10 40
14 11 29
14 12 42
14 13 49
14 14 100
14 15 43
14 16 58
14 17 58
14 18 41
14 19 51
14 20 59
14 21 40
14 22 42
14 23 46
14 24 43
14 25 48
14 26 45
14 27 34
14 28 44
14 29 46
14 30 41
14 31 50
14 32 52
14 33 53
14 34 57
14 35 51
14 36 27
14 37 58
14 38 54
14 39 38
14 40 61
14 41 60
14 42 46
14 43 36
14 44 33
14 45 32
14 46 30
14 47 50
14 48 36
14 49 41
14 50 48
14 51 12
14 52 41
14 53 54
14 54 42
14 55 34
14 56 35
14 57 42
14 58 36
14 59 27
14 60 43
14 61 33
15 0 64
15 1 40
15 2 43
15 3 39
15 4 34
15 5 20
15 6 56
15 7 64
15 8 55
15 9 47
15 10 56
15 11 23
15 12 40
15 13 37
15 14 43
15 15 100
15 16 52
15 17 54
15 18 46
15 19 47
15 20 51
15 21 43
15 22 45
15 23 50
15 24 33
15 25 23
15 26 42
15 27 31
15 28 52
15 29 42
15 30 24
15 31 25
15 32 54
15 33 50
15 34 55
15 35 51
15 36 59
15 37 49
15 38 37
15 39 42
15 40 45
15 41 52
15 42 58
15 43 50
15 44 22
15 45 43
15 46 54
15 47 59
15 48 48
15 49 38
15 50 39
15 51 29
15 52 25
15 53 32
15 54 36
15 55 42
15 56 30
15 57 34
15 58 47
15 59 45
15 60 37
15 61 54
16 0 54
16 1 50
16 2 44
16 3 57
16 4 46
16 5 36
16 6 58
16 7 57
16 8 49
16 9 64
16 10 52
16 11 32
16 12 55
16 13 63
16 14 58
16 15 52
16 16 100
16 17 59
16 18 51
16 19 58
16 20 57
16 21 44
16 22 53
16 23 55
16 24 55
16 25 43
16 26 52
16 27 43
16 28 51
16 29 53
16 30 40
16 31 50
16 32 69
16 33 60
16 34 60
16 35 62
16 36 37
16 37 51
16 38 54
16 39 48
16 40 59
16 41 64
16 42 59
16 43 46
16 44 36
16 45 45
16 46 46
16 47 57
16 48 40
16 49 41
16 50 53
16 51 26
16 52 45
16 53 57
16 54 50
16 55 38
16 56 42
16 57 44
16 58 51
16 59 40
16 60 52
16 61 49
17 0 60
17 1 44
17 2 58
17 3 50
17 4 54
17 5 38
17 6 61
17 7 59
17 8 52
17 9 54
17 10 64
17 11 40
17 12 53
17 13 53
17 14 58
17 15 54
17 16 59
17 17 99
17 18 58
17 19 69
17 20 60
17 21 43
17 22 59
17 23 63
17 24 47
17 25 41
17 26 58
17 27 33
17 28 59
17 29 67
17 30 51
17 31 44
17 32 57
17 33 56
17 34 62
17 35 59
17 36 45
17 37 62
17 38 54
17 39 50
17 40 58
17 41 63
17 42 57
17 43 47
17 44 45
17 45 51
17 46 54
17 47 66
17 48 67
17 49 54
17 50 52
17 51 33
17 52 53
17 53 52
17 54 48
17 55 57
17 56 43
17 57 42
17 58 65
17 59 58
17 60 44
17 61 58
18 0 68
18 1 48
18 2 54
18 3 42
18 4 39
18 5 40
18 6 76
18 7 58
18 8 40
18 9 53
18 10 79
18 11 52
18 12 51
18 13 50
18 14 41
18 15 46
18 16 51
18 17 58
18 18 99
18 19 63
18 20 57
18 21 34
18 22 71
18 23 66
18 24 47
18 25 38
18 26 47
18 27 28
18 28 62
18 29 55
18 30 32
18 31 26
18 32 55
18 33 46
18 34 44
18 35 58
18 36 32
18 37 35
18 38 53
18 39 52
18 40 46
18 41 62
18 42 51
18 43 34
18 44 32
18 45 59
18 46 70
18 47 66
18 48 56
18 49 58
18 50 65
18 51 26
18 52 48
18 53 38
18 54 43
18 55 47
18 56 46
18 57 33
18 58 64
18 59 66
18 60 59
18 61 65
19 0 57
19 1 51
19 2 49
19 3 51
19 4 56
19 5 41
19 6 65
19 7 55
19 8 58
19 9 61
19 10 62
19 11 46
19 12 58
19 13 55
19 14 51
19 15 47
19 16 58
19 17 69
19 18 63
19 19 100
19 20 59
19 21 45
19 22 60
19 23 65
19 24 51
19 25 44
19 26 46
19 27 36
19 28 59
19 29 55
19 30 51
19 31 43
19 32 56
19 33 55
19 34 58
19 35 57
19 36 38
19 37 54
19 38 50
19 39 51
19 40 57
19 41 64
19 42 56
19 43 35
19 44 33
19 45 51
19 46 60
19 47 70
19 48 54
19 49 52
19 50 54
19 51 53
19 52 56
19 53 51
19 54 51
19 55 57
19 56 45
19 57 54
19 58 59
19 59 57
19 60 54
19 61 57
20 0 51
20 1 45
20 2 49
20 3 51
20 4 46
20 5 26
20 6 52
20 7 48
20 8 36
20 9 61
20 10 51
20 11 35
20 12 49
20 13 59
20 14 59
20 15 51
20 16 57
20 17 60
20 18 57
20 19 59
20 20 99
20 21 52
20 22 58
20 23 58
20 24 55
20 25 44
20 26 56
20 27 44
20 28 56
20 29 55
20 30 43
20 31 52
20 32 54
20 33 51
20 34 50
20 35 58
20 36 32
20 37 54
20 38 51
20 39 44
20 40 62
20 41 57
20 42 45
20 43 43
20 44 35
20 45 36
20 46 45
20 47 57
20 48 51
20 49 44
20 50 61
20 51 20
20 52 38
20 53 57
20 54 48
20 55 40
20 56 38
20 57 41
20 58 45
20 59 37
20 60 53
20 61 45
21 0 35
21 1 38
21 2 33
21 3 43
21 4 35
21 5 19
21 6 39
21 7 35
21 8 30
21 9 49
21 10 39
21 11 25
21 12 35
21 13 40
21 14 40
21 15 43
21 16 44
21 17 43
21 18 34
21 19 45
21 20 52
21 21 99
21 22 34
21 23 34
21 24 32
21 25 32
21 26 31
21 27 34
21 28 36
21 29 30
21 30 25
21 31 35
21 32 47
21 33 43
21 34 38
21 35 41
21 36 26
21 37 48
21 38 31
21 39 30
21 40 40
21 41 39
21 42 32
21 43 35
21 44 19
21 45 29
21 46 30
21 47 41
21 48 39
21 49 38
21 50 41
21 51 21
21 52 23
21 53 42
21 54 32
21 55 29
21 56 27
21 57 32
21 58 36
21 59 30
21 60 35
21 61 41
22 0 65
22 1 44
22 2 46
22 3 45
22 4 36
22 5 27
22 6 63
22 7 54
22 8 44
22 9 54
22 10 69
22 11 37
22 12 52
22 13 52
22 14 42
22 15 45
22 16 53
22 17 59
22 18 71
22 19 60
22 20 58
22 21 34
22 22 100
22 23 66
22 24 46
22 25 30
22 26 43
22 27 32
22 28 59
22 29 52
22 30 35
22 31 36
22 32 55
22 33 49
22 34 48
22 35 62
22 36 35
22 37 46
22 38 51
22 39 48
22 40 53
22 41 63
22 42 50
22 43 39
22 44 33
22 45 49
22 46 65
22 47 66
22 48 52
22 49 53
22 50 50
22 51 27
22 52 36
22 53 43
22 54 44
22 55 33
22 56 37
22 57 31
22 58 57
22 59 53
22 60 50
22 61 56
23 0 64
23 1 57
23 2 62
23 3 47
23 4 58
23 5 45
23 6 63
23 7 61
23 8 55
23 9 57
23 10 66
23 11 37
23 12 55
23 13 58
23 14 46
23 15 50
23 16 55
23 17 63
23 18 66
23 19 65
23 20 58
23 21 34
23 22 66
23 23 99
23 24 51
23 25 43
23 26 56
23 27 38
23 28 64
23 29 64
23 30 40
23 31 39
23 32 55
23 33 56
23 34 50
23 35 61
23 36 45
23 37 47
23 38 59
23 39 60
23 40 59
23 41 60
23 42 50
23 43 46
23 44 43
23 45 51
23 46 61
23 47 64
23 48 56
23 49 51
23 50 61
23 51 49
23 52 56
23 53 50
23 54 52
23 55 65
23 56 50
23 57 55
23 58 58
23 59 58
23 60 49
23 61 59
24 0 47
24 1 50
24 2 50
24 3 48
24 4 49
24 5 33
24 6 54
24 7 47
24 8 41
24 9 57
24 10 43
24 11 36
24 12 51
24 13 63
24 14 43
24 15 33
24 16 55
24 17 47
24 18 47
24 19 51
24 20 55
24 21 32
24 22 46
24 23 51
24 24 100
24 25 57
24 26 54
24 27 34
24 28 61
24 29 51
24 30 51
24 31 48
24 32 55
24 33 55
24 34 47
24 35 43
24 36 32
24 37 42
24 38 45
24 39 57
24 40 56
24 41 53
24 42 54
24 43 40
24 44 30
24 45 38
24 46 36
24 47 48
24 48 36
24 49 40
24 50 47
24 51 25
24 52 46
24 53 50
24 54 46
24 55 39
24 56 40
24 57 44
24 58 46
24 59 33
24 60 44
24 61 37
25 0 36
25 1 54
25 2 48
25 3 55
25 4 58
25 5 43
25 6 38
25 7 39
25 8 35
25 9 49
25 10 35
25 11 42
25 12 41
25 13 51
25 14 48
25 15 23
25 16 43
25 17 41
25 18 38
25 19 44
25 20 44
25 21 32
25 22 30
25 23 43
25 24 57
25 25 100
25 26 46
25 27 32
25 28 44
25 29 50
25 30 47
25 31 41
25 32 46
25 33 46
25 34 42
25 35 35
25 36 24
25 37 33
25 38 43
25 39 54
25 40 42
25 41 41
25 42 35
25 43 29
25 44 41
25 45 37
25 46 21
25 47 36
25 48 31
25 49 32
25 50 51
25 51 19
25 52 52
25 53 47
25 54 40
25 55 54
25 56 48
25 57 50
25 58 34
25 59 27
25 60 32
25 61 34
26 0 50
26 1 35
26 2 75
26 3 51
26 4 53
26 5 36
26 6 46
26 7 58
26 8 37
26 9 60
26 10 50
26 11 27
26 12 40
26 13 63
26 14 45
26 15 42
26 16 52
26 17 58
26 18 47
26 19 46
26 20 56
26 21 31
26 22 43
26 23 56
26 24 54
26 25 46
26 26 100
26 27 50
26 28 66
26 29 72
26 30 45
26 31 57
26 32 49
26 33 49
26 34 43
26 35 53
26 36 27
26 37 51
26 38 55
26 39 40
26 40 54
26 41 45
26 42 41
26 43 38
26 44 47
26 45 34
26 46 33
26 47 49
26 48 46
26 49 39
26 50 52
26 51 25
26 52 50
26 53 60
26 54 47
26 55 50
26 56 39
26 57 47
26 58 38
26 59 36
26 60 41
26 61 35
27 0 34
27 1 24
27 2 34
27 3 36
27 4 36
27 5 21
27 6 28
27 7 37
27 8 30
27 9 56
27 10 32
27 11 10
27 12 35
27 13 42
27 14 34
27 15 31
27 16 43
27 17 33
27 18 28
27 19 36
27 20 44
27 21 34
27 22 32
27 23 38
27 24 34
27 25 32
27 26 50
27 27 99
27 28 32
27 29 42
27 30 27
27 31 65
27 32 41
27 33 35
27 34 29
27 35 50
27 36 22
27 37 49
27 38 32
27 39 23
27 40 51
27 41 30
27 42 28
27 43 33
27 44 31
27 45 13
27 46 17
27 47 33
27 48 31
27 49 28
27 50 36
27 51 18
27 52 34
27 53 52
27 54 25
27 55 31
27 56 34
27 57 28
27 58 21
27 59 29
27 60 27
27 61 26
28 0 70
28 1 52
28 2 79
28 3 47
28 4 49
28 5 39
28 6 65
28 7 67
28 8 47
28 9 63
28 10 69
28 11 42
28 12 59
28 13 59
28 14 44
28 15 52
28 16 51
28 17 59
28 18 62
28 19 59
28 20 56
28 21 36
28 22 59
28 23 64
28 24 61
28 25 44
28 26 66
28 27 32
28 28 100
28 29 66
28 30 48
28 31 38
28 32 60
28 33 56
28 34 53
28 35 55
28 36 37
28 37 44
28 38 56
28 39 62
28 40 57
28 41 63
28 42 57
28 43 44
28 44 40
28 45 47
28 46 60
28 47 60
28 48 51
28 49 48
28 50 56
28 51 30
28 52 49
28 53 48
28 54 55
28 55 52
28 56 45
28 57 43
28 58 62
28 59 53
28 60 51
28 61 57
29 0 60
29 1 46
29 2 76
29 3 47
29 4 61
29 5 46
29 6 50
29 7 63
29 8 45
29 9 55
29 10 60
29 11 39
29 12 47
29 13 57
29 14 46
29 15 42
29 16 53
29 17 67
29 18 55
29 19 55
29 20 55
29 21 30
29 22 52
29 23 64
29 24 51
29 25 50
29 26 72
29 27 42
29 28 66
29 29 99
29 30 48
29 31 43
29 32 53
29 33 46
29 34 47
29 35 55
29 36 35
29 37 47
29 38 51
29 39 53
29 40 50
29 41 54
29 42 45
29 43 40
29 44 46
29 45 47
29 46 47
29 47 55
29 48 56
29 49 49
29 50 58
29 51 31
29 52 57
29 53 59
29 54 53
29 55 61
29 56 57
29 57 48
29 58 50
29 59 49
29 60 43
29 61 49
30 0 32
30 1 38
30 2 40
30 3 54
30 4 55
30 5 36
30 6 36
30 7 30
30 8 33
30 9 55
30 10 33
30 11 29
30 12 48
30 13 52
30 14 41
30 15 24
30 16 40
30 17 51
30 18 32
30 19 51
30 20 43
30 21 25
30 22 35
30 23 40
30 24 51
30 25 47
30 26 45
30 27 27
30 28 48
30 29 48
30 30 100
30 31 49
30 32 41
30 33 50
30 34 45
30 35 29
30 36 28
30 37 52
30 38 43
30 39 37
30 40 57
30 41 40
30 42 44
30 43 27
30 44 37
30 45 30
30 46 29
30 47 39
30 48 36
30 49 42
30 50 34
30 51 24
30 52 51
30 53 48
30 54 45
30 55 43
30 56 33
30 57 44
30 58 39
30 59 24
30 60 28
30 61 26
31 0 29
31 1 25
31 2 35
31 3 50
31 4 43
31 5 22
31 6 33
31 7 32
31 8 30
31 9 68
31 10 29
31 11 20
31 12 41
31 13 52
31 14 50
31 15 25
31 16 50
31 17 44
31 18 26
31 19 43
31 20 52
31 21 35
31 22 36
31 23 39
31 24 48
31 25 41
31 26 57
31 27 65
31 28 38
31 29 43
31 30 49
31 31 100
31 32 46
31 33 44
31 34 40
31 35 49
31 36 23
31 37 60
31 38 49
31 39 27
31 40 63
31 41 39
31 42 37
31 43 34
31 44 36
31 45 18
31 46 18
31 47 36
31 48 32
31 49 33
31 50 36
31 51 13
31 52 38
31 53 70
31 54 32
31 55 28
31 56 26
31 57 35
31 58 27
31 59 19
31 60 34
31 61 20
32 0 57
32 1 55
32 2 55
32 3 59
32 4 52
32 5 36
32 6 63
32 7 58
32 8 48
32 9 64
32 10 60
32 11 39
32 12 55
32 13 63
32 14 52
32 15 54
32 16 69
32 17 57
32 18 55
32 19 56
32 20 54
32 21 47
32 22 55
32 23 55
32 24 55
32 25 46
32 26 49
32 27 41
32 28 60
32 29 53
32 30 41
32 31 46
32 32 99
32 33 66
32 34 67
32 35 71
32 36 48
32 37 55
32 38 57
32 39 55
32 40 59
32 41 66
32 42 71
32 43 62
32 44 48
32 45 44
32 46 47
32 47 55
32 48 47
32 49 49
32 50 61
32 51 23
32 52 43
32 53 57
32 54 54
32 55 42
32 56 45
32 57 38
32 58 57
32 59 49
32 60 52
32 61 55
33 0 53
33 1 62
33 2 46
33 3 81
33 4 51
33 5 35
33 6 63
33 7 53
33 8 48
33 9 67
33 10 51
33 11 31
33 12 70
33 13 61
33 14 53
33 15 50
33 16 60
33 17 56
33 18 46
33 19 55
33 20 51
33 21 43
33 22 49
33 23 56
33 24 55
33 25 46
33 26 49
33 27 35
33 28 56
33 29 46
33 30 50
33 31 44
33 32 66
33 33 100
33 34 66
33 35 52
33 36 42
33 37 61
33 38 61
33 39 55
33 40 71
33 41 60
33 42 60
33 43 48
33 44 37
33 45 39
33 46 42
33 47 53
33 48 47
33 49 45
33 50 49
33 51 28
33 52 46
33 53 52
33 54 50
33 55 45
33 56 35
33 57 44
33 58 54
33 59 40
33 60 45
33 61 48
34 0 50
34 1 47
34 2 43
34 3 55
34 4 48
34 5 36
34 6 56
34 7 51
34 8 51
34 9 61
34 10 52
34 11 33
34 12 53
34 13 48
34 14 57
34 15 55
34 16 60
34 17 62
34 18 44
34 19 58
34 20 50
34 21 38
34 22 48
34 23 50
34 24 47
34 25 42
34 26 43
34 27 29
34 28 53
34 29 47
34 30 45
34 31 40
34 32 67
34 33 66
34 34 99
34 35 60
34 36 52
34 37 54
34 38 55
34 39 53
34 40 57
34 41 66
34 42 66
34 43 58
34 44 33
34 45 40
34 46 47
34 47 58
34 48 41
34 49 42
34 50 49
34 51 35
34 52 45
34 53 48
34 54 55
34 55 43
34 56 39
34 57 42
34 58 51
34 59 40
34 60 39
34 61 46
35 0 56
35 1 42
35 2 54
35 3 51
35 4 43
35 5 31
35 6 58
35 7 58
35 8 42
35 9 56
35 10 60
35 11 38
35 12 47
35 13 54
35 14 51
35 15 51
35 16 62
35 17 59
35 18 58
35 19 57
35 20 58
35 21 41
35 22 62
35 23 61
35 24 43
35 25 35
35 26 53
35 27 50
35 28 55
35 29 55
35 30 29
35 31 49
35 32 71
35 33 52
35 34 60
35 35 100
35 36 41
35 37 50
35 38 51
35 39 50
35 40 57
35 41 59
35 42 55
35 43 54
35 44 37
35 45 37
35 46 51
35 47 56
35 48 49
35 49 43
35 50 61
35 51 22
35 52 39
35 53 56
35 54 48
35 55 41
35 56 47
35 57 31
35 58 52
35 59 49
35 60 57
35 61 53
36 0 50
36 1 35
36 2 30
36 3 29
36 4 32
36 5 24
36 6 37
36 7 49
36 8 47
36 9 38
36 10 41
36 11 18
36 12 38
36 13 31
36 14 27
36 15 59
36 16 37
36 17 45
36 18 32
36 19 38
36 20 32
36 21 26
36 22 35
36 23 45
36 24 32
36 25 24
36 26 27
36 27 22
36 28 37
36 29 35
36 30 28
36 31 23
36 32 48
36 33 42
36 34 52
36 35 41
36 36 99
36 37 36
36 38 30
36 39 41
36 40 35
36 41 40
36 42 61
36 43 56
36 44 23
36 45 33
36 46 34
36 47 43
36 48 42
36 49 31
36 50 29
36 51 28
36 52 29
36 53 30
36 54 36
36 55 41
36 56 28
36 57 33
36 58 39
36 59 35
36 60 22
36 61 41
37 0 42
37 1 38
37 2 37
37 3 54
37 4 45
37 5 18
37 6 44
37 7 44
37 8 46
37 9 67
37 10 42
37 11 15
37 12 50
37 13 47
37 14 58
37 15 49
37 16 51
37 17 62
37 18 35
37 19 54
37 20 54
37 21 48
37 22 46
37 23 47
37 24 42
37 25 33
37 26 51
37 27 49
37 28 44
37 29 47
37 30 52
37 31 60
37 32 55
37 33 61
37 34 54
37 35 50
37 36 36
37 37 100
37 38 57
37 39 38
37 40 62
37 41 51
37 42 48
37 43 45
37 44 36
37 45 34
37 46 35
37 47 53
37 48 54
37 49 53
37 50 35
37 51 29
37 52 37
37 53 56
37 54 41
37 55 43
37 56 32
37 57 43
37 58 43
37 59 35
37 60 31
37 61 40
38 0 45
38 1 50
38 2 54
38 3 55
38 4 48
38 5 38
38 6 54
38 7 43
38 8 37
38 9 60
38 10 51
38 11 29
38 12 48
38 13 58
38 14 54
38 15 37
38 16 54
38 17 54
38 18 53
38 19 50
38 20 51
38 21 31
38 22 51
38 23 59
38 24 45
38 25 43
38 26 55
38 27 32
38 28 56
38 29 51
38 30 43
38 31 49
38 32 57
38 33 61
38 34 55
38 35 51
38 36 30
38 37 57
38 38 99
38 39 49
38 40 59
38 41 61
38 42 51
38 43 37
38 44 40
38 45 45
38 46 42
38 47 54
38 48 48
38 49 48
38 50 50
38 51 29
38 52 46
38 53 51
38 54 49
38 55 47
38 56 42
38 57 44
38 58 41
38 59 39
38 60 37
38 61 37
39 0 59
39 1 56
39 2 53
39 3 45
39 4 48
39 5 42
39 6 60
39 7 57
39 8 51
39 9 51
39 10 59
39 11 41
39 12 51
39 13 51
39 14 38
39 15 42
39 16 48
39 17 50
39 18 52
39 19 51
39 20 44
39 21 30
39 22 48
39 23 60
39 24 57
39 25 54
39 26 40
39 27 23
39 28 62
39 29 53
39 30 37
39 31 27
39 32 55
39 33 55
39 34 53
39 35 50
39 36 41
39 37 38
39 38 49
39 39 100
39 40 49
39 41 57
39 42 52
39 43 52
39 44 34
39 45 52
39 46 48
39 47 55
39 48 47
39 49 46
39 50 49
39 51 32
39 52 49
39 53 38
39 54 44
39 55 55
39 56 48
39 57 48
39 58 59
39 59 45
39 60 51
39 61 57
40 0 54
40 1 49
40 2 41
40 3 59
40 4 47
40 5 37
40 6 58
40 7 51
40 8 43
40 9 74
40 10 49
40 11 25
40 12 67
40 13 60
40 14 61
40 15 45
40 16 59
40 17 58
40 18 46
40 19 57
40 20 62
40 21 40
40 22 53
40 23 59
40 24 56
40 25 42
40 26 54
40 27 51
40 28 57
40 29 50
40 30 57
40 31 63
40 32 59
40 33 71
40 34 57
40 35 57
40 36 35
40 37 62
40 38 59
40 39 49
40 40 99
40 41 58
40 42 59
40 43 44
40 44 35
40 45 33
40 46 41
40 47 53
40 48 45
40 49 43
40 50 48
40 51 23
40 52 48
40 53 58
40 54 42
40 55 41
40 56 35
40 57 43
40 58 50
40 59 38
40 60 49
40 61 42
41 0 60
41 1 53
41 2 55
41 3 49
41 4 42
41 5 35
41 6 63
41 7 57
41 8 55
41 9 60
41 10 66
41 11 44
41 12 56
41 13 57
41 14 60
41 15 52
41 16 64
41 17 63
41 18 62
41 19 64
41 20 57
41 21 39
41 22 63
41 23 60
41 24 53
41 25 41
41 26 45
41 27 30
41 28 63
41 29 54
41 30 40
41 31 39
41 32 66
41 33 60
41 34 66
41 35 59
41 36 40
41 37 51
41 38 61
41 39 57
41 40 58
41 41 100
41 42 64
41 43 48
41 44 33
41 45 62
41 46 60
41 47 71
41 48 51
41 49 55
41 50 54
41 51 34
41 52 45
41 53 51
41 54 57
41 55 45
41 56 44
41 57 41
41 58 60
41 59 50
41 60 56
41 61 55
42 0 59
42 1 47
42 2 45
42 3 44
42 4 38
42 5 30
42 6 59
42 7 59
42 8 50
42 9 56
42 10 54
42 11 34
42 12 55
42 13 54
42 14 46
42 15 58
42 16 59
42 17 57
42 18 51
42 19 56
42 20 45
42 21 32
42 22 50
42 23 50
42 24 54
42 25 35
42 26 41
42 27 28
42 28 57
42 29 45
42 30 44
42 31 37
42 32 71
42 33 60
42 34 66
42 35 55
42 36 61
42 37 48
42 38 51
42 39 52
42 40 59
42 41 64
42 42 100
42 43 54
42 44 30
42 45 45
42 46 47
42 47 55
42 48 47
42 49 43
42 50 45
42 51 27
42 52 41
42 53 45
42 54 47
42 55 38
42 56 32
42 57 35
42 58 55
42 59 47
42 60 44
42 61 49
43 0 38
43 1 36
43 2 40
43 3 38
43 4 34
43 5 24
43 6 39
43 7 37
43 8 37
43 9 48
43 10 41
43 11 16
43 12 36
43 13 41
43 14 36
43 15 50
43 16 46
43 17 47
43 18 34
43 19 35
43 20 43
43 21 35
43 22 39
43 23 46
43 24 40
43 25 29
43 26 38
43 27 33
43 28 44
43 29 40
43 30 27
43 31 34
43 32 62
43 33 48
43 34 58
43 35 54
43 36 56
43 37 45
43 38 37
43 39 52
43 40 44
43 41 48
43 42 54
43 43 100
43 44 21
43 45 30
43 46 33
43 47 43
43 48 34
43 49 31
43 50 36
43 51 21
43 52 31
43 53 37
43 54 31
43 55 35
43 56 31
43 57 29
43 58 37
43 59 27
43 60 29
43 61 33
44 0 40
44 1 30
44 2 43
44 3 41
44 4 43
44 5 31
44 6 34
44 7 44
44 8 29
44 9 41
44 10 45
44 11 30
44 12 31
44 13 41
44 14 33
44 15 22
44 16 36
44 17 45
44 18 32
44 19 33
44 20 35
44 21 19
44 22 33
44 23 43
44 24 30
44 25 41
44 26 47
44 27 31
44 28 40
44 29 46
44 30 37
44 31 36
44 32 48
44 33 37
44 34 33
44 35 37
44 36 23
44 37 36
44 38 40
44 39 34
44 40 35
44 41 33
44 42 30
44 43 21
44 44 100
44 45 31
44 46 25
44 47 35
44 48 43
44 49 32
44 50 33
44 51 14
44 52 39
44 53 39
44 54 38
44 55 42
44 56 31
44 57 39
44 58 44
44 59 47
44 60 28
44 61 48
45 0 58
45 1 43
45 2 42
45 3 37
45 4 40
45 5 39
45 6 53
45 7 52
45 8 46
45 9 44
45 10 61
45 11 38
45 12 39
45 13 38
45 14 32
45 15 43
45 16 45
45 17 51
45 18 59
45 19 51
45 20 36
45 21 29
45 22 49
45 23 51
45 24 38
45 25 37
45 26 34
45 27 13
45 28 47
45 29 47
45 30 30
45 31 18
45 32 44
45 33 39
45 34 40
45 35 37
45 36 33
45 37 34
45 38 45
45 39 52
45 40 33
45 41 62
45 42 45
45 43 30
45 44 31
45 45 99
45 46 55
45 47 71
45 48 53
45 49 50
45 50 43
45 51 33
45 52 44
45 53 30
45 54 38
45 55 49
45 56 40
45 57 40
45 58 60
45 59 56
45 60 41
45 61 60
46 0 70
46 1 44
46 2 45
46 3 32
46 4 34
46 5 29
46 6 68
46 7 59
46 8 51
46 9 43
46 10 83
46 11 41
46 12 49
46 13 36
46 14 30
46 15 54
46 16 46
46 17 54
46 18 70
46 19 60
46 20 45
46 21 30
46 22 65
46 23 61
46 24 36
46 25 21
46 26 33
46 27 17
46 28 60
46 29 47
46 30 29
46 31 18
46 32 47
46 33 42
46 34 47
46 35 51
46 36 34
46 37 35
46 38 42
46 39 48
46 40 41
46 41 60
46 42 47
46 43 33
46 44 25
46 45 55
46 46 99
46 47 64
46 48 50
46 49 54
46 50 50
46 51 39
46 52 33
46 53 28
46 54 39
46 55 40
46 56 32
46 57 29
46 58 66
46 59 68
46 60 50
46 61 68
47 0 63
47 1 45
47 2 51
47 3 47
47 4 47
47 5 38
47 6 66
47 7 59
47 8 61
47 9 60
47 10 72
47 11 37
47 12 49
47 13 50
47 14 50
47 15 59
47 16 57
47 17 66
47 18 66
47 19 70
47 20 57
47 21 41
47 22 66
47 23 64
47 24 48
47 25 36
47 26 49
47 27 33
47 28 60
47 29 55
47 30 39
47 31 36
47 32 55
47 33 53
47 34 58
47 35 56
47 36 43
47 37 53
47 38 54
47 39 55
47 40 53
47 41 71
47 42 55
47 43 43
47 44 35
47 45 71
47 46 64
47 47 100
47 48 56
47 49 61
47 50 48
47 51 49
47 52 51
47 53 43
47 54 51
47 55 52
47 56 42
47 57 56
47 58 63
47 59 57
47 60 47
47 61 60
48 0 60
48 1 42
48 2 51
48 3 38
48 4 43
48 5 29
48 6 52
48 7 57
48 8 43
48 9 49
48 10 59
48 11 30
48 12 48
48 13 39
48 14 36
48 15 48
48 16 40
48 17 67
48 18 56
48 19 54
48 20 51
48 21 39
48 22 52
48 23 56
48 24 36
48 25 31
48 26 46
48 27 31
48 28 51
48 29 56
48 30 36
48 31 32
48 32 47
48 33 47
48 34 41
48 35 49
48 36 42
48 37 54
48 38 48
48 39 47
48 40 45
48 41 51
48 42 47
48 43 34
48 44 43
48 45 53
48 46 50
48 47 56
48 48 100
48 49 59
48 50 43
48 51 31
48 52 39
48 53 43
48 54 42
48 55 60
48 56 37
48 57 36
48 58 60
48 59 58
48 60 40
48 61 61
49 0 55
49 1 35
49 2 43
49 3 40
49 4 47
49 5 25
49 6 53
49 7 46
49 8 41
49 9 52
49 10 64
49 11 31
49 12 42
49 13 39
49 14 41
49 15 38
49 16 41
49 17 54
49 18 58
49 19 52
49 20 44
49 21 38
49 22 53
49 23 51
49 24 40
49 25 32
49 26 39
49 27 28
49 28 48
49 29 49
49 30 42
49 31 33
49 32 49
49 33 45
49 34 42
49 35 43
49 36 31
49 37 53
49 38 48
49 39 46
49 40 43
49 41 55
49 42 43
49 43 31
49 44 32
49 45 50
49 46 54
49 47 61
49 48 59
49 49 100
49 50 48
49 51 31
49 52 43
49 53 49
49 54 45
49 55 46
49 56 45
49 57 39
49 58 54
49 59 50
49 60 43
49 61 54
50 0 55
50 1 46
50 2 57
50 3 51
50 4 58
50 5 42
50 6 59
50 7 52
50 8 34
50 9 55
50 10 61
50 11 48
50 12 46
50 13 54
50 14 48
50 15 39
50 16 53
50 17 52
50 18 65
50 19 54
50 20 61
50 21 41
50 22 50
50 23 61
50 24 47
50 25 51
50 26 52
50 27 36
50 28 56
50 29 58
50 30 34
50 31 36
50 32 61
50 33 49
50 34 49
50 35 61
50 36 29
50 37 35
50 38 50
50 39 49
50 40 48
50 41 54
50 42 45
50 43 36
50 44 33
50 45 43
50 46 50
50 47 48
50 48 43
50 49 48
50 50 99
50 51 22
50 52 52
50 53 63
50 54 58
50 55 48
50 56 55
50 57 38
50 58 51
50 59 47
50 60 57
50 61 52
51 0 29
51 1 29
51 2 27
51 3 19
51 4 47
51 5 30
51 6 34
51 7 30
51 8 57
51 9 31
51 10 36
51 11 16
51 12 28
51 13 24
51 14 12
51 15 29
51 16 26
51 17 33
51 18 26
51 19 53
51 20 20
51 21 21
51 22 27
51 23 49
51 24 25
51 25 19
51 26 25
51 27 18
51 28 30
51 29 31
51 30 24
51 31 13
51 32 23
51 33 28
51 34 35
51 35 22
51 36 28
51 37 29
51 38 29
51 39 32
51 40 23
51 41 34
51 42 27
51 43 21
51 44 14
51 45 33
51 46 39
51 47 49
51 48 31
51 49 31
51 50 22
51 51 100
51 52 35
51 53 19
51 54 31
51 55 53
51 56 30
51 57 65
51 58 32
51 59 35
51 60 14
51 61 32
52 0 39
52 1 41
52 2 52
52 3 44
52 4 60
52 5 76
52 6 46
52 7 42
52 8 40
52 9 58
52 10 44
52 11 38
52 12 45
52 13 48
52 14 41
52 15 25
52 16 45
52 17 53
52 18 48
52 19 56
52 20 38
52 21 23
52 22 36
52 23 56
52 24 46
52 25 52
52 26 50
52 27 34
52 28 49
52 29 57
52 30 51
52 31 38
52 32 43
52 33 46
52 34 45
52 35 39
52 36 29
52 37 37
52 38 46
52 39 49
52 40 48
52 41 45
52 42 41
52 43 31
52 44 39
52 45 44
52 46 33
52 47 51
52 48 39
52 49 43
52 50 52
52 51 35
52 52 100
52 53 47
52 54 58
52 55 63
52 56 68
52 57 47
52 58 43
52 59 41
52 60 30
52 61 40
53 0 43
53 1 36
53 2 49
53 3 57
53 4 65
53 5 30
53 6 40
53 7 46
53 8 34
53 9 65
53 10 41
53 11 35
53 12 47
53 13 55
53 14 54
53 15 32
53 16 57
53 17 52
53 18 38
53 19 51
53 20 57
53 21 42
53 22 43
53 23 50
53 24 50
53 25 47
53 26 60
53 27 52
53 28 48
53 29 59
53 30 48
53 31 70
53 32 57
53 33 52
53 34 48
53 35 56
53 36 30
53 37 56
53 38 51
53 39 38
53 40 58
53 41 51
53 42 45
53 43 37
53 44 39
53 45 30
53 46 28
53 47 43
53 48 43
53 49 49
53 50 63
53 51 19
53 52 47
53 53 100
53 54 62
53 55 41
53 56 45
53 57 44
53 58 38
53 59 28
53 60 45
53 61 34
54 0 45
54 1 49
54 2 53
54 3 47
54 4 54
54 5 43
54 6 50
54 7 47
54 8 38
54 9 55
54 10 46
54 11 38
54 12 46
54 13 54
54 14 42
54 15 36
54 16 50
54 17 48
54 18 43
54 19 51
54 20 48
54 21 32
54 22 44
54 23 52
54 24 46
54 25 40
54 26 47
54 27 25
54 28 55
54 29 53
54 30 45
54 31 32
54 32 54
54 33 50
54 34 55
54 35 48
54 36 36
54 37 41
54 38 49
54 39 44
54 40 42
54 41 57
54 42 47
54 43 31
54 44 38
54 45 38
54 46 39
54 47 51
54 48 42
54 49 45
54 50 58
54 51 31
54 52 58
54 53 62
54 54 99
54 55 46
54 56 49
54 57 43
54 58 47
54 59 37
54 60 37
54 61 45
55 0 51
55 1 44
55 2 56
55 3 41
55 4 65
55 5 49
55 6 47
55 7 55
55 8 52
55 9 46
55 10 52
55 11 35
55 12 40
55 13 37
55 14 34
55 15 42
55 16 38
55 17 57
55 18 47
55 19 57
55 20 40
55 21 29
55 22 33
55 23 65
55 24 39
55 25 54
55 26 50
55 27 31
55 28 52
55 29 61
55 30 43
55 31 28
55 32 42
55 33 45
55 34 43
55 35 41
55 36 41
55 37 43
55 38 47
55 39 55
55 40 41
55 41 45
55 42 38
55 43 35
55 44 42
55 45 49
55 46 40
55 47 52
55 48 60
55 49 46
55 50 48
55 51 53
55 52 63
55 53 41
55 54 46
55 55 100
55 56 61
55 57 63
55 58 46
55 59 51
55 60 34
55 61 51
56 0 39
56 1 39
56 2 51
56 3 37
56 4 59
56 5 50
56 6 41
56 7 42
56 8 33
56 9 44
56 10 44
56 11 39
56 12 33
56 13 42
56 14 35
56 15 30
56 16 42
56 17 43
56 18 46
56 19 45
56 20 38
56 21 27
56 22 37
56 23 50
56 24 40
56 25 48
56 26 39
56 27 34
56 28 45
56 29 57
56 30 33
56 31 26
56 32 45
56 33 35
56 34 39
56 35 47
56 36 28
56 37 32
56 38 42
56 39 48
56 40 35
56 41 44
56 42 32
56 43 31
56 44 31
56 45 40
56 46 32
56 47 42
56 48 37
56 49 45
56 50 55
56 51 30
56 52 68
56 53 45
56 54 49
56 55 61
56 56 100
56 57 41
56 58 38
56 59 36
56 60 32
56 61 43
57 0 37
57 1 44
57 2 39
57 3 43
57 4 65
57 5 36
57 6 36
57 7 40
57 8 60
57 9 49
57 10 37
57 11 27
57 12 41
57 13 41
57 14 42
57 15 34
57 16 44
57 17 42
57 18 33
57 19 54
57 20 41
57 21 32
57 22 31
57 23 55
57 24 44
57 25 50
57 26 47
57 27 28
57 28 43
57 29 48
57 30 44
57 31 35
57 32 38
57 33 44
57 34 42
57 35 31
57 36 33
57 37 43
57 38 44
57 39 48
57 40 43
57 41 41
57 42 35
57 43 29
57 44 39
57 45 40
57 46 29
57 47 56
57 48 36
57 49 39
57 50 38
57 51 65
57 52 47
57 53 44
57 54 43
57 55 63
57 56 41
57 57 100
57 58 35
57 59 29
57 60 31
57 61 34
58 0 71
58 1 50
58 2 49
58 3 42
58 4 40
58 5 37
58 6 74
58 7 66
58 8 48
58 9 50
58 10 77
58 11 52
58 12 63
58 13 49
58 14 36
58 15 47
58 16 51
58 17 65
58 18 64
58 19 59
58 20 45
58 21 36
58 22 57
58 23 58
58 24 46
58 25 34
58 26 38
58 27 21
58 28 62
58 29 50
58 30 39
58 31 27
58 32 57
58 33 54
58 34 51
58 35 52
58 36 39
58 37 43
58 38 41
58 39 59
58 40 50
58 41 60
58 42 55
58 43 37
58 44 44
58 45 60
58 46 66
58 47 63
58 48 60
58 49 54
58 50 51
58 51 32
58 52 43
58 53 38
58 54 47
58 55 46
58 56 38
58 57 35
58 58 99
58 59 72
58 60 54
58 61 80
59 0 68
59 1 39
59 2 47
59 3 31
59 4 34
59 5 33
59 6 64
59 7 63
59 8 50
59 9 41
59 10 76
59 11 42
59 12 45
59 13 35
59 14 27
59 15 45
59 16 40
59 17 58
59 18 66
59 19 57
59 20 37
59 21 30
59 22 53
59 23 58
59 24 33
59 25 27
59 26 36
59 27 29
59 28 53
59 29 49
59 30 24
59 31 19
59 32 49
59 33 40
59 34 40
59 35 49
59 36 35
59 37 35
59 38 39
59 39 45
59 40 38
59 41 50
59 42 47
59 43 27
59 44 47
59 45 56
59 46 68
59 47 57
59 48 58
59 49 50
59 50 47
59 51 35
59 52 41
59 53 28
59 54 37
59 55 51
59 56 36
59 57 29
59 58 72
59 59 100
59 60 43
59 61 78
60 0 55
60 1 41
60 2 38
60 3 42
60 4 37
60 5 22
60 6 61
60 7 51
60 8 40
60 9 44
60 10 61
60 11 54
60 12 47
60 13 47
60 14 43
60 15 37
60 16 52
60 17 44
60 18 59
60 19 54
60 20 53
60 21 35
60 22 50
60 23 49
60 24 44
60 25 32
60 26 41
60 27 27
60 28 51
60 29 43
60 30 28
60 31 34
60 32 52
60 33 45
60 34 39
60 35 57
60 36 22
60 37 31
60 38 37
60 39 51
60 40 49
60 41 56
60 42 44
60 43 29
60 44 28
60 45 41
60 46 50
60 47 47
60 48 40
60 49 43
60 50 57
60 51 14
60 52 30
60 53 45
60 54 37
60 55 34
60 56 32
60 57 31
60 58 54
60 59 43
60 60 99
60 61 50
61 0 75
61 1 49
61 2 48
61 3 39
61 4 39
61 5 35
61 6 71
61 7 72
61 8 47
61 9 45
61 10 81
61 11 47
61 12 51
61 13 42
61 14 33
61 15 54
61 16 49
61 17 58
61 18 65
61 19 57
61 20 45
61 21 41
61 22 56
61 23 59
61 24 37
61 25 34
61 26 35
61 27 26
61 28 57
61 29 49
61 30 26
61 31 20
61 32 55
61 33 48
61 34 46
61 35 53
61 36 41
61 37 40
61 38 37
61 39 57
61 40 42
61 41 55
61 42 49
61 43 33
61 44 48
61 45 60
61 46 68
61 47 60
61 48 61
61 49 54
61 50 52
61 51 32
61 52 40
61 53 34
61 54 45
61 55 51
61 56 43
61 57 34
61 58 80
61 59 78
61 60 50
61 61 100
