0 0 99
0 1 45
0 2 45
0 3 40
0 4 50
0 5 54
0 6 83
0 7 47
0 8 47
0 9 47
0 10 37
0 11 65
0 12 40
0 13 44
0 14 58
0 15 55
0 16 46
0 17 47
0 18 44
0 19 45
0 20 47
0 21 41
0 22 32
0 23 44
0 24 42
0 25 43
0 26 41
0 27 48
0 28 50
0 29 28
0 30 49
0 31 50
0 32 52
0 33 47
0 34 42
0 35 43
0 36 41
0 37 45
0 38 29
0 39 39
0 40 41
0 41 38
0 42 50
0 43 43
0 44 49
0 45 54
0 46 16
0 47 50
1 0 45
1 1 100
1 2 59
1 3 47
1 4 47
1 5 48
1 6 61
1 7 67
1 8 92
1 9 64
1 10 45
1 11 51
1 12 45
1 13 35
1 14 53
1 15 56
1 16 58
1 17 42
1 18 39
1 19 54
1 20 50
1 21 67
1 22 40
1 23 44
1 24 63
1 25 54
1 26 60
1 27 46
1 28 59
1 29 40
1 30 48
1 31 45
1 32 38
1 33 59
1 34 35
1 35 48
1 36 37
1 37 44
1 38 20
1 39 49
1 40 59
1 41 40
1 42 52
1 43 52
1 44 52
1 45 61
1 46 24
1 47 34
2 0 45
2 1 59
2 2 100
2 3 41
2 4 38
2 5 41
2 6 50
2 7 60
2 8 50
2 9 71
2 10 33
2 11 43
2 12 35
2 13 33
2 14 56
2 15 56
2 16 49
2 17 46
2 18 44
2 19 49
2 20 83
2 21 73
2 22 41
2 23 51
2 24 42
2 25 45
2 26 45
2 27 36
2 28 43
2 29 31
2 30 48
2 31 42
2 32 39
2 33 54
2 34 40
2 35 40
2 36 30
2 37 40
2 38 16
2 39 36
2 40 46
2 41 34
2 42 48
2 43 52
2 44 47
2 45 52
2 46 19
2 47 30
3 0 40
3 1 47
3 2 41
3 3 99
3 4 45
3 5 53
3 6 50
3 7 48
3 8 47
3 9 53
3 10 31
3 11 42
3 12 33
3 13 36
3 14 57
3 15 49
3 16 51
3 17 38
3 18 46
3 19 37
3 20 38
3 21 44
3 22 32
3 23 48
3 24 37
3 25 83
3 26 44
3 27 42
3 28 45
3 29 22
3 30 36
3 31 39
3 32 43
3 33 59
3 34 34
3 35 45
3 36 32
3 37 35
3 38 27
3 39 29
3 40 37
3 41 50
3 42 50
3 43 52
3 44 42
3 45 52
3 46 15
3 47 44
4 0 50
4 1 47
4 2 38
4 3 45
4 4 100
4 5 50
4 6 56
4 7 56
4 8 49
4 9 49
4 10 38
4 11 46
4 12 46
4 13 54
4 14 58
4 15 49
4 16 44
4 17 37
4 18 48
4 19 41
4 20 40
4 21 42
4 22 36
4 23 45
4 24 57
4 25 47
4 26 51
4 27 34
4 28 85
4 29 30
4 30 53
4 31 54
4 32 50
4 33 51
4 34 37
4 35 56
4 36 31
4 37 41
4 38 47
4 39 52
4 40 55
4 41 35
4 42 62
4 43 39
4 44 48
4 45 60
4 46 16
4 47 33
5 0 54
5 1 48
5 2 41
5 3 53
5 4 50
5 5 99
5 6 65
5 7 51
5 8 48
5 9 49
5 10 39
5 11 51
5 12 44
5 13 34
5 14 54
5 15 60
5 16 52
5 17 47
5 18 43
5 19 38
5 20 41
5 21 43
5 22 31
5 23 45
5 24 48
5 25 50
5 26 47
5 27 35
5 28 51
5 29 31
5 30 43
5 31 42
5 32 53
5 33 53
5 34 37
5 35 41
5 36 34
5 37 32
5 38 22
5 39 33
5 40 36
5 41 82
5 42 57
5 43 46
5 44 66
5 45 55
5 46 15
5 47 47
6 0 83
6 1 61
6 2 50
6 3 50
6 4 56
6 5 65
6 6 100
6 7 61
6 8 60
6 9 50
6 10 36
6 11 64
6 12 42
6 13 41
6 14 65
6 15 59
6 16 50
6 17 55
6 18 47
6 19 48
6 20 48
6 21 46
6 22 34
6 23 43
6 24 54
6 25 51
6 26 58
6 27 54
6 28 58
6 29 27
6 30 50
6 31 52
6 32 55
6 33 58
6 34 39
6 35 47
6 36 35
6 37 43
6 38 31
6 39 45
6 40 46
6 41 54
6 42 57
6 43 43
6 44 51
6 45 58
6 46 17
6 47 49
7 0 47
7 1 67
7 2 60
7 3 48
7 4 56
7 5 51
7 6 61
7 7 100
7 8 66
7 9 61
7 10 46
7 11 48
7 12 40
7 13 36
7 14 60
7 15 57
7 16 51
7 17 54
7 18 55
7 19 49
7 20 55
7 21 55
7 22 35
7 23 49
7 24 57
7 25 50
7 26 56
7 27 50
7 28 58
7 29 34
7 30 49
7 31 44
7 32 46
7 33 61
7 34 38
7 35 50
7 36 34
7 37 42
7 38 25
7 39 51
7 40 53
7 41 42
7 42 57
7 43 47
7 44 50
7 45 61
7 46 20
7 47 38
8 0 47
8 1 92
8 2 50
8 3 47
8 4 49
8 5 48
8 6 60
8 7 66
8 8 100
8 9 60
8 10 49
8 11 56
8 12 52
8 13 41
8 14 50
8 15 58
8 16 62
8 17 43
8 18 39
8 19 57
8 20 43
8 21 60
8 22 44
8 23 42
8 24 63
8 25 55
8 26 56
8 27 52
8 28 62
8 29 46
8 30 47
8 31 47
8 32 39
8 33 64
8 34 36
8 35 53
8 36 41
8 37 48
8 38 21
8 39 50
8 40 63
8 41 39
8 42 53
8 43 51
8 44 52
8 45 58
8 46 26
8 47 37
9 0 47
9 1 64
9 2 71
9 3 53
9 4 49
9 5 49
9 6 50
9 7 61
9 8 60
9 9 100
9 10 58
9 11 54
9 12 50
9 13 47
9 14 64
9 15 69
9 16 59
9 17 45
9 18 54
9 19 57
9 20 69
9 21 71
9 22 45
9 23 57
9 24 63
9 25 53
9 26 53
9 27 46
9 28 60
9 29 51
9 30 72
9 31 57
9 32 46
9 33 60
9 34 43
9 35 55
9 36 49
9 37 47
9 38 35
9 39 41
9 40 65
9 41 38
9 42 59
9 43 62
9 44 58
9 45 65
9 46 30
9 47 49
10 0 37
10 1 45
10 2 33
10 3 31
10 4 38
10 5 39
10 6 36
10 7 46
10 8 49
10 9 58
10 10 100
10 11 52
10 12 64
10 13 53
10 14 42
10 15 48
10 16 58
10 17 44
10 18 43
10 19 49
10 20 30
10 21 39
10 22 31
10 23 36
10 24 69
10 25 37
10 26 38
10 27 37
10 28 66
10 29 79
10 30 54
10 31 52
10 32 41
10 33 36
10 34 38
10 35 59
10 36 53
10 37 43
10 38 40
10 39 34
10 40 60
10 41 26
10 42 51
10 43 43
10 44 40
10 45 53
10 46 36
10 47 49
11 0 65
11 1 51
11 2 43
11 3 42
11 4 46
11 5 51
11 6 64
11 7 48
11 8 56
11 9 54
11 10 52
11 11 100
11 12 49
11 13 52
11 14 55
11 15 66
11 16 65
11 17 56
11 18 42
11 19 46
11 20 38
11 21 47
11 22 31
11 23 39
11 24 57
11 25 42
11 26 48
11 27 54
11 28 57
11 29 48
11 30 56
11 31 54
11 32 56
11 33 49
11 34 41
11 35 54
11 36 53
11 37 57
11 38 38
11 39 44
11 40 56
11 41 39
11 42 52
11 43 44
11 44 54
11 45 56
11 46 24
11 47 54
12 0 40
12 1 45
12 2 35
12 3 33
12 4 46
12 5 44
12 6 42
12 7 40
12 8 52
12 9 50
12 10 64
12 11 49
12 12 100
12 13 72
12 14 46
12 15 49
12 16 56
12 17 38
12 18 37
12 19 44
12 20 31
12 21 44
12 22 33
12 23 30
12 24 61
12 25 34
12 26 40
12 27 28
12 28 68
12 29 63
12 30 53
12 31 56
12 32 50
12 33 42
12 34 46
12 35 61
12 36 44
12 37 47
12 38 49
12 39 33
12 40 54
12 41 29
12 42 55
12 43 37
12 44 41
12 45 48
12 46 20
12 47 37
13 0 44
13 1 35
13 2 33
13 3 36
13 4 54
13 5 34
13 6 41
13 7 36
13 8 41
13 9 47
13 10 53
13 11 52
13 12 72
13 13 100
13 14 46
13 15 44
13 16 49
13 17 39
13 18 35
13 19 43
13 20 26
13 21 42
13 22 28
13 23 31
13 24 48
13 25 34
13 26 33
13 27 32
13 28 65
13 29 47
13 30 49
13 31 61
13 32 50
13 33 43
13 34 51
13 35 66
13 36 53
13 37 52
13 38 63
13 39 38
13 40 45
13 41 22
13 42 51
13 43 38
13 44 39
13 45 48
13 46 30
13 47 47
14 0 58
14 1 53
14 2 56
14 3 57
14 4 58
14 5 54
14 6 65
14 7 60
14 8 50
14 9 64
14 10 42
14 11 55
14 12 46
14 13 46
14 14 99
14 15 59
14 16 50
14 17 51
14 18 60
14 19 52
14 20 56
14 21 54
14 22 38
14 23 53
14 24 46
14 25 53
14 26 51
14 27 47
14 28 60
14 29 32
14 30 54
14 31 60
14 32 61
14 33 63
14 34 50
14 35 54
14 36 35
14 37 47
14 38 39
14 39 35
14 40 47
14 41 48
14 42 68
14 43 51
14 44 48
14 45 56
14 46 24
14 47 42
15 0 55
15 1 56
15 2 56
15 3 49
15 4 49
15 5 60
15 6 59
15 7 57
15 8 58
15 9 69
15 10 48
15 11 66
15 12 49
15 13 44
15 14 59
15 15 99
15 16 65
15 17 47
15 18 49
15 19 52
15 20 53
15 21 57
15 22 40
15 23 53
15 24 57
15 25 47
15 26 58
15 27 44
15 28 57
15 29 42
15 30 59
15 31 53
15 32 63
15 33 58
15 34 39
15 35 54
15 36 44
15 37 48
15 38 32
15 39 45
15 40 55
15 41 48
15 42 59
15 43 56
15 44 62
15 45 59
15 46 20
15 47 48
16 0 46
16 1 58
16 2 49
16 3 51
16 4 44
16 5 52
16 6 50
16 7 51
16 8 62
16 9 59
16 10 58
16 11 65
16 12 56
16 13 49
16 14 50
16 15 65
16 16 99
16 17 46
16 18 43
16 19 53
16 20 40
16 21 57
16 22 43
16 23 36
16 24 61
16 25 53
16 26 53
16 27 45
16 28 61
16 29 52
16 30 49
16 31 52
16 32 53
16 33 54
16 34 44
16 35 65
16 36 48
16 37 56
16 38 28
16 39 42
16 40 62
16 41 44
16 42 59
16 43 57
16 44 54
16 45 57
16 46 27
16 47 42
17 0 47
17 1 42
17 2 46
17 3 38
17 4 37
17 5 47
17 6 55
17 7 54
17 8 43
17 9 45
17 10 44
17 11 56
17 12 38
17 13 39
17 14 51
17 15 47
17 16 46
17 17 100
17 18 48
17 19 47
17 20 49
17 21 40
17 22 28
17 23 36
17 24 41
17 25 35
17 26 41
17 27 39
17 28 46
17 29 38
17 30 37
17 31 42
17 32 35
17 33 42
17 34 37
17 35 39
17 36 36
17 37 37
17 38 29
17 39 27
17 40 46
17 41 40
17 42 46
17 43 38
17 44 33
17 45 47
17 46 25
17 47 48
18 0 44
18 1 39
18 2 44
18 3 46
18 4 48
18 5 43
18 6 47
18 7 55
18 8 39
18 9 54
18 10 43
18 11 42
18 12 37
18 13 35
18 14 60
18 15 49
18 16 43
18 17 48
18 18 99
18 19 50
18 20 50
18 21 48
18 22 38
18 23 58
18 24 47
18 25 41
18 26 39
18 27 38
18 28 50
18 29 30
18 30 42
18 31 45
18 32 40
18 33 45
18 34 40
18 35 54
18 36 32
18 37 38
18 38 30
18 39 32
18 40 49
18 41 34
18 42 66
18 43 46
18 44 36
18 45 49
18 46 27
18 47 38
19 0 45
19 1 54
19 2 49
19 3 37
19 4 41
19 5 38
19 6 48
19 7 49
19 8 57
19 9 57
19 10 49
19 11 46
19 12 44
19 13 43
19 14 52
19 15 52
19 16 53
19 17 47
19 18 50
19 19 99
19 20 52
19 21 55
19 22 41
19 23 46
19 24 51
19 25 44
19 26 45
19 27 47
19 28 55
19 29 38
19 30 42
19 31 45
19 32 30
19 33 51
19 34 41
19 35 49
19 36 41
19 37 40
19 38 30
19 39 40
19 40 57
19 41 29
19 42 53
19 43 47
19 44 45
19 45 59
19 46 38
19 47 47
20 0 47
20 1 50
20 2 83
20 3 38
20 4 40
20 5 41
20 6 48
20 7 55
20 8 43
20 9 69
20 10 30
20 11 38
20 12 31
20 13 26
20 14 56
20 15 53
20 16 40
20 17 49
20 18 50
20 19 52
20 20 100
20 21 63
20 22 41
20 23 60
20 24 41
20 25 37
20 26 47
20 27 30
20 28 42
20 29 27
20 30 44
20 31 37
20 32 32
20 33 47
20 34 35
20 35 34
20 36 22
20 37 29
20 38 15
20 39 33
20 40 43
20 41 29
20 42 49
20 43 48
20 44 41
20 45 54
20 46 14
20 47 27
21 0 41
21 1 67
21 2 73
21 3 44
21 4 42
21 5 43
21 6 46
21 7 55
21 8 60
21 9 71
21 10 39
21 11 47
21 12 44
21 13 42
21 14 54
21 15 57
21 16 57
21 17 40
21 18 48
21 19 55
21 20 63
21 21 99
21 22 49
21 23 51
21 24 51
21 25 49
21 26 49
21 27 33
21 28 51
21 29 33
21 30 53
21 31 53
21 32 37
21 33 50
21 34 46
21 35 51
21 36 37
21 37 49
21 38 20
21 39 43
21 40 57
21 41 36
21 42 53
21 43 58
21 44 51
21 45 61
21 46 22
21 47 34
22 0 32
22 1 40
22 2 41
22 3 32
22 4 36
22 5 31
22 6 34
22 7 35
22 8 44
22 9 45
22 10 31
22 11 31
22 12 33
22 13 28
22 14 38
22 15 40
22 16 43
22 17 28
22 18 38
22 19 41
22 20 41
22 21 49
22 22 100
22 23 44
22 24 45
22 25 38
22 26 29
22 27 31
22 28 38
22 29 30
22 30 30
22 31 34
22 32 27
22 33 36
22 34 25
22 35 39
22 36 30
22 37 32
22 38 18
22 39 30
22 40 44
22 41 26
22 42 45
22 43 45
22 44 41
22 45 41
22 46 35
22 47 25
23 0 44
23 1 44
23 2 51
23 3 48
23 4 45
23 5 45
23 6 43
23 7 49
23 8 42
23 9 57
23 10 36
23 11 39
23 12 30
23 13 31
23 14 53
23 15 53
23 16 36
23 17 36
23 18 58
23 19 46
23 20 60
23 21 51
23 22 44
23 23 99
23 24 40
23 25 41
23 26 38
23 27 37
23 28 43
23 29 20
23 30 33
23 31 37
23 32 42
23 33 50
23 34 31
23 35 40
23 36 31
23 37 30
23 38 21
23 39 28
23 40 38
23 41 38
23 42 53
23 43 58
23 44 42
23 45 50
23 46 23
23 47 34
24 0 42
24 1 63
24 2 42
24 3 37
24 4 57
24 5 48
24 6 54
24 7 57
24 8 63
24 9 63
24 10 69
24 11 57
24 12 61
24 13 48
24 14 46
24 15 57
24 16 61
24 17 41
24 18 47
24 19 51
24 20 41
24 21 51
24 22 45
24 23 40
24 24 100
24 25 43
24 26 61
24 27 42
24 28 74
24 29 70
24 30 61
24 31 54
24 32 44
24 33 44
24 34 40
24 35 60
24 36 48
24 37 53
24 38 42
24 39 51
24 40 71
24 41 30
24 42 57
24 43 43
24 44 60
24 45 65
24 46 37
24 47 42
25 0 43
25 1 54
25 2 45
25 3 83
25 4 47
25 5 50
25 6 51
25 7 50
25 8 55
25 9 53
25 10 37
25 11 42
25 12 34
25 13 34
25 14 53
25 15 47
25 16 53
25 17 35
25 18 41
25 19 44
25 20 37
25 21 49
25 22 38
25 23 41
25 24 43
25 25 100
25 26 47
25 27 45
25 28 50
25 29 27
25 30 39
25 31 42
25 32 38
25 33 58
25 34 30
25 35 46
25 36 35
25 37 33
25 38 19
25 39 34
25 40 45
25 41 43
25 42 46
25 43 55
25 44 51
25 45 53
25 46 16
25 47 41
26 0 41
26 1 60
26 2 45
26 3 44
26 4 51
26 5 47
26 6 58
26 7 56
26 8 56
26 9 53
26 10 38
26 11 48
26 12 40
26 13 33
26 14 51
26 15 58
26 16 53
26 17 41
26 18 39
26 19 45
26 20 47
26 21 49
26 22 29
26 23 38
26 24 61
26 25 47
26 26 100
26 27 36
26 28 58
26 29 34
26 30 53
26 31 48
26 32 46
26 33 52
26 34 32
26 35 48
26 36 30
26 37 44
26 38 25
26 39 51
26 40 52
26 41 37
26 42 52
26 43 46
26 44 50
26 45 67
26 46 17
26 47 29
27 0 48
27 1 46
27 2 36
27 3 42
27 4 34
27 5 35
27 6 54
27 7 50
27 8 52
27 9 46
27 10 37
27 11 54
27 12 28
27 13 32
27 14 47
27 15 44
27 16 45
27 17 39
27 18 38
27 19 47
27 20 30
27 21 33
27 22 31
27 23 37
27 24 42
27 25 45
27 26 36
27 27 99
27 28 42
27 29 32
27 30 34
27 31 37
27 32 37
27 33 50
27 34 28
27 35 43
27 36 45
27 37 34
27 38 27
27 39 36
27 40 47
27 41 29
27 42 44
27 43 38
27 44 35
27 45 44
27 46 23
27 47 50
28 0 50
28 1 59
28 2 43
28 3 45
28 4 85
28 5 51
28 6 58
28 7 58
28 8 62
28 9 60
28 10 66
28 11 57
28 12 68
28 13 65
28 14 60
28 15 57
28 16 61
28 17 46
28 18 50
28 19 55
28 20 42
28 21 51
28 22 38
28 23 43
28 24 74
28 25 50
28 26 58
28 27 42
28 28 100
28 29 61
28 30 63
28 31 64
28 32 54
28 33 52
28 34 44
28 35 67
28 36 48
28 37 53
28 38 56
28 39 57
28 40 68
28 41 35
28 42 66
28 43 44
28 44 52
28 45 65
28 46 26
28 47 45
29 0 28
29 1 40
29 2 31
29 3 22
29 4 30
29 5 31
29 6 27
29 7 34
29 8 46
29 9 51
29 10 79
29 11 48
29 12 63
29 13 47
29 14 32
29 15 42
29 16 52
29 17 38
29 18 30
29 19 38
29 20 27
29 21 33
29 22 30
29 23 20
29 24 70
29 25 27
29 26 34
29 27 32
29 28 61
29 29 99
29 30 48
29 31 46
29 32 32
29 33 23
29 34 32
29 35 48
29 36 51
29 37 39
29 38 36
29 39 29
29 40 55
29 41 19
29 42 37
29 43 32
29 44 35
29 45 43
29 46 30
29 47 37
30 0 49
30 1 48
30 2 48
30 3 36
30 4 53
30 5 43
30 6 50
30 7 49
30 8 47
30 9 72
30 10 54
30 11 56
30 12 53
30 13 49
30 14 54
30 15 59
30 16 49
30 17 37
30 18 42
30 19 42
30 20 44
30 21 53
30 22 30
30 23 33
30 24 61
30 25 39
30 26 53
30 27 34
30 28 63
30 29 48
30 30 100
30 31 68
30 32 55
30 33 48
30 34 35
30 35 59
30 36 41
30 37 56
30 38 45
30 39 51
30 40 64
30 41 29
30 42 55
30 43 48
30 44 58
30 45 57
30 46 25
30 47 40
31 0 50
31 1 45
31 2 42
31 3 39
31 4 54
31 5 42
31 6 52
31 7 44
31 8 47
31 9 57
31 10 52
31 11 54
31 12 56
31 13 61
31 14 60
31 15 53
31 16 52
31 17 42
31 18 45
31 19 45
31 20 37
31 21 53
31 22 34
31 23 37
31 24 54
31 25 42
31 26 48
31 27 37
31 28 64
31 29 46
31 30 68
31 31 100
31 32 59
31 33 43
31 34 39
31 35 75
31 36 45
31 37 71
31 38 48
31 39 46
31 40 56
31 41 30
31 42 59
31 43 54
31 44 54
31 45 59
31 46 29
31 47 47
32 0 52
32 1 38
32 2 39
32 3 43
32 4 50
32 5 53
32 6 55
32 7 46
32 8 39
32 9 46
32 10 41
32 11 56
32 12 50
32 13 50
32 14 61
32 15 63
32 16 53
32 17 35
32 18 40
32 19 30
32 20 32
32 21 37
32 22 27
32 23 42
32 24 44
32 25 38
32 26 46
32 27 37
32 28 54
32 29 32
32 30 55
32 31 59
32 32 99
32 33 53
32 34 29
32 35 61
32 36 29
32 37 49
32 38 39
32 39 40
32 40 38
32 41 43
32 42 62
32 43 46
32 44 45
32 45 45
32 46 11
32 47 31
33 0 47
33 1 59
33 2 54
33 3 59
33 4 51
33 5 53
33 6 58
33 7 61
33 8 64
33 9 60
33 10 36
33 11 49
33 12 42
33 13 43
33 14 63
33 15 58
33 16 54
33 17 42
33 18 45
33 19 51
33 20 47
33 21 50
33 22 36
33 23 50
33 24 44
33 25 58
33 26 52
33 27 50
33 28 52
33 29 23
33 30 48
33 31 43
33 32 53
33 33 100
33 34 46
33 35 51
33 36 31
33 37 42
33 38 24
33 39 36
33 40 46
33 41 52
33 42 61
33 43 50
33 44 49
33 45 57
33 46 14
33 47 37
34 0 42
34 1 35
34 2 40
34 3 34
34 4 37
34 5 37
34 6 39
34 7 38
34 8 36
34 9 43
34 10 38
34 11 41
34 12 46
34 13 51
34 14 50
34 15 39
34 16 44
34 17 37
34 18 40
34 19 41
34 20 35
34 21 46
34 22 25
34 23 31
34 24 40
34 25 30
34 26 32
34 27 28
34 28 44
34 29 32
34 30 35
34 31 39
34 32 29
34 33 46
34 34 99
34 35 43
34 36 30
34 37 47
34 38 30
34 39 28
34 40 38
34 41 34
34 42 47
34 43 35
34 44 37
34 45 45
34 46 26
34 47 33
35 0 43
35 1 48
35 2 40
35 3 45
35 4 56
35 5 41
35 6 47
35 7 50
35 8 53
35 9 55
35 10 59
35 11 54
35 12 61
35 13 66
35 14 54
35 15 54
35 16 65
35 17 39
35 18 54
35 19 49
35 20 34
35 21 51
35 22 39
35 23 40
35 24 60
35 25 46
35 26 48
35 27 43
35 28 67
35 29 48
35 30 59
35 31 75
35 32 61
35 33 51
35 34 43
35 35 99
35 36 47
35 37 67
35 38 47
35 39 45
35 40 64
35 41 32
35 42 67
35 43 56
35 44 49
35 45 58
35 46 32
35 47 45
36 0 41
36 1 37
36 2 30
36 3 32
36 4 31
36 5 34
36 6 35
36 7 34
36 8 41
36 9 49
36 10 53
36 11 53
36 12 44
36 13 53
36 14 35
36 15 44
36 16 48
36 17 36
36 18 32
36 19 41
36 20 22
36 21 37
36 22 30
36 23 31
36 24 48
36 25 35
36 26 30
36 27 45
36 28 48
36 29 51
36 30 41
36 31 45
36 32 29
36 33 31
36 34 30
36 35 47
36 36 99
36 37 42
36 38 35
36 39 27
36 40 42
36 41 24
36 42 36
36 43 33
36 44 41
36 45 48
36 46 36
36 47 62
37 0 45
37 1 44
37 2 40
37 3 35
37 4 41
37 5 32
37 6 43
37 7 42
37 8 48
37 9 47
37 10 43
37 11 57
37 12 47
37 13 52
37 14 47
37 15 48
37 16 56
37 17 37
37 18 38
37 19 40
37 20 29
37 21 49
37 22 32
37 23 30
37 24 53
37 25 33
37 26 44
37 27 34
37 28 53
37 29 39
37 30 56
37 31 71
37 32 49
37 33 42
37 34 47
37 35 67
37 36 42
37 37 99
37 38 30
37 39 55
37 40 54
37 41 26
37 42 51
37 43 47
37 44 49
37 45 49
37 46 25
37 47 38
38 0 29
38 1 20
38 2 16
38 3 27
38 4 47
38 5 22
38 6 31
38 7 25
38 8 21
38 9 35
38 10 40
38 11 38
38 12 49
38 13 63
38 14 39
38 15 32
38 16 28
38 17 29
38 18 30
38 19 30
38 20 15
38 21 20
38 22 18
38 23 21
38 24 42
38 25 19
38 26 25
38 27 27
38 28 56
38 29 36
38 30 45
38 31 48
38 32 39
38 33 24
38 34 30
38 35 47
38 36 35
38 37 30
38 38 100
38 39 34
38 40 33
38 41 16
38 42 39
38 43 21
38 44 26
38 45 36
38 46 27
38 47 43
39 0 39
39 1 49
39 2 36
39 3 29
39 4 52
39 5 33
39 6 45
39 7 51
39 8 50
39 9 41
39 10 34
39 11 44
39 12 33
39 13 38
39 14 35
39 15 45
39 16 42
39 17 27
39 18 32
39 19 40
39 20 33
39 21 43
39 22 30
39 23 28
39 24 51
39 25 34
39 26 51
39 27 36
39 28 57
39 29 29
39 30 51
39 31 46
39 32 40
39 33 36
39 34 28
39 35 45
39 36 27
39 37 55
39 38 34
39 39 99
39 40 54
39 41 19
39 42 49
39 43 33
39 44 46
39 45 48
39 46 17
39 47 28
40 0 41
40 1 59
40 2 46
40 3 37
40 4 55
40 5 36
40 6 46
40 7 53
40 8 63
40 9 65
40 10 60
40 11 56
40 12 54
40 13 45
40 14 47
40 15 55
40 16 62
40 17 46
40 18 49
40 19 57
40 20 43
40 21 57
40 22 44
40 23 38
40 24 71
40 25 45
40 26 52
40 27 47
40 28 68
40 29 55
40 30 64
40 31 56
40 32 38
40 33 46
40 34 38
40 35 64
40 36 42
40 37 54
40 38 33
40 39 54
40 40 100
40 41 23
40 42 56
40 43 49
40 44 51
40 45 59
40 46 28
40 47 37
41 0 38
41 1 40
41 2 34
41 3 50
41 4 35
41 5 82
41 6 54
41 7 42
41 8 39
41 9 38
41 10 26
41 11 39
41 12 29
41 13 22
41 14 48
41 15 48
41 16 44
41 17 40
41 18 34
41 19 29
41 20 29
41 21 36
41 22 26
41 23 38
41 24 30
41 25 43
41 26 37
41 27 29
41 28 35
41 29 19
41 30 29
41 31 30
41 32 43
41 33 52
41 34 34
41 35 32
41 36 24
41 37 26
41 38 16
41 39 19
41 40 23
41 41 99
41 42 48
41 43 44
41 44 38
41 45 40
41 46 16
41 47 36
42 0 50
42 1 52
42 2 48
42 3 50
42 4 62
42 5 57
42 6 57
42 7 57
42 8 53
42 9 59
42 10 51
42 11 52
42 12 55
42 13 51
42 14 68
42 15 59
42 16 59
42 17 46
42 18 66
42 19 53
42 20 49
42 21 53
42 22 45
42 23 53
42 24 57
42 25 46
42 26 52
42 27 44
42 28 66
42 29 37
42 30 55
42 31 59
42 32 62
42 33 61
42 34 47
42 35 67
42 36 36
42 37 51
42 38 39
42 39 49
42 40 56
42 41 48
42 42 99
42 43 52
42 44 47
42 45 59
42 46 23
42 47 40
43 0 43
43 1 52
43 2 52
43 3 52
43 4 39
43 5 46
43 6 43
43 7 47
43 8 51
43 9 62
43 10 43
43 11 44
43 12 37
43 13 38
43 14 51
43 15 56
43 16 57
43 17 38
43 18 46
43 19 47
43 20 48
43 21 58
43 22 45
43 23 58
43 24 43
43 25 55
43 26 46
43 27 38
43 28 44
43 29 32
43 30 48
43 31 54
43 32 46
43 33 50
43 34 35
43 35 56
43 36 33
43 37 47
43 38 21
43 39 33
43 40 49
43 41 44
43 42 52
43 43 100
43 44 52
43 45 56
43 46 29
43 47 39
44 0 49
44 1 52
44 2 47
44 3 42
44 4 48
44 5 66
44 6 51
44 7 50
44 8 52
44 9 58
44 10 40
44 11 54
44 12 41
44 13 39
44 14 48
44 15 62
44 16 54
44 17 33
44 18 36
44 19 45
44 20 41
44 21 51
44 22 41
44 23 42
44 24 60
44 25 51
44 26 50
44 27 35
44 28 52
44 29 35
44 30 58
44 31 54
44 32 45
44 33 49
44 34 37
44 35 49
44 36 41
44 37 49
44 38 26
44 39 46
44 40 51
44 41 38
44 42 47
44 43 52
44 44 100
44 45 61
44 46 33
44 47 49
45 0 54
45 1 61
45 2 52
45 3 52
45 4 60
45 5 55
45 6 58
45 7 61
45 8 58
45 9 65
45 10 53
45 11 56
45 12 48
45 13 48
45 14 56
45 15 59
45 16 57
45 17 47
45 18 49
45 19 59
45 20 54
45 21 61
45 22 41
45 23 50
45 24 65
45 25 53
45 26 67
45 27 44
45 28 65
45 29 43
45 30 57
45 31 59
45 32 45
45 33 57
45 34 45
45 35 58
45 36 48
45 37 49
45 38 36
45 39 48
45 40 59
45 41 40
45 42 59
45 43 56
45 44 61
45 45 99
45 46 35
45 47 51
46 0 16
46 1 24
46 2 19
46 3 15
46 4 16
46 5 15
46 6 17
46 7 20
46 8 26
46 9 30
46 10 36
46 11 24
46 12 20
46 13 30
46 14 24
46 15 20
46 16 27
46 17 25
46 18 27
46 19 38
46 20 14
46 21 22
46 22 35
46 23 23
46 24 37
46 25 16
46 26 17
46 27 23
46 28 26
46 29 30
46 30 25
46 31 29
46 32 11
46 33 14
46 34 26
46 35 32
46 36 36
46 37 25
46 38 27
46 39 17
46 40 28
46 41 16
46 42 23
46 43 29
46 44 33
46 45 35
46 46 100
46 47 36
47 0 50
47 1 34
47 2 30
47 3 44
47 4 33
47 5 47
47 6 49
47 7 38
47 8 37
47 9 49
47 10 49
47 11 54
47 12 37
47 13 47
47 14 42
47 15 48
47 16 42
47 17 48
47 18 38
47 19 47
47 20 27
47 21 34
47 22 25
47 23 34
47 24 42
47 25 41
47 26 29
47 27 50
47 28 45
47 29 37
47 30 40
47 31 47
47 32 31
47 33 37
47 34 33
47 35 45
47 36 62
47 37 38
47 38 43
47 39 28
47 40 37
47 41 36
47 42 40
47 43 39
47 44 49
47 45 51
47 46 36
47 47 99
