0 0 99
0 1 62
0 2 57
0 3 59
0 4 55
0 5 58
0 6 97
0 7 65
0 8 75
0 9 43
0 10 46
0 11 67
0 12 69
0 13 59
0 14 60
0 15 58
0 16 52
0 17 38
0 18 51
0 19 35
0 20 43
0 21 65
0 22 60
0 23 60
0 24 53
0 25 36
0 26 46
0 27 57
0 28 63
0 29 43
0 30 46
0 31 52
0 32 56
0 33 50
1 0 62
1 1 100
1 2 46
1 3 43
1 4 53
1 5 43
1 6 62
1 7 62
1 8 72
1 9 48
1 10 33
1 11 45
1 12 61
1 13 75
1 14 65
1 15 60
1 16 41
1 17 30
1 18 33
1 19 26
1 20 31
1 21 64
1 22 53
1 23 48
1 24 43
1 25 30
1 26 35
1 27 46
1 28 57
1 29 35
1 30 30
1 31 38
1 32 54
1 33 27
2 0 57
2 1 46
2 2 100
2 3 39
2 4 42
2 5 35
2 6 56
2 7 45
2 8 43
2 9 47
2 10 15
2 11 55
2 12 54
2 13 44
2 14 36
2 15 46
2 16 34
2 17 31
2 18 32
2 19 20
2 20 16
2 21 56
2 22 43
2 23 40
2 24 31
2 25 13
2 26 24
2 27 100
2 28 43
2 29 23
2 30 50
2 31 43
2 32 45
2 33 38
3 0 59
3 1 43
3 2 39
3 3 100
3 4 41
3 5 47
3 6 58
3 7 72
3 8 68
3 9 41
3 10 51
3 11 49
3 12 54
3 13 46
3 14 51
3 15 53
3 16 42
3 17 32
3 18 34
3 19 43
3 20 37
3 21 62
3 22 66
3 23 42
3 24 60
3 25 31
3 26 46
3 27 39
3 28 58
3 29 43
3 30 41
3 31 41
3 32 51
3 33 40
4 0 55
4 1 53
4 2 42
4 3 41
4 4 100
4 5 49
4 6 54
4 7 45
4 8 46
4 9 32
4 10 40
4 11 52
4 12 58
4 13 38
4 14 35
4 15 53
4 16 46
4 17 34
4 18 37
4 19 35
4 20 38
4 21 79
4 22 46
4 23 46
4 24 35
4 25 27
4 26 44
4 27 42
4 28 44
4 29 32
4 30 27
4 31 29
4 32 41
4 33 28
5 0 58
5 1 43
5 2 35
5 3 47
5 4 49
5 5 100
5 6 58
5 7 54
5 8 61
5 9 47
5 10 50
5 11 54
5 12 55
5 13 43
5 14 45
5 15 43
5 16 58
5 17 39
5 18 48
5 19 56
5 20 44
5 21 61
5 22 59
5 23 87
5 24 50
5 25 55
5 26 80
5 27 35
5 28 55
5 29 45
5 30 31
5 31 50
5 32 45
5 33 50
6 0 97
6 1 62
6 2 56
6 3 58
6 4 54
6 5 58
6 6 99
6 7 64
6 8 76
6 9 41
6 10 45
6 11 65
6 12 68
6 13 59
6 14 59
6 15 56
6 16 50
6 17 37
6 18 49
6 19 34
6 20 43
6 21 63
6 22 60
6 23 61
6 24 52
6 25 35
6 26 46
6 27 56
6 28 64
6 29 42
6 30 46
6 31 50
6 32 55
6 33 48
7 0 65
7 1 62
7 2 45
7 3 72
7 4 45
7 5 54
7 6 64
7 7 100
7 8 81
7 9 51
7 10 56
7 11 53
7 12 71
7 13 66
7 14 78
7 15 66
7 16 48
7 17 41
7 18 46
7 19 41
7 20 44
7 21 64
7 22 70
7 23 53
7 24 76
7 25 44
7 26 51
7 27 45
7 28 73
7 29 46
7 30 50
7 31 48
7 32 67
7 33 46
8 0 75
8 1 72
8 2 43
8 3 68
8 4 46
8 5 61
8 6 76
8 7 81
8 8 99
8 9 47
8 10 54
8 11 56
8 12 69
8 13 70
8 14 75
8 15 61
8 16 52
8 17 38
8 18 42
8 19 42
8 20 42
8 21 62
8 22 70
8 23 63
8 24 64
8 25 38
8 26 52
8 27 43
8 28 73
8 29 48
8 30 45
8 31 49
8 32 65
8 33 45
9 0 43
9 1 48
9 2 47
9 3 41
9 4 32
9 5 47
9 6 41
9 7 51
9 8 47
9 9 99
9 10 30
9 11 39
9 12 52
9 13 45
9 14 43
9 15 49
9 16 37
9 17 21
9 18 35
9 19 32
9 20 35
9 21 54
9 22 48
9 23 47
9 24 47
9 25 36
9 26 37
9 27 47
9 28 41
9 29 44
9 30 35
9 31 49
9 32 46
9 33 38
10 0 46
10 1 33
10 2 15
10 3 51
10 4 40
10 5 50
10 6 45
10 7 56
10 8 54
10 9 30
10 10 100
10 11 37
10 12 50
10 13 38
10 14 43
10 15 58
10 16 56
10 17 34
10 18 54
10 19 41
10 20 65
10 21 42
10 22 51
10 23 42
10 24 55
10 25 59
10 26 56
10 27 15
10 28 49
10 29 53
10 30 27
10 31 46
10 32 33
10 33 39
11 0 67
11 1 45
11 2 55
11 3 49
11 4 52
11 5 54
11 6 65
11 7 53
11 8 56
11 9 39
11 10 37
11 11 100
11 12 65
11 13 51
11 14 48
11 15 43
11 16 60
11 17 50
11 18 60
11 19 44
11 20 48
11 21 63
11 22 53
11 23 52
11 24 41
11 25 35
11 26 50
11 27 55
11 28 52
11 29 36
11 30 45
11 31 44
11 32 44
11 33 47
12 0 69
12 1 61
12 2 54
12 3 54
12 4 58
12 5 55
12 6 68
12 7 71
12 8 69
12 9 52
12 10 50
12 11 65
12 12 99
12 13 59
12 14 62
12 15 62
12 16 56
12 17 44
12 18 57
12 19 43
12 20 48
12 21 71
12 22 60
12 23 56
12 24 60
12 25 39
12 26 49
12 27 54
12 28 63
12 29 43
12 30 54
12 31 47
12 32 56
12 33 46
13 0 59
13 1 75
13 2 44
13 3 46
13 4 38
13 5 43
13 6 59
13 7 66
13 8 70
13 9 45
13 10 38
13 11 51
13 12 59
13 13 99
13 14 71
13 15 49
13 16 44
13 17 33
13 18 39
13 19 28
13 20 36
13 21 52
13 22 58
13 23 47
13 24 47
13 25 33
13 26 35
13 27 44
13 28 60
13 29 33
13 30 34
13 31 46
13 32 55
13 33 32
14 0 60
14 1 65
14 2 36
14 3 51
14 4 35
14 5 45
14 6 59
14 7 78
14 8 75
14 9 43
14 10 43
14 11 48
14 12 62
14 13 71
14 14 99
14 15 50
14 16 46
14 17 34
14 18 37
14 19 20
14 20 44
14 21 49
14 22 59
14 23 48
14 24 65
14 25 32
14 26 36
14 27 36
14 28 71
14 29 37
14 30 39
14 31 41
14 32 65
14 33 32
15 0 58
15 1 60
15 2 46
15 3 53
15 4 53
15 5 43
15 6 56
15 7 66
15 8 61
15 9 49
15 10 58
15 11 43
15 12 62
15 13 49
15 14 50
15 15 100
15 16 42
15 17 33
15 18 43
15 19 30
15 20 42
15 21 61
15 22 54
15 23 43
15 24 64
15 25 41
15 26 44
15 27 46
15 28 60
15 29 54
15 30 43
15 31 54
15 32 55
15 33 51
16 0 52
16 1 41
16 2 34
16 3 42
16 4 46
16 5 58
16 6 50
16 7 48
16 8 52
16 9 37
16 10 56
16 11 60
16 12 56
16 13 44
16 14 46
16 15 42
16 16 99
16 17 48
16 18 50
16 19 43
16 20 56
16 21 59
16 22 52
16 23 54
16 24 38
16 25 44
16 26 51
16 27 34
16 28 50
16 29 45
16 30 34
16 31 44
16 32 35
16 33 35
17 0 38
17 1 30
17 2 31
17 3 32
17 4 34
17 5 39
17 6 37
17 7 41
17 8 38
17 9 21
17 10 34
17 11 50
17 12 44
17 13 33
17 14 34
17 15 33
17 16 48
17 17 99
17 18 45
17 19 29
17 20 42
17 21 43
17 22 41
17 23 40
17 24 32
17 25 35
17 26 34
17 27 31
17 28 41
17 29 30
17 30 31
17 31 30
17 32 32
17 33 34
18 0 51
18 1 33
18 2 32
18 3 34
18 4 37
18 5 48
18 6 49
18 7 46
18 8 42
18 9 35
18 10 54
18 11 60
18 12 57
18 13 39
18 14 37
18 15 43
18 16 50
18 17 45
18 18 99
18 19 39
18 20 54
18 21 47
18 22 50
18 23 40
18 24 42
18 25 45
18 26 51
18 27 32
18 28 43
18 29 31
18 30 35
18 31 42
18 32 29
18 33 39
19 0 35
19 1 26
19 2 20
19 3 43
19 4 35
19 5 56
19 6 34
19 7 41
19 8 42
19 9 32
19 10 41
19 11 44
19 12 43
19 13 28
19 14 20
19 15 30
19 16 43
19 17 29
19 18 39
19 19 99
19 20 33
19 21 45
19 22 46
19 23 44
19 24 31
19 25 49
19 26 56
19 27 20
19 28 34
19 29 30
19 30 23
19 31 30
19 32 21
19 33 33
20 0 43
20 1 31
20 2 16
20 3 37
20 4 38
20 5 44
20 6 43
20 7 44
20 8 42
20 9 35
20 10 65
20 11 48
20 12 48
20 13 36
20 14 44
20 15 42
20 16 56
20 17 42
20 18 54
20 19 33
20 20 100
20 21 45
20 22 48
20 23 40
20 24 39
20 25 51
20 26 47
20 27 16
20 28 40
20 29 47
20 30 20
20 31 41
20 32 32
20 33 32
21 0 65
21 1 64
21 2 56
21 3 62
21 4 79
21 5 61
21 6 63
21 7 64
21 8 62
21 9 54
21 10 42
21 11 63
21 12 71
21 13 52
21 14 49
21 15 61
21 16 59
21 17 43
21 18 47
21 19 45
21 20 45
21 21 100
21 22 69
21 23 56
21 24 49
21 25 39
21 26 53
21 27 56
21 28 56
21 29 36
21 30 36
21 31 43
21 32 47
21 33 39
22 0 60
22 1 53
22 2 43
22 3 66
22 4 46
22 5 59
22 6 60
22 7 70
22 8 70
22 9 48
22 10 51
22 11 53
22 12 60
22 13 58
22 14 59
22 15 54
22 16 52
22 17 41
22 18 50
22 19 46
22 20 48
22 21 69
22 22 99
22 23 54
22 24 56
22 25 44
22 26 53
22 27 43
22 28 60
22 29 39
22 30 34
22 31 50
22 32 53
22 33 42
23 0 60
23 1 48
23 2 40
23 3 42
23 4 46
23 5 87
23 6 61
23 7 53
23 8 63
23 9 47
23 10 42
23 11 52
23 12 56
23 13 47
23 14 48
23 15 43
23 16 54
23 17 40
23 18 40
23 19 44
23 20 40
23 21 56
23 22 54
23 23 100
23 24 52
23 25 53
23 26 54
23 27 40
23 28 61
23 29 46
23 30 32
23 31 48
23 32 52
23 33 47
24 0 53
24 1 43
24 2 31
24 3 60
24 4 35
24 5 50
24 6 52
24 7 76
24 8 64
24 9 47
24 10 55
24 11 41
24 12 60
24 13 47
24 14 65
24 15 64
24 16 38
24 17 32
24 18 42
24 19 31
24 20 39
24 21 49
24 22 56
24 23 52
24 24 99
24 25 40
24 26 43
24 27 31
24 28 68
24 29 44
24 30 40
24 31 49
24 32 66
24 33 55
25 0 36
25 1 30
25 2 13
25 3 31
25 4 27
25 5 55
25 6 35
25 7 44
25 8 38
25 9 36
25 10 59
25 11 35
25 12 39
25 13 33
25 14 32
25 15 41
25 16 44
25 17 35
25 18 45
25 19 49
25 20 51
25 21 39
25 22 44
25 23 53
25 24 40
25 25 99
25 26 59
25 27 13
25 28 34
25 29 43
25 30 21
25 31 37
25 32 25
25 33 33
26 0 46
26 1 35
26 2 24
26 3 46
26 4 44
26 5 80
26 6 46
26 7 51
26 8 52
26 9 37
26 10 56
26 11 50
26 12 49
26 13 35
26 14 36
26 15 44
26 16 51
26 17 34
26 18 51
26 19 56
26 20 47
26 21 53
26 22 53
26 23 54
26 24 43
26 25 59
26 26 100
26 27 24
26 28 42
26 29 40
26 30 26
26 31 45
26 32 34
26 33 44
27 0 57
27 1 46
27 2 100
27 3 39
27 4 42
27 5 35
27 6 56
27 7 45
27 8 43
27 9 47
27 10 15
27 11 55
27 12 54
27 13 44
27 14 36
27 15 46
27 16 34
27 17 31
27 18 32
27 19 20
27 20 16
27 21 56
27 22 43
27 23 40
27 24 31
27 25 13
27 26 24
27 27 100
27 28 43
27 29 23
27 30 50
27 31 43
27 32 45
27 33 38
28 0 63
28 1 57
28 2 43
28 3 58
28 4 44
28 5 55
28 6 64
28 7 73
28 8 73
28 9 41
28 10 49
28 11 52
28 12 63
28 13 60
28 14 71
28 15 60
28 16 50
28 17 41
28 18 43
28 19 34
28 20 40
28 21 56
28 22 60
28 23 61
28 24 68
28 25 34
28 26 42
28 27 43
28 28 99
28 29 52
28 30 47
28 31 57
28 32 68
28 33 50
29 0 43
29 1 35
29 2 23
29 3 43
29 4 32
29 5 45
29 6 42
29 7 46
29 8 48
29 9 44
29 10 53
29 11 36
29 12 43
29 13 33
29 14 37
29 15 54
29 16 45
29 17 30
29 18 31
29 19 30
29 20 47
29 21 36
29 22 39
29 23 46
29 24 44
29 25 43
29 26 40
29 27 23
29 28 52
29 29 99
29 30 37
29 31 56
29 32 46
29 33 44
30 0 46
30 1 30
30 2 50
30 3 41
30 4 27
30 5 31
30 6 46
30 7 50
30 8 45
30 9 35
30 10 27
30 11 45
30 12 54
30 13 34
30 14 39
30 15 43
30 16 34
30 17 31
30 18 35
30 19 23
30 20 20
30 21 36
30 22 34
30 23 32
30 24 40
30 25 21
30 26 26
30 27 50
30 28 47
30 29 37
30 30 100
30 31 39
30 32 44
30 33 42
31 0 52
31 1 38
31 2 43
31 3 41
31 4 29
31 5 50
31 6 50
31 7 48
31 8 49
31 9 49
31 10 46
31 11 44
31 12 47
31 13 46
31 14 41
31 15 54
31 16 44
31 17 30
31 18 42
31 19 30
31 20 41
31 21 43
31 22 50
31 23 48
31 24 49
31 25 37
31 26 45
31 27 43
31 28 57
31 29 56
31 30 39
31 31 99
31 32 49
31 33 66
32 0 56
32 1 54
32 2 45
32 3 51
32 4 41
32 5 45
32 6 55
32 7 67
32 8 65
32 9 46
32 10 33
32 11 44
32 12 56
32 13 55
32 14 65
32 15 55
32 16 35
32 17 32
32 18 29
32 19 21
32 20 32
32 21 47
32 22 53
32 23 52
32 24 66
32 25 25
32 26 34
32 27 45
32 28 68
32 29 46
32 30 44
32 31 49
32 32 100
32 33 48
33 0 50
33 1 27
33 2 38
33 3 40
33 4 28
33 5 50
33 6 48
33 7 46
33 8 45
33 9 38
33 10 39
33 11 47
33 12 46
33 13 32
33 14 32
33 15 51
33 16 35
33 17 34
33 18 39
33 19 33
33 20 32
33 21 39
33 22 42
33 23 47
33 24 55
33 25 33
33 26 44
33 27 38
33 28 50
33 29 44
33 30 42
33 31 66
33 32 48
33 33 100
