0 0 100
0 1 43
0 2 33
0 3 46
0 4 44
0 5 40
0 6 48
0 7 64
0 8 46
0 9 44
0 10 47
0 11 59
0 12 46
0 13 30
0 14 53
0 15 28
0 16 47
0 17 43
0 18 42
0 19 36
0 20 13
0 21 48
0 22 40
0 23 45
0 24 47
0 25 39
0 26 40
0 27 39
0 28 43
0 29 38
0 30 19
0 31 27
0 32 41
0 33 30
0 34 36
0 35 40
0 36 43
0 37 47
1 0 43
1 1 100
1 2 54
1 3 52
1 4 62
1 5 60
1 6 48
1 7 60
1 8 47
1 9 91
1 10 55
1 11 60
1 12 52
1 13 43
1 14 68
1 15 49
1 16 66
1 17 58
1 18 65
1 19 53
1 20 40
1 21 63
1 22 60
1 23 55
1 24 57
1 25 46
1 26 64
1 27 44
1 28 53
1 29 63
1 30 47
1 31 38
1 32 41
1 33 31
1 34 49
1 35 49
1 36 50
1 37 31
2 0 33
2 1 54
2 2 100
2 3 44
2 4 52
2 5 50
2 6 50
2 7 68
2 8 65
2 9 44
2 10 78
2 11 58
2 12 60
2 13 46
2 14 48
2 15 41
2 16 58
2 17 53
2 18 39
2 19 43
2 20 30
2 21 50
2 22 50
2 23 54
2 24 56
2 25 54
2 26 60
2 27 57
2 28 47
2 29 55
2 30 55
2 31 50
2 32 49
2 33 31
2 34 46
2 35 44
2 36 42
2 37 20
3 0 46
3 1 52
3 2 44
3 3 99
3 4 48
3 5 52
3 6 44
3 7 57
3 8 43
3 9 53
3 10 47
3 11 57
3 12 49
3 13 37
3 14 69
3 15 44
3 16 54
3 17 46
3 18 39
3 19 34
3 20 37
3 21 50
3 22 52
3 23 45
3 24 43
3 25 38
3 26 52
3 27 38
3 28 37
3 29 39
3 30 29
3 31 27
3 32 36
3 33 30
3 34 36
3 35 39
3 36 43
3 37 37
4 0 44
4 1 62
4 2 52
4 3 48
4 4 100
4 5 62
4 6 55
4 7 60
4 8 54
4 9 62
4 10 57
4 11 66
4 12 42
4 13 29
4 14 69
4 15 42
4 16 62
4 17 64
4 18 57
4 19 52
4 20 31
4 21 92
4 22 62
4 23 63
4 24 53
4 25 51
4 26 63
4 27 41
4 28 54
4 29 68
4 30 31
4 31 23
4 32 41
4 33 33
4 34 52
4 35 53
4 36 55
4 37 49
5 0 40
5 1 60
5 2 50
5 3 52
5 4 62
5 5 99
5 6 43
5 7 59
5 8 54
5 9 61
5 10 55
5 11 70
5 12 51
5 13 33
5 14 59
5 15 62
5 16 68
5 17 62
5 18 60
5 19 57
5 20 25
5 21 64
5 22 99
5 23 54
5 24 51
5 25 52
5 26 62
5 27 37
5 28 57
5 29 67
5 30 36
5 31 38
5 32 44
5 33 28
5 34 45
5 35 47
5 36 50
5 37 32
6 0 48
6 1 48
6 2 50
6 3 44
6 4 55
6 5 43
6 6 100
6 7 65
6 8 55
6 9 51
6 10 51
6 11 60
6 12 50
6 13 36
6 14 52
6 15 30
6 16 58
6 17 53
6 18 41
6 19 35
6 20 18
6 21 54
6 22 43
6 23 85
6 24 49
6 25 54
6 26 57
6 27 34
6 28 43
6 29 51
6 30 37
6 31 42
6 32 34
6 33 39
6 34 46
6 35 47
6 36 52
6 37 40
7 0 64
7 1 60
7 2 68
7 3 57
7 4 60
7 5 59
7 6 65
7 7 100
7 8 73
7 9 57
7 10 69
7 11 76
7 12 68
7 13 49
7 14 65
7 15 44
7 16 66
7 17 69
7 18 51
7 19 50
7 20 26
7 21 62
7 22 59
7 23 67
7 24 66
7 25 67
7 26 71
7 27 56
7 28 60
7 29 60
7 30 49
7 31 55
7 32 53
7 33 43
7 34 55
7 35 59
7 36 58
7 37 38
8 0 46
8 1 47
8 2 65
8 3 43
8 4 54
8 5 54
8 6 55
8 7 73
8 8 99
8 9 41
8 10 73
8 11 66
8 12 62
8 13 44
8 14 52
8 15 38
8 16 58
8 17 60
8 18 48
8 19 43
8 20 16
8 21 53
8 22 54
8 23 65
8 24 64
8 25 60
8 26 66
8 27 60
8 28 59
8 29 55
8 30 56
8 31 48
8 32 66
8 33 31
8 34 42
8 35 50
8 36 56
8 37 35
9 0 44
9 1 91
9 2 44
9 3 53
9 4 62
9 5 61
9 6 51
9 7 57
9 8 41
9 9 99
9 10 48
9 11 59
9 12 50
9 13 33
9 14 65
9 15 47
9 16 67
9 17 57
9 18 62
9 19 53
9 20 36
9 21 64
9 22 61
9 23 56
9 24 50
9 25 43
9 26 63
9 27 33
9 28 50
9 29 63
9 30 39
9 31 32
9 32 33
9 33 34
9 34 47
9 35 47
9 36 47
9 37 38
10 0 47
10 1 55
10 2 78
10 3 47
10 4 57
10 5 55
10 6 51
10 7 69
10 8 73
10 9 48
10 10 100
10 11 66
10 12 66
10 13 48
10 14 62
10 15 41
10 16 66
10 17 62
10 18 54
10 19 47
10 20 24
10 21 57
10 22 55
10 23 58
10 24 67
10 25 55
10 26 59
10 27 66
10 28 53
10 29 57
10 30 48
10 31 42
10 32 63
10 33 37
10 34 47
10 35 46
10 36 48
10 37 36
11 0 59
11 1 60
11 2 58
11 3 57
11 4 66
11 5 70
11 6 60
11 7 76
11 8 66
11 9 59
11 10 66
11 11 100
11 12 67
11 13 44
11 14 71
11 15 44
11 16 69
11 17 70
11 18 59
11 19 52
11 20 24
11 21 68
11 22 70
11 23 67
11 24 66
11 25 66
11 26 71
11 27 51
11 28 60
11 29 66
11 30 40
11 31 42
11 32 55
11 33 48
11 34 70
11 35 59
11 36 59
11 37 44
12 0 46
12 1 52
12 2 60
12 3 49
12 4 42
12 5 51
12 6 50
12 7 68
12 8 62
12 9 50
12 10 66
12 11 67
12 12 100
12 13 49
12 14 59
12 15 39
12 16 55
12 17 48
12 18 49
12 19 42
12 20 16
12 21 43
12 22 51
12 23 55
12 24 61
12 25 58
12 26 62
12 27 64
12 28 48
12 29 52
12 30 45
12 31 49
12 32 62
12 33 37
12 34 48
12 35 47
12 36 40
12 37 34
13 0 30
13 1 43
13 2 46
13 3 37
13 4 29
13 5 33
13 6 36
13 7 49
13 8 44
13 9 33
13 10 48
13 11 44
13 12 49
13 13 100
13 14 36
13 15 30
13 16 44
13 17 36
13 18 37
13 19 23
13 20 12
13 21 27
13 22 33
13 23 44
13 24 46
13 25 34
13 26 36
13 27 48
13 28 32
13 29 34
13 30 45
13 31 44
13 32 40
13 33 26
13 34 31
13 35 34
13 36 30
13 37 19
14 0 53
14 1 68
14 2 48
14 3 69
14 4 69
14 5 59
14 6 52
14 7 65
14 8 52
14 9 65
14 10 62
14 11 71
14 12 59
14 13 36
14 14 99
14 15 46
14 16 64
14 17 58
14 18 69
14 19 62
14 20 33
14 21 73
14 22 59
14 23 57
14 24 64
14 25 57
14 26 63
14 27 53
14 28 54
14 29 59
14 30 33
14 31 29
14 32 50
14 33 43
14 34 59
14 35 53
14 36 50
14 37 51
15 0 28
15 1 49
15 2 41
15 3 44
15 4 42
15 5 62
15 6 30
15 7 44
15 8 38
15 9 47
15 10 41
15 11 44
15 12 39
15 13 30
15 14 46
15 15 100
15 16 53
15 17 46
15 18 51
15 19 40
15 20 36
15 21 41
15 22 62
15 23 36
15 24 39
15 25 34
15 26 47
15 27 37
15 28 43
15 29 50
15 30 36
15 31 31
15 32 40
15 33 18
15 34 28
15 35 35
15 36 35
15 37 24
16 0 47
16 1 66
16 2 58
16 3 54
16 4 62
16 5 68
16 6 58
16 7 66
16 8 58
16 9 67
16 10 66
16 11 69
16 12 55
16 13 44
16 14 64
16 15 53
16 16 100
16 17 68
16 18 60
16 19 55
16 20 32
16 21 62
16 22 68
16 23 67
16 24 63
16 25 56
16 26 62
16 27 44
16 28 61
16 29 68
16 30 45
16 31 46
16 32 46
16 33 39
16 34 51
16 35 47
16 36 55
16 37 38
17 0 43
17 1 58
17 2 53
17 3 46
17 4 64
17 5 62
17 6 53
17 7 69
17 8 60
17 9 57
17 10 62
17 11 70
17 12 48
17 13 36
17 14 58
17 15 46
17 16 68
17 17 100
17 18 56
17 19 50
17 20 28
17 21 65
17 22 62
17 23 63
17 24 55
17 25 61
17 26 68
17 27 46
17 28 64
17 29 64
17 30 40
17 31 36
17 32 51
17 33 35
17 34 48
17 35 58
17 36 73
17 37 35
18 0 42
18 1 65
18 2 39
18 3 39
18 4 57
18 5 60
18 6 41
18 7 51
18 8 48
18 9 62
18 10 54
18 11 59
18 12 49
18 13 37
18 14 69
18 15 51
18 16 60
18 17 56
18 18 100
18 19 65
18 20 15
18 21 64
18 22 60
18 23 52
18 24 64
18 25 43
18 26 56
18 27 46
18 28 57
18 29 55
18 30 32
18 31 31
18 32 49
18 33 29
18 34 45
18 35 47
18 36 46
18 37 33
19 0 36
19 1 53
19 2 43
19 3 34
19 4 52
19 5 57
19 6 35
19 7 50
19 8 43
19 9 53
19 10 47
19 11 52
19 12 42
19 13 23
19 14 62
19 15 40
19 16 55
19 17 50
19 18 65
19 19 100
19 20 17
19 21 57
19 22 57
19 23 43
19 24 51
19 25 37
19 26 48
19 27 36
19 28 47
19 29 46
19 30 33
19 31 35
19 32 36
19 33 25
19 34 43
19 35 38
19 36 39
19 37 29
20 0 13
20 1 40
20 2 30
20 3 37
20 4 31
20 5 25
20 6 18
20 7 26
20 8 16
20 9 36
20 10 24
20 11 24
20 12 16
20 13 12
20 14 33
20 15 36
20 16 32
20 17 28
20 18 15
20 19 17
20 20 100
20 21 29
20 22 25
20 23 19
20 24 17
20 25 17
20 26 26
20 27 25
20 28 24
20 29 29
20 30 19
20 31 7
20 32 13
20 33 6
20 34 17
20 35 17
20 36 23
20 37 12
21 0 48
21 1 63
21 2 50
21 3 50
21 4 92
21 5 64
21 6 54
21 7 62
21 8 53
21 9 64
21 10 57
21 11 68
21 12 43
21 13 27
21 14 73
21 15 41
21 16 62
21 17 65
21 18 64
21 19 57
21 20 29
21 21 100
21 22 64
21 23 62
21 24 58
21 25 53
21 26 65
21 27 41
21 28 57
21 29 69
21 30 29
21 31 22
21 32 41
21 33 36
21 34 55
21 35 56
21 36 55
21 37 49
22 0 40
22 1 60
22 2 50
22 3 52
22 4 62
22 5 99
22 6 43
22 7 59
22 8 54
22 9 61
22 10 55
22 11 70
22 12 51
22 13 33
22 14 59
22 15 62
22 16 68
22 17 62
22 18 60
22 19 57
22 20 25
22 21 64
22 22 99
22 23 54
22 24 51
22 25 52
22 26 62
22 27 37
22 28 57
22 29 67
22 30 36
22 31 38
22 32 44
22 33 28
22 34 45
22 35 47
22 36 50
22 37 32
23 0 45
23 1 55
23 2 54
23 3 45
23 4 63
23 5 54
23 6 85
23 7 67
23 8 65
23 9 56
23 10 58
23 11 67
23 12 55
23 13 44
23 14 57
23 15 36
23 16 67
23 17 63
23 18 52
23 19 43
23 20 19
23 21 62
23 22 54
23 23 99
23 24 62
23 25 63
23 26 65
23 27 39
23 28 52
23 29 62
23 30 50
23 31 43
23 32 41
23 33 39
23 34 49
23 35 51
23 36 55
23 37 41
24 0 47
24 1 57
24 2 56
24 3 43
24 4 53
24 5 51
24 6 49
24 7 66
24 8 64
24 9 50
24 10 67
24 11 66
24 12 61
24 13 46
24 14 64
24 15 39
24 16 63
24 17 55
24 18 64
24 19 51
24 20 17
24 21 58
24 22 51
24 23 62
24 24 99
24 25 57
24 26 60
24 27 55
24 28 54
24 29 56
24 30 49
24 31 42
24 32 52
24 33 42
24 34 52
24 35 50
24 36 46
24 37 36
25 0 39
25 1 46
25 2 54
25 3 38
25 4 51
25 5 52
25 6 54
25 7 67
25 8 60
25 9 43
25 10 55
25 11 66
25 12 58
25 13 34
25 14 57
25 15 34
25 16 56
25 17 61
25 18 43
25 19 37
25 20 17
25 21 53
25 22 52
25 23 63
25 24 57
25 25 100
25 26 65
25 27 47
25 28 61
25 29 59
25 30 41
25 31 42
25 32 47
25 33 57
25 34 58
25 35 54
25 36 52
25 37 33
26 0 40
26 1 64
26 2 60
26 3 52
26 4 63
26 5 62
26 6 57
26 7 71
26 8 66
26 9 63
26 10 59
26 11 71
26 12 62
26 13 36
26 14 63
26 15 47
26 16 62
26 17 68
26 18 56
26 19 48
26 20 26
26 21 65
26 22 62
26 23 65
26 24 60
26 25 65
26 26 100
26 27 54
26 28 59
26 29 67
26 30 47
26 31 43
26 32 48
26 33 40
26 34 61
26 35 64
26 36 60
26 37 37
27 0 39
27 1 44
27 2 57
27 3 38
27 4 41
27 5 37
27 6 34
27 7 56
27 8 60
27 9 33
27 10 66
27 11 51
27 12 64
27 13 48
27 14 53
27 15 37
27 16 44
27 17 46
27 18 46
27 19 36
27 20 25
27 21 41
27 22 37
27 23 39
27 24 55
27 25 47
27 26 54
27 27 100
27 28 46
27 29 44
27 30 41
27 31 34
27 32 66
27 33 27
27 34 35
27 35 42
27 36 35
27 37 22
28 0 43
28 1 53
28 2 47
28 3 37
28 4 54
28 5 57
28 6 43
28 7 60
28 8 59
28 9 50
28 10 53
28 11 60
28 12 48
28 13 32
28 14 54
28 15 43
28 16 61
28 17 64
28 18 57
28 19 47
28 20 24
28 21 57
28 22 57
28 23 52
28 24 54
28 25 61
28 26 59
28 27 46
28 28 99
28 29 68
28 30 36
28 31 37
28 32 65
28 33 27
28 34 44
28 35 59
28 36 59
28 37 37
29 0 38
29 1 63
29 2 55
29 3 39
29 4 68
29 5 67
29 6 51
29 7 60
29 8 55
29 9 63
29 10 57
29 11 66
29 12 52
29 13 34
29 14 59
29 15 50
29 16 68
29 17 64
29 18 55
29 19 46
29 20 29
29 21 69
29 22 67
29 23 62
29 24 56
29 25 59
29 26 67
29 27 44
29 28 68
29 29 99
29 30 38
29 31 35
29 32 58
29 33 33
29 34 53
29 35 54
29 36 55
29 37 37
30 0 19
30 1 47
30 2 55
30 3 29
30 4 31
30 5 36
30 6 37
30 7 49
30 8 56
30 9 39
30 10 48
30 11 40
30 12 45
30 13 45
30 14 33
30 15 36
30 16 45
30 17 40
30 18 32
30 19 33
30 20 19
30 21 29
30 22 36
30 23 50
30 24 49
30 25 41
30 26 47
30 27 41
30 28 36
30 29 38
30 30 100
30 31 44
30 32 37
30 33 22
30 34 31
30 35 27
30 36 35
30 37 16
31 0 27
31 1 38
31 2 50
31 3 27
31 4 23
31 5 38
31 6 42
31 7 55
31 8 48
31 9 32
31 10 42
31 11 42
31 12 49
31 13 44
31 14 29
31 15 31
31 16 46
31 17 36
31 18 31
31 19 35
31 20 7
31 21 22
31 22 38
31 23 43
31 24 42
31 25 42
31 26 43
31 27 34
31 28 37
31 29 35
31 30 44
31 31 99
31 32 34
31 33 30
31 34 31
31 35 29
31 36 33
31 37 16
32 0 41
32 1 41
32 2 49
32 3 36
32 4 41
32 5 44
32 6 34
32 7 53
32 8 66
32 9 33
32 10 63
32 11 55
32 12 62
32 13 40
32 14 50
32 15 40
32 16 46
32 17 51
32 18 49
32 19 36
32 20 13
32 21 41
32 22 44
32 23 41
32 24 52
32 25 47
32 26 48
32 27 66
32 28 65
32 29 58
32 30 37
32 31 34
32 32 99
32 33 26
32 34 33
32 35 48
32 36 46
32 37 33
33 0 30
33 1 31
33 2 31
33 3 30
33 4 33
33 5 28
33 6 39
33 7 43
33 8 31
33 9 34
33 10 37
33 11 48
33 12 37
33 13 26
33 14 43
33 15 18
33 16 39
33 17 35
33 18 29
33 19 25
33 20 6
33 21 36
33 22 28
33 23 39
33 24 42
33 25 57
33 26 40
33 27 27
33 28 27
33 29 33
33 30 22
33 31 30
33 32 26
33 33 100
33 34 59
33 35 33
33 36 25
33 37 19
34 0 36
34 1 49
34 2 46
34 3 36
34 4 52
34 5 45
34 6 46
34 7 55
34 8 42
34 9 47
34 10 47
34 11 70
34 12 48
34 13 31
34 14 59
34 15 28
34 16 51
34 17 48
34 18 45
34 19 43
34 20 17
34 21 55
34 22 45
34 23 49
34 24 52
34 25 58
34 26 61
34 27 35
34 28 44
34 29 53
34 30 31
34 31 31
34 32 33
34 33 59
34 34 100
34 35 58
34 36 42
34 37 30
35 0 40
35 1 49
35 2 44
35 3 39
35 4 53
35 5 47
35 6 47
35 7 59
35 8 50
35 9 47
35 10 46
35 11 59
35 12 47
35 13 34
35 14 53
35 15 35
35 16 47
35 17 58
35 18 47
35 19 38
35 20 17
35 21 56
35 22 47
35 23 51
35 24 50
35 25 54
35 26 64
35 27 42
35 28 59
35 29 54
35 30 27
35 31 29
35 32 48
35 33 33
35 34 58
35 35 100
35 36 57
35 37 39
36 0 43
36 1 50
36 2 42
36 3 43
36 4 55
36 5 50
36 6 52
36 7 58
36 8 56
36 9 47
36 10 48
36 11 59
36 12 40
36 13 30
36 14 50
36 15 35
36 16 55
36 17 73
36 18 46
36 19 39
36 20 23
36 21 55
36 22 50
36 23 55
36 24 46
36 25 52
36 26 60
36 27 35
36 28 59
36 29 55
36 30 35
36 31 33
36 32 46
36 33 25
36 34 42
36 35 57
36 36 99
36 37 42
37 0 47
37 1 31
37 2 20
37 3 37
37 4 49
37 5 32
37 6 40
37 7 38
37 8 35
37 9 38
37 10 36
37 11 44
37 12 34
37 13 19
37 14 51
37 15 24
37 16 38
37 17 35
37 18 33
37 19 29
37 20 12
37 21 49
37 22 32
37 23 41
37 24 36
37 25 33
37 26 37
37 27 22
37 28 37
37 29 37
37 30 16
37 31 16
37 32 33
37 33 19
37 34 30
37 35 39
37 36 42
37 37 99
