0 0 100
0 1 58
0 2 56
0 3 43
0 4 30
0 5 95
0 6 71
0 7 46
0 8 27
0 9 61
0 10 49
0 11 49
0 12 53
0 13 64
0 14 50
0 15 52
0 16 36
0 17 64
0 18 54
0 19 49
0 20 37
0 21 56
0 22 38
0 23 22
0 24 49
0 25 28
0 26 47
0 27 51
0 28 49
0 29 34
0 30 46
0 31 38
0 32 47
0 33 59
0 34 37
0 35 67
0 36 61
0 37 64
0 38 49
0 39 60
0 40 50
0 41 33
0 42 53
0 43 51
0 44 58
0 45 44
0 46 54
0 47 51
0 48 56
0 49 48
0 50 41
1 0 58
1 1 100
1 2 64
1 3 35
1 4 41
1 5 59
1 6 50
1 7 42
1 8 37
1 9 58
1 10 51
1 11 53
1 12 56
1 13 89
1 14 77
1 15 61
1 16 44
1 17 60
1 18 50
1 19 63
1 20 39
1 21 44
1 22 51
1 23 39
1 24 64
1 25 39
1 26 46
1 27 56
1 28 56
1 29 47
1 30 41
1 31 44
1 32 43
1 33 63
1 34 48
1 35 66
1 36 57
1 37 55
1 38 50
1 39 62
1 40 48
1 41 26
1 42 63
1 43 66
1 44 65
1 45 39
1 46 57
1 47 51
1 48 53
1 49 38
1 50 42
2 0 56
2 1 64
2 2 100
2 3 36
2 4 40
2 5 62
2 6 58
2 7 44
2 8 46
2 9 55
2 10 56
2 11 54
2 12 57
2 13 66
2 14 55
2 15 59
2 16 43
2 17 54
2 18 55
2 19 54
2 20 41
2 21 49
2 22 45
2 23 27
2 24 61
2 25 43
2 26 50
2 27 53
2 28 51
2 29 39
2 30 38
2 31 34
2 32 51
2 33 68
2 34 64
2 35 56
2 36 53
2 37 57
2 38 53
2 39 57
2 40 52
2 41 30
2 42 62
2 43 62
2 44 96
2 45 42
2 46 54
2 47 59
2 48 49
2 49 42
2 50 44
3 0 43
3 1 35
3 2 36
3 3 99
3 4 22
3 5 43
3 6 32
3 7 39
3 8 30
3 9 47
3 10 16
3 11 43
3 12 35
3 13 35
3 14 36
3 15 36
3 16 28
3 17 37
3 18 33
3 19 30
3 20 30
3 21 40
3 22 18
3 23 20
3 24 25
3 25 30
3 26 18
3 27 38
3 28 33
3 29 30
3 30 29
3 31 19
3 32 33
3 33 43
3 34 27
3 35 33
3 36 34
3 37 29
3 38 23
3 39 22
3 40 26
3 41 30
3 42 39
3 43 40
3 44 42
3 45 92
3 46 36
3 47 35
3 48 36
3 49 40
3 50 28
4 0 30
4 1 41
4 2 40
4 3 22
4 4 100
4 5 32
4 6 26
4 7 23
4 8 25
4 9 36
4 10 44
4 11 38
4 12 31
4 13 34
4 14 40
4 15 44
4 16 41
4 17 40
4 18 29
4 19 39
4 20 25
4 21 23
4 22 34
4 23 24
4 24 33
4 25 27
4 26 30
4 27 34
4 28 34
4 29 41
4 30 26
4 31 27
4 32 27
4 33 46
4 34 38
4 35 29
4 36 39
4 37 28
4 38 39
4 39 36
4 40 44
4 41 29
4 42 52
4 43 65
4 44 40
4 45 27
4 46 41
4 47 44
4 48 36
4 49 31
4 50 37
5 0 95
5 1 59
5 2 62
5 3 43
5 4 32
5 5 99
5 6 77
5 7 42
5 8 26
5 9 58
5 10 49
5 11 52
5 12 60
5 13 64
5 14 51
5 15 57
5 16 41
5 17 65
5 18 55
5 19 53
5 20 38
5 21 63
5 22 38
5 23 21
5 24 54
5 25 32
5 26 52
5 27 54
5 28 53
5 29 37
5 30 48
5 31 39
5 32 54
5 33 63
5 34 48
5 35 67
5 36 62
5 37 67
5 38 52
5 39 62
5 40 53
5 41 36
5 42 55
5 43 57
5 44 64
5 45 46
5 46 56
5 47 57
5 48 56
5 49 47
5 50 45
6 0 71
6 1 50
6 2 58
6 3 32
6 4 26
6 5 77
6 6 100
6 7 46
6 8 20
6 9 50
6 10 49
6 11 55
6 12 55
6 13 63
6 14 39
6 15 50
6 16 41
6 17 53
6 18 54
6 19 44
6 20 34
6 21 64
6 22 29
6 23 19
6 24 50
6 25 28
6 26 37
6 27 46
6 28 44
6 29 30
6 30 37
6 31 27
6 32 53
6 33 55
6 34 47
6 35 53
6 36 56
6 37 55
6 38 53
6 39 49
6 40 57
6 41 34
6 42 51
6 43 51
6 44 60
6 45 32
6 46 52
6 47 55
6 48 48
6 49 41
6 50 43
7 0 46
7 1 42
7 2 44
7 3 39
7 4 23
7 5 42
7 6 46
7 7 100
7 8 49
7 9 55
7 10 27
7 11 60
7 12 32
7 13 47
7 14 40
7 15 49
7 16 24
7 17 34
7 18 40
7 19 22
7 20 26
7 21 42
7 22 23
7 23 40
7 24 44
7 25 40
7 26 17
7 27 41
7 28 28
7 29 24
7 30 16
7 31 22
7 32 35
7 33 39
7 34 37
7 35 29
7 36 38
7 37 32
7 38 44
7 39 25
7 40 36
7 41 23
7 42 44
7 43 35
7 44 44
7 45 40
7 46 43
7 47 41
7 48 43
7 49 57
7 50 23
8 0 27
8 1 37
8 2 46
8 3 30
8 4 25
8 5 26
8 6 20
8 7 49
8 8 99
8 9 45
8 10 28
8 11 43
8 12 19
8 13 33
8 14 36
8 15 37
8 16 16
8 17 33
8 18 22
8 19 27
8 20 21
8 21 19
8 22 24
8 23 44
8 24 34
8 25 36
8 26 23
8 27 37
8 28 30
8 29 25
8 30 19
8 31 18
8 32 28
8 33 33
8 34 32
8 35 26
8 36 29
8 37 22
8 38 23
8 39 29
8 40 28
8 41 20
8 42 41
8 43 31
8 44 46
8 45 34
8 46 28
8 47 25
8 48 27
8 49 25
8 50 25
9 0 61
9 1 58
9 2 55
9 3 47
9 4 36
9 5 58
9 6 50
9 7 55
9 8 45
9 9 100
9 10 38
9 11 59
9 12 40
9 13 56
9 14 53
9 15 57
9 16 32
9 17 56
9 18 51
9 19 45
9 20 34
9 21 49
9 22 39
9 23 42
9 24 49
9 25 42
9 26 33
9 27 48
9 28 50
9 29 35
9 30 31
9 31 40
9 32 48
9 33 56
9 34 45
9 35 45
9 36 49
9 37 51
9 38 46
9 39 45
9 40 42
9 41 27
9 42 58
9 43 50
9 44 56
9 45 50
9 46 48
9 47 38
9 48 56
9 49 62
9 50 40
10 0 49
10 1 51
10 2 56
10 3 16
10 4 44
10 5 49
10 6 49
10 7 27
10 8 28
10 9 38
10 10 100
10 11 38
10 12 33
10 13 56
10 14 41
10 15 47
10 16 42
10 17 48
10 18 42
10 19 45
10 20 22
10 21 29
10 22 42
10 23 22
10 24 42
10 25 18
10 26 38
10 27 39
10 28 45
10 29 41
10 30 33
10 31 28
10 32 33
10 33 53
10 34 47
10 35 53
10 36 46
10 37 44
10 38 46
10 39 67
10 40 53
10 41 25
10 42 58
10 43 49
10 44 53
10 45 15
10 46 46
10 47 53
10 48 44
10 49 24
10 50 36
11 0 49
11 1 53
11 2 54
11 3 43
11 4 38
11 5 52
11 6 55
11 7 60
11 8 43
11 9 59
11 10 38
11 11 99
11 12 46
11 13 50
11 14 55
11 15 59
11 16 34
11 17 51
11 18 49
11 19 44
11 20 42
11 21 49
11 22 33
11 23 58
11 24 58
11 25 57
11 26 31
11 27 59
11 28 51
11 29 37
11 30 29
11 31 32
11 32 52
11 33 58
11 34 56
11 35 47
11 36 45
11 37 43
11 38 44
11 39 40
11 40 48
11 41 31
11 42 59
11 43 56
11 44 55
11 45 51
11 46 50
11 47 48
11 48 51
11 49 51
11 50 43
12 0 53
12 1 56
12 2 57
12 3 35
12 4 31
12 5 60
12 6 55
12 7 32
12 8 19
12 9 40
12 10 33
12 11 46
12 12 99
12 13 54
12 14 50
12 15 53
12 16 35
12 17 48
12 18 53
12 19 50
12 20 37
12 21 55
12 22 45
12 23 18
12 24 52
12 25 39
12 26 45
12 27 56
12 28 53
12 29 42
12 30 40
12 31 51
12 32 54
12 33 62
12 34 53
12 35 54
12 36 49
12 37 60
12 38 45
12 39 48
12 40 42
12 41 34
12 42 52
12 43 53
12 44 57
12 45 41
12 46 62
12 47 64
12 48 50
12 49 35
12 50 48
13 0 64
13 1 89
13 2 66
13 3 35
13 4 34
13 5 64
13 6 63
13 7 47
13 8 33
13 9 56
13 10 56
13 11 50
13 12 54
13 13 99
13 14 62
13 15 57
13 16 47
13 17 58
13 18 53
13 19 58
13 20 34
13 21 44
13 22 41
13 23 29
13 24 59
13 25 33
13 26 43
13 27 52
13 28 49
13 29 39
13 30 40
13 31 34
13 32 41
13 33 58
13 34 46
13 35 66
13 36 56
13 37 53
13 38 48
13 39 61
13 40 53
13 41 31
13 42 60
13 43 60
13 44 66
13 45 36
13 46 54
13 47 50
13 48 52
13 49 38
13 50 40
14 0 50
14 1 77
14 2 55
14 3 36
14 4 40
14 5 51
14 6 39
14 7 40
14 8 36
14 9 53
14 10 41
14 11 55
14 12 50
14 13 62
14 14 100
14 15 59
14 16 44
14 17 57
14 18 41
14 19 56
14 20 39
14 21 35
14 22 47
14 23 46
14 24 63
14 25 47
14 26 42
14 27 57
14 28 53
14 29 44
14 30 35
14 31 46
14 32 38
14 33 57
14 34 45
14 35 58
14 36 51
14 37 49
14 38 44
14 39 52
14 40 39
14 41 27
14 42 55
14 43 62
14 44 57
14 45 44
14 46 48
14 47 48
14 48 46
14 49 33
14 50 43
15 0 52
15 1 61
15 2 59
15 3 36
15 4 44
15 5 57
15 6 50
15 7 49
15 8 37
15 9 57
15 10 47
15 11 59
15 12 53
15 13 57
15 14 59
15 15 99
15 16 41
15 17 54
15 18 44
15 19 46
15 20 38
15 21 53
15 22 57
15 23 36
15 24 55
15 25 52
15 26 42
15 27 61
15 28 53
15 29 46
15 30 27
15 31 44
15 32 47
15 33 70
15 34 64
15 35 46
15 36 47
15 37 50
15 38 48
15 39 53
15 40 48
15 41 25
15 42 66
15 43 62
15 44 57
15 45 45
15 46 58
15 47 61
15 48 57
15 49 49
15 50 48
16 0 36
16 1 44
16 2 43
16 3 28
16 4 41
16 5 41
16 6 41
16 7 24
16 8 16
16 9 32
16 10 42
16 11 34
16 12 35
16 13 47
16 14 44
16 15 41
16 16 99
16 17 43
16 18 28
16 19 50
16 20 21
16 21 30
16 22 29
16 23 12
16 24 36
16 25 23
16 26 35
16 27 46
16 28 42
16 29 28
16 30 25
16 31 25
16 32 35
16 33 45
16 34 39
16 35 45
16 36 45
16 37 37
16 38 36
16 39 41
16 40 70
16 41 37
16 42 55
16 43 61
16 44 44
16 45 32
16 46 39
16 47 48
16 48 43
16 49 28
16 50 34
17 0 64
17 1 60
17 2 54
17 3 37
17 4 40
17 5 65
17 6 53
17 7 34
17 8 33
17 9 56
17 10 48
17 11 51
17 12 48
17 13 58
17 14 57
17 15 54
17 16 43
17 17 99
17 18 49
17 19 60
17 20 38
17 21 45
17 22 50
17 23 38
17 24 62
17 25 38
17 26 52
17 27 61
17 28 59
17 29 40
17 30 49
17 31 53
17 32 53
17 33 58
17 34 41
17 35 60
17 36 57
17 37 57
17 38 45
17 39 59
17 40 48
17 41 31
17 42 61
17 43 58
17 44 55
17 45 44
17 46 56
17 47 50
17 48 57
17 49 35
17 50 45
18 0 54
18 1 50
18 2 55
18 3 33
18 4 29
18 5 55
18 6 54
18 7 40
18 8 22
18 9 51
18 10 42
18 11 49
18 12 53
18 13 53
18 14 41
18 15 44
18 16 28
18 17 49
18 18 99
18 19 62
18 20 27
18 21 48
18 22 31
18 23 25
18 24 43
18 25 28
18 26 32
18 27 37
18 28 42
18 29 32
18 30 31
18 31 31
18 32 45
18 33 50
18 34 43
18 35 47
18 36 51
18 37 52
18 38 42
18 39 40
18 40 38
18 41 21
18 42 40
18 43 44
18 44 55
18 45 34
18 46 48
18 47 40
18 48 46
18 49 39
18 50 32
19 0 49
19 1 63
19 2 54
19 3 30
19 4 39
19 5 53
19 6 44
19 7 22
19 8 27
19 9 45
19 10 45
19 11 44
19 12 50
19 13 58
19 14 56
19 15 46
19 16 50
19 17 60
19 18 62
19 19 100
19 20 43
19 21 36
19 22 41
19 23 25
19 24 56
19 25 31
19 26 50
19 27 48
19 28 56
19 29 35
19 30 38
19 31 40
19 32 40
19 33 51
19 34 38
19 35 60
19 36 54
19 37 53
19 38 41
19 39 53
19 40 44
19 41 26
19 42 50
19 43 56
19 44 55
19 45 35
19 46 49
19 47 43
19 48 43
19 49 23
19 50 39
20 0 37
20 1 39
20 2 41
20 3 30
20 4 25
20 5 38
20 6 34
20 7 26
20 8 21
20 9 34
20 10 22
20 11 42
20 12 37
20 13 34
20 14 39
20 15 38
20 16 21
20 17 38
20 18 27
20 19 43
20 20 99
20 21 35
20 22 22
20 23 29
20 24 42
20 25 39
20 26 45
20 27 45
20 28 36
20 29 24
20 30 28
20 31 26
20 32 31
20 33 44
20 34 35
20 35 35
20 36 43
20 37 32
20 38 29
20 39 28
20 40 31
20 41 27
20 42 37
20 43 37
20 44 42
20 45 39
20 46 39
20 47 33
20 48 33
20 49 22
20 50 36
21 0 56
21 1 44
21 2 49
21 3 40
21 4 23
21 5 63
21 6 64
21 7 42
21 8 19
21 9 49
21 10 29
21 11 49
21 12 55
21 13 44
21 14 35
21 15 53
21 16 30
21 17 45
21 18 48
21 19 36
21 20 35
21 21 99
21 22 36
21 23 18
21 24 41
21 25 32
21 26 31
21 27 49
21 28 48
21 29 39
21 30 26
21 31 29
21 32 57
21 33 59
21 34 52
21 35 34
21 36 44
21 37 56
21 38 46
21 39 32
21 40 42
21 41 27
21 42 48
21 43 44
21 44 51
21 45 43
21 46 51
21 47 48
21 48 47
21 49 42
21 50 34
22 0 38
22 1 51
22 2 45
22 3 18
22 4 34
22 5 38
22 6 29
22 7 23
22 8 24
22 9 39
22 10 42
22 11 33
22 12 45
22 13 41
22 14 47
22 15 57
22 16 29
22 17 50
22 18 31
22 19 41
22 20 22
22 21 36
22 22 100
22 23 33
22 24 51
22 25 33
22 26 41
22 27 45
22 28 48
22 29 49
22 30 30
22 31 53
22 32 34
22 33 51
22 34 43
22 35 39
22 36 37
22 37 46
22 38 38
22 39 51
22 40 29
22 41 16
22 42 53
22 43 44
22 44 42
22 45 25
22 46 49
22 47 42
22 48 49
22 49 21
22 50 40
23 0 22
23 1 39
23 2 27
23 3 20
23 4 24
23 5 21
23 6 19
23 7 40
23 8 44
23 9 42
23 10 22
23 11 58
23 12 18
23 13 29
23 14 46
23 15 36
23 16 12
23 17 38
23 18 25
23 19 25
23 20 29
23 21 18
23 22 33
23 23 100
23 24 50
23 25 54
23 26 17
23 27 48
23 28 31
23 29 33
23 30 27
23 31 28
23 32 29
23 33 32
23 34 35
23 35 25
23 36 26
23 37 21
23 38 28
23 39 28
23 40 19
23 41 21
23 42 34
23 43 32
23 44 27
23 45 31
23 46 22
23 47 19
23 48 32
23 49 23
23 50 24
24 0 49
24 1 64
24 2 61
24 3 25
24 4 33
24 5 54
24 6 50
24 7 44
24 8 34
24 9 49
24 10 42
24 11 58
24 12 52
24 13 59
24 14 63
24 15 55
24 16 36
24 17 62
24 18 43
24 19 56
24 20 42
24 21 41
24 22 51
24 23 50
24 24 100
24 25 53
24 26 47
24 27 63
24 28 55
24 29 41
24 30 49
24 31 48
24 32 49
24 33 57
24 34 55
24 35 66
24 36 55
24 37 53
24 38 58
24 39 63
24 40 45
24 41 31
24 42 55
24 43 59
24 44 61
24 45 35
24 46 56
24 47 51
24 48 58
24 49 37
24 50 49
25 0 28
25 1 39
25 2 43
25 3 30
25 4 27
25 5 32
25 6 28
25 7 40
25 8 36
25 9 42
25 10 18
25 11 57
25 12 39
25 13 33
25 14 47
25 15 52
25 16 23
25 17 38
25 18 28
25 19 31
25 20 39
25 21 32
25 22 33
25 23 54
25 24 53
25 25 100
25 26 32
25 27 60
25 28 37
25 29 42
25 30 30
25 31 36
25 32 39
25 33 49
25 34 57
25 35 35
25 36 36
25 37 34
25 38 42
25 39 28
25 40 27
25 41 28
25 42 47
25 43 46
25 44 42
25 45 45
25 46 31
25 47 37
25 48 36
25 49 44
25 50 41
26 0 47
26 1 46
26 2 50
26 3 18
26 4 30
26 5 52
26 6 37
26 7 17
26 8 23
26 9 33
26 10 38
26 11 31
26 12 45
26 13 43
26 14 42
26 15 42
26 16 35
26 17 52
26 18 32
26 19 50
26 20 45
26 21 31
26 22 41
26 23 17
26 24 47
26 25 32
26 26 100
26 27 49
26 28 42
26 29 40
26 30 40
26 31 36
26 32 41
26 33 44
26 34 44
26 35 49
26 36 43
26 37 58
26 38 34
26 39 53
26 40 35
26 41 20
26 42 46
26 43 45
26 44 49
26 45 27
26 46 46
26 47 38
26 48 39
26 49 24
26 50 32
27 0 51
27 1 56
27 2 53
27 3 38
27 4 34
27 5 54
27 6 46
27 7 41
27 8 37
27 9 48
27 10 39
27 11 59
27 12 56
27 13 52
27 14 57
27 15 61
27 16 46
27 17 61
27 18 37
27 19 48
27 20 45
27 21 49
27 22 45
27 23 48
27 24 63
27 25 60
27 26 49
27 27 99
27 28 60
27 29 43
27 30 57
27 31 48
27 32 55
27 33 60
27 34 57
27 35 58
27 36 61
27 37 55
27 38 51
27 39 53
27 40 46
27 41 34
27 42 58
27 43 55
27 44 54
27 45 50
27 46 51
27 47 55
27 48 57
27 49 43
27 50 52
28 0 49
28 1 56
28 2 51
28 3 33
28 4 34
28 5 53
28 6 44
28 7 28
28 8 30
28 9 50
28 10 45
28 11 51
28 12 53
28 13 49
28 14 53
28 15 53
28 16 42
28 17 59
28 18 42
28 19 56
28 20 36
28 21 48
28 22 48
28 23 31
28 24 55
28 25 37
28 26 42
28 27 60
28 28 99
28 29 35
28 30 43
28 31 47
28 32 54
28 33 58
28 34 49
28 35 56
28 36 52
28 37 57
28 38 44
28 39 53
28 40 42
28 41 28
28 42 52
28 43 59
28 44 51
28 45 38
28 46 50
28 47 52
28 48 49
28 49 29
28 50 44
29 0 34
29 1 47
29 2 39
29 3 30
29 4 41
29 5 37
29 6 30
29 7 24
29 8 25
29 9 35
29 10 41
29 11 37
29 12 42
29 13 39
29 14 44
29 15 46
29 16 28
29 17 40
29 18 32
29 19 35
29 20 24
29 21 39
29 22 49
29 23 33
29 24 41
29 25 42
29 26 40
29 27 43
29 28 35
29 29 100
29 30 29
29 31 36
29 32 34
29 33 59
29 34 53
29 35 34
29 36 31
29 37 39
29 38 45
29 39 43
29 40 30
29 41 25
29 42 52
29 43 45
29 44 39
29 45 37
29 46 41
29 47 46
29 48 40
29 49 32
29 50 27
30 0 46
30 1 41
30 2 38
30 3 29
30 4 26
30 5 48
30 6 37
30 7 16
30 8 19
30 9 31
30 10 33
30 11 29
30 12 40
30 13 40
30 14 35
30 15 27
30 16 25
30 17 49
30 18 31
30 19 38
30 20 28
30 21 26
30 22 30
30 23 27
30 24 49
30 25 30
30 26 40
30 27 57
30 28 43
30 29 29
30 30 99
30 31 36
30 32 39
30 33 35
30 34 27
30 35 62
30 36 67
30 37 49
30 38 44
30 39 51
30 40 29
30 41 31
30 42 32
30 43 44
30 44 39
30 45 31
30 46 34
30 47 33
30 48 34
30 49 21
30 50 42
31 0 38
31 1 44
31 2 34
31 3 19
31 4 27
31 5 39
31 6 27
31 7 22
31 8 18
31 9 40
31 10 28
31 11 32
31 12 51
31 13 34
31 14 46
31 15 44
31 16 25
31 17 53
31 18 31
31 19 40
31 20 26
31 21 29
31 22 53
31 23 28
31 24 48
31 25 36
31 26 36
31 27 48
31 28 47
31 29 36
31 30 36
31 31 100
31 32 42
31 33 45
31 34 38
31 35 44
31 36 42
31 37 39
31 38 41
31 39 45
31 40 24
31 41 21
31 42 46
31 43 35
31 44 33
31 45 26
31 46 48
31 47 42
31 48 45
31 49 29
31 50 46
32 0 47
32 1 43
32 2 51
32 3 33
32 4 27
32 5 54
32 6 53
32 7 35
32 8 28
32 9 48
32 10 33
32 11 52
32 12 54
32 13 41
32 14 38
32 15 47
32 16 35
32 17 53
32 18 45
32 19 40
32 20 31
32 21 57
32 22 34
32 23 29
32 24 49
32 25 39
32 26 41
32 27 55
32 28 54
32 29 34
32 30 39
32 31 42
32 32 100
32 33 52
32 34 54
32 35 44
32 36 43
32 37 50
32 38 54
32 39 42
32 40 33
32 41 30
32 42 44
32 43 50
32 44 52
32 45 41
32 46 49
32 47 48
32 48 51
32 49 44
32 50 42
33 0 59
33 1 63
33 2 68
33 3 43
33 4 46
33 5 63
33 6 55
33 7 39
33 8 33
33 9 56
33 10 53
33 11 58
33 12 62
33 13 58
33 14 57
33 15 70
33 16 45
33 17 58
33 18 50
33 19 51
33 20 44
33 21 59
33 22 51
33 23 32
33 24 57
33 25 49
33 26 44
33 27 60
33 28 58
33 29 59
33 30 35
33 31 45
33 32 52
33 33 100
33 34 70
33 35 52
33 36 52
33 37 58
33 38 55
33 39 57
33 40 51
33 41 33
33 42 67
33 43 64
33 44 68
33 45 52
33 46 64
33 47 70
33 48 58
33 49 45
33 50 49
34 0 37
34 1 48
34 2 64
34 3 27
34 4 38
34 5 48
34 6 47
34 7 37
34 8 32
34 9 45
34 10 47
34 11 56
34 12 53
34 13 46
34 14 45
34 15 64
34 16 39
34 17 41
34 18 43
34 19 38
34 20 35
34 21 52
34 22 43
34 23 35
34 24 55
34 25 57
34 26 44
34 27 57
34 28 49
34 29 53
34 30 27
34 31 38
34 32 54
34 33 70
34 34 100
34 35 38
34 36 37
34 37 45
34 38 54
34 39 49
34 40 42
34 41 27
34 42 58
34 43 58
34 44 63
34 45 38
34 46 49
34 47 59
34 48 46
34 49 38
34 50 43
35 0 67
35 1 66
35 2 56
35 3 33
35 4 29
35 5 67
35 6 53
35 7 29
35 8 26
35 9 45
35 10 53
35 11 47
35 12 54
35 13 66
35 14 58
35 15 46
35 16 45
35 17 60
35 18 47
35 19 60
35 20 35
35 21 34
35 22 39
35 23 25
35 24 66
35 25 35
35 26 49
35 27 58
35 28 56
35 29 34
35 30 62
35 31 44
35 32 44
35 33 52
35 34 38
35 35 99
35 36 59
35 37 60
35 38 50
35 39 78
35 40 45
35 41 33
35 42 53
35 43 60
35 44 58
35 45 37
35 46 56
35 47 47
35 48 57
35 49 31
35 50 51
36 0 61
36 1 57
36 2 53
36 3 34
36 4 39
36 5 62
36 6 56
36 7 38
36 8 29
36 9 49
36 10 46
36 11 45
36 12 49
36 13 56
36 14 51
36 15 47
36 16 45
36 17 57
36 18 51
36 19 54
36 20 43
36 21 44
36 22 37
36 23 26
36 24 55
36 25 36
36 26 43
36 27 61
36 28 52
36 29 31
36 30 67
36 31 42
36 32 43
36 33 52
36 34 37
36 35 59
36 36 100
36 37 53
36 38 49
36 39 52
36 40 53
36 41 31
36 42 53
36 43 58
36 44 54
36 45 37
36 46 46
36 47 45
36 48 46
36 49 41
36 50 50
37 0 64
37 1 55
37 2 57
37 3 29
37 4 28
37 5 67
37 6 55
37 7 32
37 8 22
37 9 51
37 10 44
37 11 43
37 12 60
37 13 53
37 14 49
37 15 50
37 16 37
37 17 57
37 18 52
37 19 53
37 20 32
37 21 56
37 22 46
37 23 21
37 24 53
37 25 34
37 26 58
37 27 55
37 28 57
37 29 39
37 30 49
37 31 39
37 32 50
37 33 58
37 34 45
37 35 60
37 36 53
37 37 100
37 38 55
37 39 57
37 40 44
37 41 24
37 42 47
37 43 51
37 44 57
37 45 34
37 46 51
37 47 47
37 48 53
37 49 36
37 50 37
38 0 49
38 1 50
38 2 53
38 3 23
38 4 39
38 5 52
38 6 53
38 7 44
38 8 23
38 9 46
38 10 46
38 11 44
38 12 45
38 13 48
38 14 44
38 15 48
38 16 36
38 17 45
38 18 42
38 19 41
38 20 29
38 21 46
38 22 38
38 23 28
38 24 58
38 25 42
38 26 34
38 27 51
38 28 44
38 29 45
38 30 44
38 31 41
38 32 54
38 33 55
38 34 54
38 35 50
38 36 49
38 37 55
38 38 100
38 39 49
38 40 45
38 41 28
38 42 50
38 43 52
38 44 53
38 45 28
38 46 46
38 47 45
38 48 52
38 49 46
38 50 43
39 0 60
39 1 62
39 2 57
39 3 22
39 4 36
39 5 62
39 6 49
39 7 25
39 8 29
39 9 45
39 10 67
39 11 40
39 12 48
39 13 61
39 14 52
39 15 53
39 16 41
39 17 59
39 18 40
39 19 53
39 20 28
39 21 32
39 22 51
39 23 28
39 24 63
39 25 28
39 26 53
39 27 53
39 28 53
39 29 43
39 30 51
39 31 45
39 32 42
39 33 57
39 34 49
39 35 78
39 36 52
39 37 57
39 38 49
39 39 100
39 40 47
39 41 29
39 42 60
39 43 54
39 44 57
39 45 27
39 46 58
39 47 50
39 48 56
39 49 26
39 50 48
40 0 50
40 1 48
40 2 52
40 3 26
40 4 44
40 5 53
40 6 57
40 7 36
40 8 28
40 9 42
40 10 53
40 11 48
40 12 42
40 13 53
40 14 39
40 15 48
40 16 70
40 17 48
40 18 38
40 19 44
40 20 31
40 21 42
40 22 29
40 23 19
40 24 45
40 25 27
40 26 35
40 27 46
40 28 42
40 29 30
40 30 29
40 31 24
40 32 33
40 33 51
40 34 42
40 35 45
40 36 53
40 37 44
40 38 45
40 39 47
40 40 100
40 41 47
40 42 65
40 43 59
40 44 53
40 45 30
40 46 45
40 47 54
40 48 49
40 49 39
40 50 34
41 0 33
41 1 26
41 2 30
41 3 30
41 4 29
41 5 36
41 6 34
41 7 23
41 8 20
41 9 27
41 10 25
41 11 31
41 12 34
41 13 31
41 14 27
41 15 25
41 16 37
41 17 31
41 18 21
41 19 26
41 20 27
41 21 27
41 22 16
41 23 21
41 24 31
41 25 28
41 26 20
41 27 34
41 28 28
41 29 25
41 30 31
41 31 21
41 32 30
41 33 33
41 34 27
41 35 33
41 36 31
41 37 24
41 38 28
41 39 29
41 40 47
41 41 99
41 42 37
41 43 39
41 44 32
41 45 32
41 46 29
41 47 35
41 48 28
41 49 19
41 50 29
42 0 53
42 1 63
42 2 62
42 3 39
42 4 52
42 5 55
42 6 51
42 7 44
42 8 41
42 9 58
42 10 58
42 11 59
42 12 52
42 13 60
42 14 55
42 15 66
42 16 55
42 17 61
42 18 40
42 19 50
42 20 37
42 21 48
42 22 53
42 23 34
42 24 55
42 25 47
42 26 46
42 27 58
42 28 52
42 29 52
42 30 32
42 31 46
42 32 44
42 33 67
42 34 58
42 35 53
42 36 53
42 37 47
42 38 50
42 39 60
42 40 65
42 41 37
42 42 99
42 43 65
42 44 62
42 45 45
42 46 58
42 47 61
42 48 55
42 49 44
42 50 48
43 0 51
43 1 66
43 2 62
43 3 40
43 4 65
43 5 57
43 6 51
43 7 35
43 8 31
43 9 50
43 10 49
43 11 56
43 12 53
43 13 60
43 14 62
43 15 62
43 16 61
43 17 58
43 18 44
43 19 56
43 20 37
43 21 44
43 22 44
43 23 32
43 24 59
43 25 46
43 26 45
43 27 55
43 28 59
43 29 45
43 30 44
43 31 35
43 32 50
43 33 64
43 34 58
43 35 60
43 36 58
43 37 51
43 38 52
43 39 54
43 40 59
43 41 39
43 42 65
43 43 99
43 44 63
43 45 47
43 46 54
43 47 59
43 48 49
43 49 42
43 50 52
44 0 58
44 1 65
44 2 96
44 3 42
44 4 40
44 5 64
44 6 60
44 7 44
44 8 46
44 9 56
44 10 53
44 11 55
44 12 57
44 13 66
44 14 57
44 15 57
44 16 44
44 17 55
44 18 55
44 19 55
44 20 42
44 21 51
44 22 42
44 23 27
44 24 61
44 25 42
44 26 49
44 27 54
44 28 51
44 29 39
44 30 39
44 31 33
44 32 52
44 33 68
44 34 63
44 35 58
44 36 54
44 37 57
44 38 53
44 39 57
44 40 53
44 41 32
44 42 62
44 43 63
44 44 100
44 45 48
44 46 53
44 47 59
44 48 49
44 49 42
44 50 44
45 0 44
45 1 39
45 2 42
45 3 92
45 4 27
45 5 46
45 6 32
45 7 40
45 8 34
45 9 50
45 10 15
45 11 51
45 12 41
45 13 36
45 14 44
45 15 45
45 16 32
45 17 44
45 18 34
45 19 35
45 20 39
45 21 43
45 22 25
45 23 31
45 24 35
45 25 45
45 26 27
45 27 50
45 28 38
45 29 37
45 30 31
45 31 26
45 32 41
45 33 52
45 34 38
45 35 37
45 36 37
45 37 34
45 38 28
45 39 27
45 40 30
45 41 32
45 42 45
45 43 47
45 44 48
45 45 100
45 46 41
45 47 40
45 48 43
45 49 44
45 50 36
46 0 54
46 1 57
46 2 54
46 3 36
46 4 41
46 5 56
46 6 52
46 7 43
46 8 28
46 9 48
46 10 46
46 11 50
46 12 62
46 13 54
46 14 48
46 15 58
46 16 39
46 17 56
46 18 48
46 19 49
46 20 39
46 21 51
46 22 49
46 23 22
46 24 56
46 25 31
46 26 46
46 27 51
46 28 50
46 29 41
46 30 34
46 31 48
46 32 49
46 33 64
46 34 49
46 35 56
46 36 46
46 37 51
46 38 46
46 39 58
46 40 45
46 41 29
46 42 58
46 43 54
46 44 53
46 45 41
46 46 99
46 47 67
46 48 64
46 49 41
46 50 52
47 0 51
47 1 51
47 2 59
47 3 35
47 4 44
47 5 57
47 6 55
47 7 41
47 8 25
47 9 38
47 10 53
47 11 48
47 12 64
47 13 50
47 14 48
47 15 61
47 16 48
47 17 50
47 18 40
47 19 43
47 20 33
47 21 48
47 22 42
47 23 19
47 24 51
47 25 37
47 26 38
47 27 55
47 28 52
47 29 46
47 30 33
47 31 42
47 32 48
47 33 70
47 34 59
47 35 47
47 36 45
47 37 47
47 38 45
47 39 50
47 40 54
47 41 35
47 42 61
47 43 59
47 44 59
47 45 40
47 46 67
47 47 100
47 48 57
47 49 42
47 50 43
48 0 56
48 1 53
48 2 49
48 3 36
48 4 36
48 5 56
48 6 48
48 7 43
48 8 27
48 9 56
48 10 44
48 11 51
48 12 50
48 13 52
48 14 46
48 15 57
48 16 43
48 17 57
48 18 46
48 19 43
48 20 33
48 21 47
48 22 49
48 23 32
48 24 58
48 25 36
48 26 39
48 27 57
48 28 49
48 29 40
48 30 34
48 31 45
48 32 51
48 33 58
48 34 46
48 35 57
48 36 46
48 37 53
48 38 52
48 39 56
48 40 49
48 41 28
48 42 55
48 43 49
48 44 49
48 45 43
48 46 64
48 47 57
48 48 99
48 49 50
48 50 45
49 0 48
49 1 38
49 2 42
49 3 40
49 4 31
49 5 47
49 6 41
49 7 57
49 8 25
49 9 62
49 10 24
49 11 51
49 12 35
49 13 38
49 14 33
49 15 49
49 16 28
49 17 35
49 18 39
49 19 23
49 20 22
49 21 42
49 22 21
49 23 23
49 24 37
49 25 44
49 26 24
49 27 43
49 28 29
49 29 32
49 30 21
49 31 29
49 32 44
49 33 45
49 34 38
49 35 31
49 36 41
49 37 36
49 38 46
49 39 26
49 40 39
49 41 19
49 42 44
49 43 42
49 44 42
49 45 44
49 46 41
49 47 42
49 48 50
49 49 100
49 50 29
50 0 41
50 1 42
50 2 44
50 3 28
50 4 37
50 5 45
50 6 43
50 7 23
50 8 25
50 9 40
50 10 36
50 11 43
50 12 48
50 13 40
50 14 43
50 15 48
50 16 34
50 17 45
50 18 32
50 19 39
50 20 36
50 21 34
50 22 40
50 23 24
50 24 49
50 25 41
50 26 32
50 27 52
50 28 44
50 29 27
50 30 42
50 31 46
50 32 42
50 33 49
50 34 43
50 35 51
50 36 50
50 37 37
50 38 43
50 39 48
50 40 34
50 41 29
50 42 48
50 43 52
50 44 44
50 45 36
50 46 52
50 47 43
50 48 45
50 49 29
50 50 100
