0 0 100
0 1 62
0 2 64
0 3 75
0 4 56
0 5 81
0 6 59
0 7 73
0 8 75
0 9 73
0 10 47
0 11 63
0 12 91
0 13 67
0 14 72
0 15 51
0 16 67
0 17 58
0 18 66
0 19 72
0 20 74
0 21 68
0 22 54
0 23 69
0 24 72
0 25 70
0 26 60
0 27 67
0 28 70
1 0 62
1 1 99
1 2 58
1 3 64
1 4 49
1 5 63
1 6 51
1 7 83
1 8 64
1 9 52
1 10 39
1 11 73
1 12 60
1 13 61
1 14 64
1 15 40
1 16 56
1 17 43
1 18 45
1 19 55
1 20 58
1 21 68
1 22 75
1 23 53
1 24 58
1 25 62
1 26 49
1 27 56
1 28 66
2 0 64
2 1 58
2 2 99
2 3 59
2 4 45
2 5 58
2 6 41
2 7 60
2 8 81
2 9 56
2 10 35
2 11 51
2 12 68
2 13 57
2 14 51
2 15 28
2 16 46
2 17 40
2 18 63
2 19 40
2 20 69
2 21 53
2 22 56
2 23 71
2 24 48
2 25 66
2 26 31
2 27 42
2 28 58
3 0 75
3 1 64
3 2 59
3 3 100
3 4 57
3 5 75
3 6 66
3 7 70
3 8 78
3 9 68
3 10 46
3 11 69
3 12 70
3 13 73
3 14 90
3 15 47
3 16 73
3 17 60
3 18 48
3 19 76
3 20 72
3 21 69
3 22 57
3 23 62
3 24 68
3 25 74
3 26 63
3 27 64
3 28 74
4 0 56
4 1 49
4 2 45
4 3 57
4 4 99
4 5 57
4 6 64
4 7 60
4 8 60
4 9 51
4 10 35
4 11 58
4 12 55
4 13 46
4 14 50
4 15 35
4 16 56
4 17 48
4 18 42
4 19 50
4 20 53
4 21 56
4 22 43
4 23 53
4 24 53
4 25 79
4 26 55
4 27 66
4 28 60
5 0 81
5 1 63
5 2 58
5 3 75
5 4 57
5 5 99
5 6 57
5 7 72
5 8 74
5 9 72
5 10 41
5 11 64
5 12 77
5 13 70
5 14 72
5 15 42
5 16 66
5 17 61
5 18 57
5 19 71
5 20 65
5 21 67
5 22 54
5 23 62
5 24 69
5 25 67
5 26 55
5 27 66
5 28 67
6 0 59
6 1 51
6 2 41
6 3 66
6 4 64
6 5 57
6 6 99
6 7 65
6 8 63
6 9 53
6 10 39
6 11 67
6 12 55
6 13 56
6 14 58
6 15 45
6 16 64
6 17 59
6 18 37
6 19 60
6 20 52
6 21 66
6 22 53
6 23 50
6 24 57
6 25 65
6 26 55
6 27 62
6 28 60
7 0 73
7 1 83
7 2 60
7 3 70
7 4 60
7 5 72
7 6 65
7 7 100
7 8 72
7 9 69
7 10 36
7 11 77
7 12 68
7 13 69
7 14 65
7 15 39
7 16 66
7 17 56
7 18 52
7 19 65
7 20 64
7 21 76
7 22 77
7 23 66
7 24 64
7 25 72
7 26 47
7 27 64
7 28 73
8 0 75
8 1 64
8 2 81
8 3 78
8 4 60
8 5 74
8 6 63
8 7 72
8 8 99
8 9 71
8 10 46
8 11 68
8 12 76
8 13 73
8 14 72
8 15 48
8 16 69
8 17 59
8 18 61
8 19 64
8 20 73
8 21 72
8 22 59
8 23 72
8 24 69
8 25 77
8 26 53
8 27 64
8 28 71
9 0 73
9 1 52
9 2 56
9 3 68
9 4 51
9 5 72
9 6 53
9 7 69
9 8 71
9 9 100
9 10 32
9 11 61
9 12 64
9 13 60
9 14 61
9 15 34
9 16 61
9 17 56
9 18 50
9 19 60
9 20 58
9 21 60
9 22 55
9 23 66
9 24 60
9 25 67
9 26 46
9 27 57
9 28 65
10 0 47
10 1 39
10 2 35
10 3 46
10 4 35
10 5 41
10 6 39
10 7 36
10 8 46
10 9 32
10 10 100
10 11 44
10 12 53
10 13 42
10 14 46
10 15 53
10 16 40
10 17 36
10 18 36
10 19 46
10 20 47
10 21 40
10 22 31
10 23 36
10 24 39
10 25 42
10 26 47
10 27 45
10 28 52
11 0 63
11 1 73
11 2 51
11 3 69
11 4 58
11 5 64
11 6 67
11 7 77
11 8 68
11 9 61
11 10 44
11 11 100
11 12 60
11 13 59
11 14 60
11 15 43
11 16 67
11 17 54
11 18 45
11 19 60
11 20 58
11 21 85
11 22 67
11 23 57
11 24 63
11 25 69
11 26 51
11 27 66
11 28 70
12 0 91
12 1 60
12 2 68
12 3 70
12 4 55
12 5 77
12 6 55
12 7 68
12 8 76
12 9 64
12 10 53
12 11 60
12 12 100
12 13 71
12 14 70
12 15 54
12 16 65
12 17 54
12 18 74
12 19 72
12 20 76
12 21 66
12 22 55
12 23 65
12 24 66
12 25 70
12 26 57
12 27 67
12 28 65
13 0 67
13 1 61
13 2 57
13 3 73
13 4 46
13 5 70
13 6 56
13 7 69
13 8 73
13 9 60
13 10 42
13 11 59
13 12 71
13 13 100
13 14 72
13 15 47
13 16 60
13 17 57
13 18 45
13 19 72
13 20 58
13 21 62
13 22 54
13 23 63
13 24 60
13 25 59
13 26 50
13 27 61
13 28 60
14 0 72
14 1 64
14 2 51
14 3 90
14 4 50
14 5 72
14 6 58
14 7 65
14 8 72
14 9 61
14 10 46
14 11 60
14 12 70
14 13 72
14 14 100
14 15 54
14 16 66
14 17 53
14 18 43
14 19 69
14 20 66
14 21 61
14 22 52
14 23 49
14 24 68
14 25 67
14 26 64
14 27 63
14 28 68
15 0 51
15 1 40
15 2 28
15 3 47
15 4 35
15 5 42
15 6 45
15 7 39
15 8 48
15 9 34
15 10 53
15 11 43
15 12 54
15 13 47
15 14 54
15 15 100
15 16 50
15 17 44
15 18 25
15 19 51
15 20 34
15 21 50
15 22 24
15 23 29
15 24 53
15 25 37
15 26 58
15 27 50
15 28 42
16 0 67
16 1 56
16 2 46
16 3 73
16 4 56
16 5 66
16 6 64
16 7 66
16 8 69
16 9 61
16 10 40
16 11 67
16 12 65
16 13 60
16 14 66
16 15 50
16 16 100
16 17 57
16 18 38
16 19 64
16 20 58
16 21 74
16 22 52
16 23 49
16 24 71
16 25 65
16 26 65
16 27 64
16 28 61
17 0 58
17 1 43
17 2 40
17 3 60
17 4 48
17 5 61
17 6 59
17 7 56
17 8 59
17 9 56
17 10 36
17 11 54
17 12 54
17 13 57
17 14 53
17 15 44
17 16 57
17 17 99
17 18 39
17 19 66
17 20 45
17 21 59
17 22 52
17 23 46
17 24 52
17 25 57
17 26 50
17 27 47
17 28 54
18 0 66
18 1 45
18 2 63
18 3 48
18 4 42
18 5 57
18 6 37
18 7 52
18 8 61
18 9 50
18 10 36
18 11 45
18 12 74
18 13 45
18 14 43
18 15 25
18 16 38
18 17 39
18 18 100
18 19 44
18 20 68
18 21 46
18 22 46
18 23 57
18 24 38
18 25 63
18 26 28
18 27 41
18 28 54
19 0 72
19 1 55
19 2 40
19 3 76
19 4 50
19 5 71
19 6 60
19 7 65
19 8 64
19 9 60
19 10 46
19 11 60
19 12 72
19 13 72
19 14 69
19 15 51
19 16 64
19 17 66
19 18 44
19 19 99
19 20 59
19 21 64
19 22 51
19 23 51
19 24 65
19 25 61
19 26 60
19 27 62
19 28 64
20 0 74
20 1 58
20 2 69
20 3 72
20 4 53
20 5 65
20 6 52
20 7 64
20 8 73
20 9 58
20 10 47
20 11 58
20 12 76
20 13 58
20 14 66
20 15 34
20 16 58
20 17 45
20 18 68
20 19 59
20 20 100
20 21 57
20 22 54
20 23 58
20 24 60
20 25 74
20 26 48
20 27 53
20 28 69
21 0 68
21 1 68
21 2 53
21 3 69
21 4 56
21 5 67
21 6 66
21 7 76
21 8 72
21 9 60
21 10 40
21 11 85
21 12 66
21 13 62
21 14 61
21 15 50
21 16 74
21 17 59
21 18 46
21 19 64
21 20 57
21 21 100
21 22 62
21 23 58
21 24 66
21 25 66
21 26 57
21 27 67
21 28 66
22 0 54
22 1 75
22 2 56
22 3 57
22 4 43
22 5 54
22 6 53
22 7 77
22 8 59
22 9 55
22 10 31
22 11 67
22 12 55
22 13 54
22 14 52
22 15 24
22 16 52
22 17 52
22 18 46
22 19 51
22 20 54
22 21 62
22 22 99
22 23 50
22 24 51
22 25 61
22 26 31
22 27 40
22 28 58
23 0 69
23 1 53
23 2 71
23 3 62
23 4 53
23 5 62
23 6 50
23 7 66
23 8 72
23 9 66
23 10 36
23 11 57
23 12 65
23 13 63
23 14 49
23 15 29
23 16 49
23 17 46
23 18 57
23 19 51
23 20 58
23 21 58
23 22 50
23 23 100
23 24 48
23 25 67
23 26 32
23 27 49
23 28 57
24 0 72
24 1 58
24 2 48
24 3 68
24 4 53
24 5 69
24 6 57
24 7 64
24 8 69
24 9 60
24 10 39
24 11 63
24 12 66
24 13 60
24 14 68
24 15 53
24 16 71
24 17 52
24 18 38
24 19 65
24 20 60
24 21 66
24 22 51
24 23 48
24 24 99
24 25 62
24 26 67
24 27 63
24 28 62
25 0 70
25 1 62
25 2 66
25 3 74
25 4 79
25 5 67
25 6 65
25 7 72
25 8 77
25 9 67
25 10 42
25 11 69
25 12 70
25 13 59
25 14 67
25 15 37
25 16 65
25 17 57
25 18 63
25 19 61
25 20 74
25 21 66
25 22 61
25 23 67
25 24 62
25 25 100
25 26 53
25 27 64
25 28 75
26 0 60
26 1 49
26 2 31
26 3 63
26 4 55
26 5 55
26 6 55
26 7 47
26 8 53
26 9 46
26 10 47
26 11 51
26 12 57
26 13 50
26 14 64
26 15 58
26 16 65
26 17 50
26 18 28
26 19 60
26 20 48
26 21 57
26 22 31
26 23 32
26 24 67
26 25 53
26 26 100
26 27 66
26 28 59
27 0 67
27 1 56
27 2 42
27 3 64
27 4 66
27 5 66
27 6 62
27 7 64
27 8 64
27 9 57
27 10 45
27 11 66
27 12 67
27 13 61
27 14 63
27 15 50
27 16 64
27 17 47
27 18 41
27 19 62
27 20 53
27 21 67
27 22 40
27 23 49
27 24 63
27 25 64
27 26 66
27 27 99
27 28 71
28 0 70
28 1 66
28 2 58
28 3 74
28 4 60
28 5 67
28 6 60
28 7 73
28 8 71
28 9 65
28 10 52
28 11 70
28 12 65
28 13 60
28 14 68
28 15 42
28 16 61
28 17 54
28 18 54
28 19 64
28 20 69
28 21 66
28 22 58
28 23 57
28 24 62
28 25 75
28 26 59
28 27 71
28 28 99
