0 0 100
0 1 39
0 2 42
0 3 24
0 4 38
0 5 39
0 6 44
0 7 53
0 8 83
0 9 46
0 10 46
0 11 45
0 12 49
0 13 42
0 14 42
0 15 41
0 16 33
0 17 48
0 18 57
0 19 45
0 20 45
0 21 56
0 22 44
0 23 34
0 24 42
0 25 35
0 26 43
0 27 33
0 28 42
0 29 55
0 30 43
0 31 29
0 32 39
0 33 33
0 34 38
0 35 26
0 36 32
0 37 16
0 38 46
0 39 38
0 40 51
1 0 39
1 1 100
1 2 38
1 3 39
1 4 35
1 5 31
1 6 44
1 7 39
1 8 37
1 9 48
1 10 46
1 11 60
1 12 63
1 13 38
1 14 35
1 15 38
1 16 33
1 17 42
1 18 56
1 19 41
1 20 40
1 21 46
1 22 39
1 23 28
1 24 41
1 25 45
1 26 46
1 27 37
1 28 43
1 29 44
1 30 36
1 31 35
1 32 29
1 33 39
1 34 25
1 35 29
1 36 24
1 37 14
1 38 37
1 39 27
1 40 33
2 0 42
2 1 38
2 2 100
2 3 49
2 4 35
2 5 39
2 6 46
2 7 53
2 8 38
2 9 50
2 10 39
2 11 59
2 12 55
2 13 100
2 14 53
2 15 49
2 16 37
2 17 42
2 18 55
2 19 46
2 20 47
2 21 73
2 22 58
2 23 26
2 24 32
2 25 57
2 26 33
2 27 51
2 28 53
2 29 42
2 30 54
2 31 37
2 32 51
2 33 61
2 34 48
2 35 52
2 36 44
2 37 20
2 38 54
2 39 33
2 40 51
3 0 24
3 1 39
3 2 49
3 3 99
3 4 49
3 5 46
3 6 39
3 7 35
3 8 25
3 9 60
3 10 24
3 11 52
3 12 37
3 13 49
3 14 34
3 15 39
3 16 27
3 17 38
3 18 42
3 19 43
3 20 33
3 21 43
3 22 87
3 23 41
3 24 39
3 25 57
3 26 34
3 27 63
3 28 43
3 29 37
3 30 46
3 31 50
3 32 25
3 33 46
3 34 26
3 35 28
3 36 23
3 37 20
3 38 36
3 39 28
3 40 38
4 0 38
4 1 35
4 2 35
4 3 49
4 4 99
4 5 40
4 6 35
4 7 43
4 8 37
4 9 60
4 10 27
4 11 55
4 12 29
4 13 35
4 14 31
4 15 33
4 16 36
4 17 48
4 18 51
4 19 56
4 20 35
4 21 42
4 22 45
4 23 94
4 24 50
4 25 62
4 26 34
4 27 57
4 28 47
4 29 38
4 30 47
4 31 52
4 32 23
4 33 43
4 34 26
4 35 33
4 36 21
4 37 26
4 38 42
4 39 37
4 40 49
5 0 39
5 1 31
5 2 39
5 3 46
5 4 40
5 5 100
5 6 41
5 7 43
5 8 41
5 9 46
5 10 41
5 11 49
5 12 35
5 13 39
5 14 42
5 15 39
5 16 34
5 17 43
5 18 43
5 19 41
5 20 51
5 21 47
5 22 48
5 23 35
5 24 32
5 25 41
5 26 64
5 27 53
5 28 33
5 29 41
5 30 53
5 31 34
5 32 37
5 33 43
5 34 50
5 35 29
5 36 38
5 37 9
5 38 48
5 39 36
5 40 42
6 0 44
6 1 44
6 2 46
6 3 39
6 4 35
6 5 41
6 6 99
6 7 51
6 8 45
6 9 52
6 10 44
6 11 52
6 12 47
6 13 46
6 14 44
6 15 42
6 16 51
6 17 35
6 18 78
6 19 52
6 20 42
6 21 50
6 22 44
6 23 26
6 24 52
6 25 38
6 26 36
6 27 46
6 28 45
6 29 52
6 30 47
6 31 39
6 32 32
6 33 41
6 34 36
6 35 35
6 36 31
6 37 21
6 38 48
6 39 31
6 40 42
7 0 53
7 1 39
7 2 53
7 3 35
7 4 43
7 5 43
7 6 51
7 7 99
7 8 52
7 9 56
7 10 45
7 11 55
7 12 47
7 13 53
7 14 64
7 15 44
7 16 49
7 17 42
7 18 54
7 19 46
7 20 53
7 21 59
7 22 45
7 23 34
7 24 35
7 25 43
7 26 39
7 27 48
7 28 45
7 29 51
7 30 49
7 31 40
7 32 42
7 33 56
7 34 52
7 35 41
7 36 48
7 37 23
7 38 57
7 39 41
7 40 43
8 0 83
8 1 37
8 2 38
8 3 25
8 4 37
8 5 41
8 6 45
8 7 52
8 8 100
8 9 43
8 10 59
8 11 40
8 12 42
8 13 38
8 14 41
8 15 46
8 16 35
8 17 48
8 18 57
8 19 47
8 20 45
8 21 50
8 22 41
8 23 33
8 24 48
8 25 36
8 26 39
8 27 35
8 28 38
8 29 54
8 30 43
8 31 30
8 32 39
8 33 33
8 34 41
8 35 25
8 36 37
8 37 17
8 38 47
8 39 35
8 40 46
9 0 46
9 1 48
9 2 50
9 3 60
9 4 60
9 5 46
9 6 52
9 7 56
9 8 43
9 9 99
9 10 39
9 11 60
9 12 55
9 13 50
9 14 45
9 15 45
9 16 43
9 17 43
9 18 52
9 19 60
9 20 44
9 21 51
9 22 65
9 23 53
9 24 51
9 25 51
9 26 42
9 27 62
9 28 53
9 29 59
9 30 52
9 31 45
9 32 35
9 33 45
9 34 39
9 35 37
9 36 30
9 37 29
9 38 51
9 39 34
9 40 51
10 0 46
10 1 46
10 2 39
10 3 24
10 4 27
10 5 41
10 6 44
10 7 45
10 8 59
10 9 39
10 10 100
10 11 41
10 12 51
10 13 39
10 14 33
10 15 53
10 16 44
10 17 37
10 18 46
10 19 40
10 20 46
10 21 49
10 22 30
10 23 22
10 24 49
10 25 36
10 26 35
10 27 34
10 28 39
10 29 45
10 30 44
10 31 25
10 32 46
10 33 40
10 34 37
10 35 20
10 36 36
10 37 13
10 38 62
10 39 36
10 40 36
11 0 45
11 1 60
11 2 59
11 3 52
11 4 55
11 5 49
11 6 52
11 7 55
11 8 40
11 9 60
11 10 41
11 11 99
11 12 54
11 13 59
11 14 49
11 15 43
11 16 42
11 17 51
11 18 67
11 19 60
11 20 52
11 21 61
11 22 52
11 23 47
11 24 42
11 25 60
11 26 46
11 27 54
11 28 67
11 29 57
11 30 63
11 31 39
11 32 37
11 33 59
11 34 39
11 35 45
11 36 28
11 37 25
11 38 49
11 39 36
11 40 43
12 0 49
12 1 63
12 2 55
12 3 37
12 4 29
12 5 35
12 6 47
12 7 47
12 8 42
12 9 55
12 10 51
12 11 54
12 12 99
12 13 55
12 14 39
12 15 53
12 16 42
12 17 36
12 18 51
12 19 44
12 20 46
12 21 52
12 22 48
12 23 21
12 24 40
12 25 40
12 26 52
12 27 36
12 28 54
12 29 57
12 30 46
12 31 32
12 32 43
12 33 44
12 34 36
12 35 33
12 36 40
12 37 14
12 38 49
12 39 29
12 40 42
13 0 42
13 1 38
13 2 100
13 3 49
13 4 35
13 5 39
13 6 46
13 7 53
13 8 38
13 9 50
13 10 39
13 11 59
13 12 55
13 13 100
13 14 53
13 15 49
13 16 37
13 17 42
13 18 55
13 19 46
13 20 47
13 21 73
13 22 58
13 23 26
13 24 32
13 25 57
13 26 33
13 27 51
13 28 53
13 29 42
13 30 54
13 31 37
13 32 51
13 33 61
13 34 48
13 35 52
13 36 44
13 37 20
13 38 54
13 39 33
13 40 51
14 0 42
14 1 35
14 2 53
14 3 34
14 4 31
14 5 42
14 6 44
14 7 64
14 8 41
14 9 45
14 10 33
14 11 49
14 12 39
14 13 53
14 14 99
14 15 37
14 16 39
14 17 43
14 18 44
14 19 35
14 20 41
14 21 54
14 22 49
14 23 22
14 24 21
14 25 37
14 26 29
14 27 40
14 28 32
14 29 41
14 30 46
14 31 42
14 32 45
14 33 60
14 34 70
14 35 39
14 36 61
14 37 32
14 38 51
14 39 27
14 40 43
15 0 41
15 1 38
15 2 49
15 3 39
15 4 33
15 5 39
15 6 42
15 7 44
15 8 46
15 9 45
15 10 53
15 11 43
15 12 53
15 13 49
15 14 37
15 15 99
15 16 48
15 17 36
15 18 45
15 19 42
15 20 40
15 21 48
15 22 47
15 23 27
15 24 40
15 25 45
15 26 49
15 27 43
15 28 38
15 29 43
15 30 49
15 31 36
15 32 42
15 33 44
15 34 33
15 35 41
15 36 34
15 37 17
15 38 51
15 39 36
15 40 41
16 0 33
16 1 33
16 2 37
16 3 27
16 4 36
16 5 34
16 6 51
16 7 49
16 8 35
16 9 43
16 10 44
16 11 42
16 12 42
16 13 37
16 14 39
16 15 48
16 16 99
16 17 35
16 18 46
16 19 38
16 20 34
16 21 40
16 22 30
16 23 30
16 24 33
16 25 32
16 26 40
16 27 32
16 28 39
16 29 33
16 30 40
16 31 31
16 32 30
16 33 39
16 34 29
16 35 35
16 36 29
16 37 15
16 38 46
16 39 24
16 40 41
17 0 48
17 1 42
17 2 42
17 3 38
17 4 48
17 5 43
17 6 35
17 7 42
17 8 48
17 9 43
17 10 37
17 11 51
17 12 36
17 13 42
17 14 43
17 15 36
17 16 35
17 17 100
17 18 53
17 19 51
17 20 33
17 21 47
17 22 37
17 23 42
17 24 33
17 25 53
17 26 42
17 27 39
17 28 38
17 29 37
17 30 48
17 31 40
17 32 32
17 33 45
17 34 39
17 35 22
17 36 35
17 37 13
17 38 39
17 39 45
17 40 56
18 0 57
18 1 56
18 2 55
18 3 42
18 4 51
18 5 43
18 6 78
18 7 54
18 8 57
18 9 52
18 10 46
18 11 67
18 12 51
18 13 55
18 14 44
18 15 45
18 16 46
18 17 53
18 18 99
18 19 63
18 20 49
18 21 59
18 22 47
18 23 45
18 24 56
18 25 59
18 26 41
18 27 46
18 28 60
18 29 61
18 30 56
18 31 42
18 32 37
18 33 48
18 34 34
18 35 41
18 36 31
18 37 18
18 38 54
18 39 41
18 40 52
19 0 45
19 1 41
19 2 46
19 3 43
19 4 56
19 5 41
19 6 52
19 7 46
19 8 47
19 9 60
19 10 40
19 11 60
19 12 44
19 13 46
19 14 35
19 15 42
19 16 38
19 17 51
19 18 63
19 19 100
19 20 47
19 21 49
19 22 46
19 23 51
19 24 62
19 25 49
19 26 39
19 27 49
19 28 61
19 29 49
19 30 52
19 31 43
19 32 33
19 33 36
19 34 30
19 35 37
19 36 23
19 37 14
19 38 47
19 39 36
19 40 52
20 0 45
20 1 40
20 2 47
20 3 33
20 4 35
20 5 51
20 6 42
20 7 53
20 8 45
20 9 44
20 10 46
20 11 52
20 12 46
20 13 47
20 14 41
20 15 40
20 16 34
20 17 33
20 18 49
20 19 47
20 20 99
20 21 48
20 22 34
20 23 30
20 24 34
20 25 45
20 26 46
20 27 43
20 28 45
20 29 52
20 30 45
20 31 31
20 32 35
20 33 44
20 34 46
20 35 33
20 36 43
20 37 10
20 38 60
20 39 36
20 40 35
21 0 56
21 1 46
21 2 73
21 3 43
21 4 42
21 5 47
21 6 50
21 7 59
21 8 50
21 9 51
21 10 49
21 11 61
21 12 52
21 13 73
21 14 54
21 15 48
21 16 40
21 17 47
21 18 59
21 19 49
21 20 48
21 21 100
21 22 54
21 23 30
21 24 33
21 25 50
21 26 37
21 27 55
21 28 51
21 29 45
21 30 63
21 31 45
21 32 59
21 33 59
21 34 47
21 35 46
21 36 46
21 37 17
21 38 53
21 39 37
21 40 52
22 0 44
22 1 39
22 2 58
22 3 87
22 4 45
22 5 48
22 6 44
22 7 45
22 8 41
22 9 65
22 10 30
22 11 52
22 12 48
22 13 58
22 14 49
22 15 47
22 16 30
22 17 37
22 18 47
22 19 46
22 20 34
22 21 54
22 22 99
22 23 37
22 24 36
22 25 53
22 26 36
22 27 61
22 28 47
22 29 48
22 30 51
22 31 48
22 32 43
22 33 48
22 34 36
22 35 39
22 36 33
22 37 24
22 38 40
22 39 31
22 40 48
23 0 34
23 1 28
23 2 26
23 3 41
23 4 94
23 5 35
23 6 26
23 7 34
23 8 33
23 9 53
23 10 22
23 11 47
23 12 21
23 13 26
23 14 22
23 15 27
23 16 30
23 17 42
23 18 45
23 19 51
23 20 30
23 21 30
23 22 37
23 23 100
23 24 47
23 25 52
23 26 28
23 27 47
23 28 40
23 29 34
23 30 39
23 31 40
23 32 16
23 33 29
23 34 19
23 35 25
23 36 12
23 37 25
23 38 38
23 39 32
23 40 42
24 0 42
24 1 41
24 2 32
24 3 39
24 4 50
24 5 32
24 6 52
24 7 35
24 8 48
24 9 51
24 10 49
24 11 42
24 12 40
24 13 32
24 14 21
24 15 40
24 16 33
24 17 33
24 18 56
24 19 62
24 20 34
24 21 33
24 22 36
24 23 47
24 24 100
24 25 46
24 26 31
24 27 52
24 28 54
24 29 46
24 30 43
24 31 34
24 32 17
24 33 28
24 34 23
24 35 26
24 36 14
24 37 12
24 38 46
24 39 29
24 40 37
25 0 35
25 1 45
25 2 57
25 3 57
25 4 62
25 5 41
25 6 38
25 7 43
25 8 36
25 9 51
25 10 36
25 11 60
25 12 40
25 13 57
25 14 37
25 15 45
25 16 32
25 17 53
25 18 59
25 19 49
25 20 45
25 21 50
25 22 53
25 23 52
25 24 46
25 25 100
25 26 36
25 27 61
25 28 52
25 29 36
25 30 57
25 31 51
25 32 34
25 33 55
25 34 30
25 35 43
25 36 31
25 37 19
25 38 51
25 39 44
25 40 50
26 0 43
26 1 46
26 2 33
26 3 34
26 4 34
26 5 64
26 6 36
26 7 39
26 8 39
26 9 42
26 10 35
26 11 46
26 12 52
26 13 33
26 14 29
26 15 49
26 16 40
26 17 42
26 18 41
26 19 39
26 20 46
26 21 37
26 22 36
26 23 28
26 24 31
26 25 36
26 26 100
26 27 35
26 28 40
26 29 42
26 30 42
26 31 28
26 32 27
26 33 32
26 34 31
26 35 24
26 36 33
26 37 6
26 38 41
26 39 35
26 40 38
27 0 33
27 1 37
27 2 51
27 3 63
27 4 57
27 5 53
27 6 46
27 7 48
27 8 35
27 9 62
27 10 34
27 11 54
27 12 36
27 13 51
27 14 40
27 15 43
27 16 32
27 17 39
27 18 46
27 19 49
27 20 43
27 21 55
27 22 61
27 23 47
27 24 52
27 25 61
27 26 35
27 27 100
27 28 44
27 29 38
27 30 57
27 31 44
27 32 38
27 33 50
27 34 34
27 35 39
27 36 28
27 37 22
27 38 41
27 39 37
27 40 41
28 0 42
28 1 43
28 2 53
28 3 43
28 4 47
28 5 33
28 6 45
28 7 45
28 8 38
28 9 53
28 10 39
28 11 67
28 12 54
28 13 53
28 14 32
28 15 38
28 16 39
28 17 38
28 18 60
28 19 61
28 20 45
28 21 51
28 22 47
28 23 40
28 24 54
28 25 52
28 26 40
28 27 44
28 28 100
28 29 52
28 30 48
28 31 36
28 32 34
28 33 43
28 34 29
28 35 44
28 36 27
28 37 18
28 38 44
28 39 30
28 40 39
29 0 55
29 1 44
29 2 42
29 3 37
29 4 38
29 5 41
29 6 52
29 7 51
29 8 54
29 9 59
29 10 45
29 11 57
29 12 57
29 13 42
29 14 41
29 15 43
29 16 33
29 17 37
29 18 61
29 19 49
29 20 52
29 21 45
29 22 48
29 23 34
29 24 46
29 25 36
29 26 42
29 27 38
29 28 52
29 29 99
29 30 48
29 31 30
29 32 37
29 33 39
29 34 41
29 35 34
29 36 33
29 37 21
29 38 49
29 39 31
29 40 39
30 0 43
30 1 36
30 2 54
30 3 46
30 4 47
30 5 53
30 6 47
30 7 49
30 8 43
30 9 52
30 10 44
30 11 63
30 12 46
30 13 54
30 14 46
30 15 49
30 16 40
30 17 48
30 18 56
30 19 52
30 20 45
30 21 63
30 22 51
30 23 39
30 24 43
30 25 57
30 26 42
30 27 57
30 28 48
30 29 48
30 30 100
30 31 50
30 32 43
30 33 53
30 34 38
30 35 44
30 36 35
30 37 15
30 38 52
30 39 34
30 40 54
31 0 29
31 1 35
31 2 37
31 3 50
31 4 52
31 5 34
31 6 39
31 7 40
31 8 30
31 9 45
31 10 25
31 11 39
31 12 32
31 13 37
31 14 42
31 15 36
31 16 31
31 17 40
31 18 42
31 19 43
31 20 31
31 21 45
31 22 48
31 23 40
31 24 34
31 25 51
31 26 28
31 27 44
31 28 36
31 29 30
31 30 50
31 31 100
31 32 22
31 33 45
31 34 37
31 35 26
31 36 31
31 37 18
31 38 36
31 39 21
31 40 43
32 0 39
32 1 29
32 2 51
32 3 25
32 4 23
32 5 37
32 6 32
32 7 42
32 8 39
32 9 35
32 10 46
32 11 37
32 12 43
32 13 51
32 14 45
32 15 42
32 16 30
32 17 32
32 18 37
32 19 33
32 20 35
32 21 59
32 22 43
32 23 16
32 24 17
32 25 34
32 26 27
32 27 38
32 28 34
32 29 37
32 30 43
32 31 22
32 32 100
32 33 47
32 34 38
32 35 30
32 36 44
32 37 23
32 38 45
32 39 30
32 40 47
33 0 33
33 1 39
33 2 61
33 3 46
33 4 43
33 5 43
33 6 41
33 7 56
33 8 33
33 9 45
33 10 40
33 11 59
33 12 44
33 13 61
33 14 60
33 15 44
33 16 39
33 17 45
33 18 48
33 19 36
33 20 44
33 21 59
33 22 48
33 23 29
33 24 28
33 25 55
33 26 32
33 27 50
33 28 43
33 29 39
33 30 53
33 31 45
33 32 47
33 33 99
33 34 55
33 35 41
33 36 54
33 37 21
33 38 55
33 39 34
33 40 47
34 0 38
34 1 25
34 2 48
34 3 26
34 4 26
34 5 50
34 6 36
34 7 52
34 8 41
34 9 39
34 10 37
34 11 39
34 12 36
34 13 48
34 14 70
34 15 33
34 16 29
34 17 39
34 18 34
34 19 30
34 20 46
34 21 47
34 22 36
34 23 19
34 24 23
34 25 30
34 26 31
34 27 34
34 28 29
34 29 41
34 30 38
34 31 37
34 32 38
34 33 55
34 34 99
34 35 30
34 36 63
34 37 25
34 38 52
34 39 22
34 40 41
35 0 26
35 1 29
35 2 52
35 3 28
35 4 33
35 5 29
35 6 35
35 7 41
35 8 25
35 9 37
35 10 20
35 11 45
35 12 33
35 13 52
35 14 39
35 15 41
35 16 35
35 17 22
35 18 41
35 19 37
35 20 33
35 21 46
35 22 39
35 23 25
35 24 26
35 25 43
35 26 24
35 27 39
35 28 44
35 29 34
35 30 44
35 31 26
35 32 30
35 33 41
35 34 30
35 35 100
35 36 29
35 37 16
35 38 36
35 39 19
35 40 26
36 0 32
36 1 24
36 2 44
36 3 23
36 4 21
36 5 38
36 6 31
36 7 48
36 8 37
36 9 30
36 10 36
36 11 28
36 12 40
36 13 44
36 14 61
36 15 34
36 16 29
36 17 35
36 18 31
36 19 23
36 20 43
36 21 46
36 22 33
36 23 12
36 24 14
36 25 31
36 26 33
36 27 28
36 28 27
36 29 33
36 30 35
36 31 31
36 32 44
36 33 54
36 34 63
36 35 29
36 36 99
36 37 24
36 38 48
36 39 26
36 40 38
37 0 16
37 1 14
37 2 20
37 3 20
37 4 26
37 5 9
37 6 21
37 7 23
37 8 17
37 9 29
37 10 13
37 11 25
37 12 14
37 13 20
37 14 32
37 15 17
37 16 15
37 17 13
37 18 18
37 19 14
37 20 10
37 21 17
37 22 24
37 23 25
37 24 12
37 25 19
37 26 6
37 27 22
37 28 18
37 29 21
37 30 15
37 31 18
37 32 23
37 33 21
37 34 25
37 35 16
37 36 24
37 37 99
37 38 20
37 39 19
37 40 22
38 0 46
38 1 37
38 2 54
38 3 36
38 4 42
38 5 48
38 6 48
38 7 57
38 8 47
38 9 51
38 10 62
38 11 49
38 12 49
38 13 54
38 14 51
38 15 51
38 16 46
38 17 39
38 18 54
38 19 47
38 20 60
38 21 53
38 22 40
38 23 38
38 24 46
38 25 51
38 26 41
38 27 41
38 28 44
38 29 49
38 30 52
38 31 36
38 32 45
38 33 55
38 34 52
38 35 36
38 36 48
38 37 20
38 38 99
38 39 45
38 40 51
39 0 38
39 1 27
39 2 33
39 3 28
39 4 37
39 5 36
39 6 31
39 7 41
39 8 35
39 9 34
39 10 36
39 11 36
39 12 29
39 13 33
39 14 27
39 15 36
39 16 24
39 17 45
39 18 41
39 19 36
39 20 36
39 21 37
39 22 31
39 23 32
39 24 29
39 25 44
39 26 35
39 27 37
39 28 30
39 29 31
39 30 34
39 31 21
39 32 30
39 33 34
39 34 22
39 35 19
39 36 26
39 37 19
39 38 45
39 39 99
39 40 40
40 0 51
40 1 33
40 2 51
40 3 38
40 4 49
40 5 42
40 6 42
40 7 43
40 8 46
40 9 51
40 10 36
40 11 43
40 12 42
40 13 51
40 14 43
40 15 41
40 16 41
40 17 56
40 18 52
40 19 52
40 20 35
40 21 52
40 22 48
40 23 42
40 24 37
40 25 50
40 26 38
40 27 41
40 28 39
40 29 39
40 30 54
40 31 43
40 32 47
40 33 47
40 34 41
40 35 26
40 36 38
40 37 22
40 38 51
40 39 40
40 40 100
