0 0 100
0 1 38
0 2 48
0 3 45
0 4 66
0 5 44
0 6 36
0 7 49
0 8 48
0 9 55
0 10 40
0 11 25
0 12 64
0 13 39
0 14 23
0 15 21
0 16 26
0 17 45
0 18 76
0 19 52
0 20 42
0 21 54
0 22 84
0 23 50
0 24 32
0 25 22
0 26 64
0 27 22
0 28 30
0 29 68
0 30 70
0 31 48
0 32 58
0 33 62
0 34 45
0 35 58
0 36 22
0 37 58
0 38 48
0 39 56
0 40 22
0 41 47
0 42 24
0 43 52
0 44 56
0 45 41
0 46 25
0 47 38
0 48 59
0 49 37
0 50 59
0 51 55
0 52 40
0 53 31
0 54 22
0 55 40
0 56 24
0 57 31
0 58 38
0 59 23
0 60 52
0 61 49
0 62 46
0 63 25
0 64 24
0 65 40
0 66 33
0 67 42
0 68 43
0 69 47
0 70 68
0 71 38
0 72 52
0 73 55
0 74 39
0 75 52
0 76 33
1 0 38
1 1 100
1 2 77
1 3 63
1 4 36
1 5 38
1 6 39
1 7 61
1 8 52
1 9 65
1 10 67
1 11 46
1 12 44
1 13 61
1 14 32
1 15 29
1 16 53
1 17 12
1 18 43
1 19 38
1 20 58
1 21 55
1 22 48
1 23 56
1 24 55
1 25 2
1 26 45
1 27 1
1 28 66
1 29 61
1 30 61
1 31 38
1 32 67
1 33 48
1 34 50
1 35 57
1 36 2
1 37 47
1 38 60
1 39 62
1 40 1
1 41 53
1 42 2
1 43 64
1 44 63
1 45 39
1 46 14
1 47 66
1 48 56
1 49 51
1 50 60
1 51 63
1 52 53
1 53 53
1 54 57
1 55 71
1 56 66
1 57 63
1 58 73
1 59 48
1 60 66
1 61 53
1 62 44
1 63 47
1 64 49
1 65 59
1 66 40
1 67 49
1 68 48
1 69 53
1 70 49
1 71 42
1 72 49
1 73 37
1 74 35
1 75 47
1 76 41
2 0 48
2 1 77
2 2 100
2 3 69
2 4 47
2 5 53
2 6 48
2 7 62
2 8 60
2 9 68
2 10 67
2 11 39
2 12 48
2 13 67
2 14 36
2 15 34
2 16 54
2 17 19
2 18 55
2 19 52
2 20 66
2 21 63
2 22 60
2 23 62
2 24 61
2 25 6
2 26 57
2 27 5
2 28 71
2 29 67
2 30 65
2 31 55
2 32 72
2 33 63
2 34 61
2 35 63
2 36 6
2 37 57
2 38 64
2 39 69
2 40 5
2 41 60
2 42 5
2 43 68
2 44 65
2 45 42
2 46 18
2 47 67
2 48 64
2 49 56
2 50 64
2 51 63
2 52 55
2 53 59
2 54 59
2 55 72
2 56 57
2 57 55
2 58 70
2 59 54
2 60 69
2 61 60
2 62 58
2 63 56
2 64 56
2 65 66
2 66 41
2 67 59
2 68 60
2 69 52
2 70 49
2 71 51
2 72 61
2 73 57
2 74 39
2 75 57
2 76 43
3 0 45
3 1 63
3 2 69
3 3 99
3 4 38
3 5 43
3 6 46
3 7 62
3 8 54
3 9 58
3 10 64
3 11 45
3 12 47
3 13 62
3 14 40
3 15 39
3 16 54
3 17 14
3 18 52
3 19 41
3 20 57
3 21 58
3 22 53
3 23 57
3 24 63
3 25 10
3 26 52
3 27 8
3 28 58
3 29 52
3 30 57
3 31 44
3 32 68
3 33 57
3 34 56
3 35 56
3 36 10
3 37 64
3 38 62
3 39 73
3 40 8
3 41 66
3 42 8
3 43 61
3 44 55
3 45 53
3 46 22
3 47 68
3 48 66
3 49 62
3 50 62
3 51 52
3 52 52
3 53 61
3 54 54
3 55 57
3 56 48
3 57 56
3 58 68
3 59 47
3 60 72
3 61 60
3 62 51
3 63 47
3 64 44
3 65 52
3 66 58
3 67 62
3 68 47
3 69 55
3 70 56
3 71 43
3 72 52
3 73 50
3 74 52
3 75 57
3 76 57
4 0 66
4 1 36
4 2 47
4 3 38
4 4 100
4 5 48
4 6 34
4 7 53
4 8 52
4 9 52
4 10 38
4 11 28
4 12 56
4 13 40
4 14 23
4 15 18
4 16 28
4 17 30
4 18 58
4 19 49
4 20 43
4 21 49
4 22 68
4 23 46
4 24 33
4 25 18
4 26 50
4 27 18
4 28 38
4 29 56
4 30 54
4 31 45
4 32 58
4 33 49
4 34 39
4 35 54
4 36 18
4 37 59
4 38 48
4 39 49
4 40 18
4 41 44
4 42 22
4 43 47
4 44 49
4 45 40
4 46 20
4 47 39
4 48 51
4 49 36
4 50 55
4 51 53
4 52 46
4 53 26
4 54 31
4 55 42
4 56 27
4 57 29
4 58 39
4 59 26
4 60 53
4 61 51
4 62 56
4 63 36
4 64 35
4 65 37
4 66 39
4 67 45
4 68 54
4 69 45
4 70 62
4 71 45
4 72 48
4 73 63
4 74 40
4 75 53
4 76 31
5 0 44
5 1 38
5 2 53
5 3 43
5 4 48
5 5 100
5 6 57
5 7 56
5 8 45
5 9 52
5 10 47
5 11 25
5 12 40
5 13 50
5 14 35
5 15 21
5 16 39
5 17 27
5 18 55
5 19 46
5 20 51
5 21 47
5 22 58
5 23 48
5 24 39
5 25 19
5 26 53
5 27 17
5 28 45
5 29 43
5 30 51
5 31 40
5 32 49
5 33 54
5 34 44
5 35 56
5 36 19
5 37 46
5 38 56
5 39 51
5 40 17
5 41 45
5 42 18
5 43 49
5 44 37
5 45 33
5 46 31
5 47 36
5 48 49
5 49 42
5 50 43
5 51 49
5 52 48
5 53 36
5 54 38
5 55 48
5 56 36
5 57 33
5 58 46
5 59 41
5 60 52
5 61 50
5 62 56
5 63 41
5 64 42
5 65 46
5 66 36
5 67 47
5 68 44
5 69 36
5 70 48
5 71 51
5 72 61
5 73 45
5 74 35
5 75 42
5 76 43
6 0 36
6 1 39
6 2 48
6 3 46
6 4 34
6 5 57
6 6 100
6 7 50
6 8 45
6 9 50
6 10 56
6 11 29
6 12 40
6 13 49
6 14 42
6 15 36
6 16 45
6 17 20
6 18 44
6 19 37
6 20 49
6 21 53
6 22 47
6 23 49
6 24 38
6 25 11
6 26 41
6 27 12
6 28 44
6 29 34
6 30 45
6 31 42
6 32 45
6 33 46
6 34 44
6 35 52
6 36 11
6 37 37
6 38 48
6 39 53
6 40 12
6 41 44
6 42 9
6 43 50
6 44 49
6 45 32
6 46 36
6 47 37
6 48 50
6 49 49
6 50 41
6 51 44
6 52 49
6 53 48
6 54 38
6 55 54
6 56 36
6 57 38
6 58 49
6 59 51
6 60 50
6 61 50
6 62 56
6 63 44
6 64 41
6 65 45
6 66 32
6 67 50
6 68 49
6 69 34
6 70 44
6 71 56
6 72 54
6 73 41
6 74 31
6 75 32
6 76 39
7 0 49
7 1 61
7 2 62
7 3 62
7 4 53
7 5 56
7 6 50
7 7 99
7 8 66
7 9 61
7 10 63
7 11 45
7 12 49
7 13 57
7 14 40
7 15 30
7 16 52
7 17 20
7 18 62
7 19 45
7 20 66
7 21 52
7 22 63
7 23 69
7 24 52
7 25 18
7 26 54
7 27 18
7 28 60
7 29 56
7 30 62
7 31 38
7 32 63
7 33 53
7 34 47
7 35 64
7 36 18
7 37 61
7 38 70
7 39 66
7 40 18
7 41 61
7 42 19
7 43 58
7 44 53
7 45 28
7 46 23
7 47 52
7 48 71
7 49 57
7 50 62
7 51 66
7 52 60
7 53 45
7 54 50
7 55 64
7 56 48
7 57 51
7 58 64
7 59 48
7 60 71
7 61 59
7 62 54
7 63 47
7 64 48
7 65 49
7 66 55
7 67 56
7 68 53
7 69 42
7 70 77
7 71 61
7 72 55
7 73 46
7 74 55
7 75 58
7 76 64
8 0 48
8 1 52
8 2 60
8 3 54
8 4 52
8 5 45
8 6 45
8 7 66
8 8 100
8 9 63
8 10 52
8 11 35
8 12 51
8 13 63
8 14 40
8 15 25
8 16 51
8 17 27
8 18 62
8 19 46
8 20 53
8 21 49
8 22 65
8 23 61
8 24 47
8 25 14
8 26 53
8 27 13
8 28 44
8 29 52
8 30 60
8 31 48
8 32 62
8 33 46
8 34 45
8 35 63
8 36 14
8 37 57
8 38 58
8 39 58
8 40 13
8 41 56
8 42 15
8 43 50
8 44 60
8 45 30
8 46 27
8 47 51
8 48 62
8 49 49
8 50 65
8 51 56
8 52 56
8 53 42
8 54 39
8 55 65
8 56 42
8 57 43
8 58 61
8 59 43
8 60 60
8 61 58
8 62 49
8 63 38
8 64 39
8 65 42
8 66 51
8 67 49
8 68 47
8 69 35
8 70 58
8 71 47
8 72 43
8 73 49
8 74 39
8 75 63
8 76 48
9 0 55
9 1 65
9 2 68
9 3 58
9 4 52
9 5 52
9 6 50
9 7 61
9 8 63
9 9 100
9 10 68
9 11 49
9 12 68
9 13 67
9 14 49
9 15 41
9 16 59
9 17 27
9 18 56
9 19 62
9 20 64
9 21 72
9 22 65
9 23 54
9 24 64
9 25 11
9 26 65
9 27 12
9 28 67
9 29 64
9 30 62
9 31 51
9 32 76
9 33 64
9 34 62
9 35 62
9 36 11
9 37 57
9 38 68
9 39 70
9 40 12
9 41 58
9 42 12
9 43 71
9 44 66
9 45 47
9 46 22
9 47 63
9 48 65
9 49 52
9 50 49
9 51 61
9 52 57
9 53 59
9 54 48
9 55 76
9 56 47
9 57 57
9 58 66
9 59 50
9 60 72
9 61 73
9 62 60
9 63 46
9 64 47
9 65 55
9 66 41
9 67 60
9 68 57
9 69 57
9 70 59
9 71 46
9 72 58
9 73 59
9 74 37
9 75 48
9 76 45
10 0 40
10 1 67
10 2 67
10 3 64
10 4 38
10 5 47
10 6 56
10 7 63
10 8 52
10 9 68
10 10 100
10 11 48
10 12 47
10 13 62
10 14 40
10 15 38
10 16 70
10 17 14
10 18 44
10 19 51
10 20 63
10 21 64
10 22 51
10 23 53
10 24 65
10 25 12
10 26 53
10 27 10
10 28 66
10 29 49
10 30 49
10 31 42
10 32 64
10 33 52
10 34 53
10 35 58
10 36 12
10 37 45
10 38 60
10 39 70
10 40 10
10 41 55
10 42 11
10 43 66
10 44 58
10 45 38
10 46 24
10 47 59
10 48 57
10 49 58
10 50 52
10 51 52
10 52 56
10 53 59
10 54 53
10 55 66
10 56 59
10 57 60
10 58 63
10 59 60
10 60 66
10 61 64
10 62 62
10 63 53
10 64 51
10 65 62
10 66 34
10 67 65
10 68 55
10 69 52
10 70 48
10 71 49
10 72 54
10 73 46
10 74 36
10 75 41
10 76 42
11 0 25
11 1 46
11 2 39
11 3 45
11 4 28
11 5 25
11 6 29
11 7 45
11 8 35
11 9 49
11 10 48
11 11 100
11 12 36
11 13 44
11 14 41
11 15 41
11 16 47
11 17 5
11 18 31
11 19 39
11 20 42
11 21 48
11 22 33
11 23 37
11 24 52
11 25 0
11 26 37
11 27 -1
11 28 55
11 29 37
11 30 34
11 31 23
11 32 50
11 33 42
11 34 36
11 35 41
11 36 0
11 37 36
11 38 47
11 39 55
11 40 -1
11 41 41
11 42 -1
11 43 40
11 44 39
11 45 35
11 46 11
11 47 50
11 48 44
11 49 50
11 50 30
11 51 41
11 52 38
11 53 42
11 54 44
11 55 45
11 56 42
11 57 51
11 58 49
11 59 38
11 60 52
11 61 40
11 62 35
11 63 29
11 64 28
11 65 29
11 66 35
11 67 44
11 68 31
11 69 30
11 70 35
11 71 34
11 72 26
11 73 34
11 74 32
11 75 28
11 76 37
12 0 64
12 1 44
12 2 48
12 3 47
12 4 56
12 5 40
12 6 40
12 7 49
12 8 51
12 9 68
12 10 47
12 11 36
12 12 99
12 13 46
12 14 39
12 15 32
12 16 40
12 17 52
12 18 60
12 19 54
12 20 47
12 21 67
12 22 68
12 23 38
12 24 43
12 25 17
12 26 60
12 27 16
12 28 46
12 29 61
12 30 54
12 31 64
12 32 71
12 33 65
12 34 52
12 35 56
12 36 17
12 37 61
12 38 54
12 39 58
12 40 16
12 41 47
12 42 16
12 43 58
12 44 62
12 45 51
12 46 24
12 47 47
12 48 57
12 49 45
12 50 42
12 51 51
12 52 51
12 53 39
12 54 36
12 55 48
12 56 41
12 57 39
12 58 43
12 59 36
12 60 60
12 61 55
12 62 51
12 63 30
12 64 31
12 65 39
12 66 42
12 67 54
12 68 44
12 69 49
12 70 60
12 71 36
12 72 53
12 73 61
12 74 36
12 75 50
12 76 35
13 0 39
13 1 61
13 2 67
13 3 62
13 4 40
13 5 50
13 6 49
13 7 57
13 8 63
13 9 67
13 10 62
13 11 44
13 12 46
13 13 100
13 14 51
13 15 37
13 16 71
13 17 14
13 18 49
13 19 47
13 20 61
13 21 64
13 22 54
13 23 58
13 24 65
13 25 15
13 26 52
13 27 14
13 28 56
13 29 49
13 30 61
13 31 47
13 32 65
13 33 54
13 34 54
13 35 60
13 36 15
13 37 47
13 38 64
13 39 72
13 40 14
13 41 55
13 42 14
13 43 58
13 44 62
13 45 44
13 46 30
13 47 63
13 48 57
13 49 55
13 50 55
13 51 56
13 52 59
13 53 63
13 54 49
13 55 64
13 56 57
13 57 58
13 58 71
13 59 63
13 60 58
13 61 71
13 62 56
13 63 49
13 64 45
13 65 53
13 66 46
13 67 61
13 68 54
13 69 56
13 70 49
13 71 51
13 72 51
13 73 51
13 74 34
13 75 46
13 76 52
14 0 23
14 1 32
14 2 36
14 3 40
14 4 23
14 5 35
14 6 42
14 7 40
14 8 40
14 9 49
14 10 40
14 11 41
14 12 39
14 13 51
14 14 100
14 15 30
14 16 42
14 17 15
14 18 30
14 19 38
14 20 42
14 21 48
14 22 38
14 23 39
14 24 48
14 25 1
14 26 41
14 27 1
14 28 35
14 29 35
14 30 38
14 31 38
14 32 42
14 33 36
14 34 33
14 35 45
14 36 1
14 37 30
14 38 51
14 39 50
14 40 1
14 41 37
14 42 1
14 43 38
14 44 43
14 45 29
14 46 26
14 47 38
14 48 46
14 49 39
14 50 24
14 51 39
14 52 54
14 53 43
14 54 35
14 55 48
14 56 35
14 57 42
14 58 45
14 59 44
14 60 38
14 61 43
14 62 35
14 63 29
14 64 29
14 65 32
14 66 46
14 67 45
14 68 32
14 69 29
14 70 36
14 71 35
14 72 33
14 73 35
14 74 33
14 75 28
14 76 49
15 0 21
15 1 29
15 2 34
15 3 39
15 4 18
15 5 21
15 6 36
15 7 30
15 8 25
15 9 41
15 10 38
15 11 41
15 12 32
15 13 37
15 14 30
15 15 99
15 16 42
15 17 10
15 18 18
15 19 46
15 20 39
15 21 45
15 22 25
15 23 19
15 24 44
15 25 5
15 26 37
15 27 4
15 28 46
15 29 29
15 30 23
15 31 32
15 32 44
15 33 43
15 34 46
15 35 27
15 36 5
15 37 36
15 38 46
15 39 43
15 40 4
15 41 34
15 42 3
15 43 39
15 44 34
15 45 41
15 46 14
15 47 44
15 48 34
15 49 28
15 50 15
15 51 28
15 52 36
15 53 46
15 54 38
15 55 36
15 56 33
15 57 38
15 58 32
15 59 30
15 60 44
15 61 35
15 62 32
15 63 34
15 64 32
15 65 31
15 66 27
15 67 31
15 68 27
15 69 32
15 70 20
15 71 36
15 72 29
15 73 39
15 74 32
15 75 24
15 76 28
16 0 26
16 1 53
16 2 54
16 3 54
16 4 28
16 5 39
16 6 45
16 7 52
16 8 51
16 9 59
16 10 70
16 11 47
16 12 40
16 13 71
16 14 42
16 15 42
16 16 100
16 17 14
16 18 36
16 19 47
16 20 46
16 21 59
16 22 36
16 23 43
16 24 60
16 25 12
16 26 42
16 27 8
16 28 53
16 29 39
16 30 45
16 31 35
16 32 57
16 33 48
16 34 48
16 35 48
16 36 12
16 37 42
16 38 53
16 39 59
16 40 8
16 41 52
16 42 10
16 43 51
16 44 50
16 45 36
16 46 24
16 47 58
16 48 47
16 49 49
16 50 35
16 51 43
16 52 51
16 53 53
16 54 49
16 55 57
16 56 52
16 57 53
16 58 61
16 59 59
16 60 53
16 61 56
16 62 48
16 63 46
16 64 42
16 65 47
16 66 37
16 67 56
16 68 47
16 69 51
16 70 41
16 71 39
16 72 41
16 73 40
16 74 35
16 75 34
16 76 45
17 0 45
17 1 12
17 2 19
17 3 14
17 4 30
17 5 27
17 6 20
17 7 20
17 8 27
17 9 27
17 10 14
17 11 5
17 12 52
17 13 14
17 14 15
17 15 10
17 16 14
17 17 100
17 18 49
17 19 22
17 20 20
17 21 37
17 22 50
17 23 22
17 24 10
17 25 26
17 26 43
17 27 24
17 28 12
17 29 54
17 30 36
17 31 42
17 32 30
17 33 42
17 34 27
17 35 44
17 36 26
17 37 22
17 38 22
17 39 23
17 40 24
17 41 16
17 42 25
17 43 33
17 44 39
17 45 24
17 46 31
17 47 22
17 48 28
17 49 15
17 50 24
17 51 25
17 52 25
17 53 15
17 54 17
17 55 20
17 56 9
17 57 12
17 58 15
17 59 14
17 60 22
17 61 17
17 62 22
17 63 8
17 64 8
17 65 17
17 66 17
17 67 17
17 68 14
17 69 9
17 70 27
17 71 13
17 72 23
17 73 23
17 74 9
17 75 16
17 76 11
18 0 76
18 1 43
18 2 55
18 3 52
18 4 58
18 5 55
18 6 44
18 7 62
18 8 62
18 9 56
18 10 44
18 11 31
18 12 60
18 13 49
18 14 30
18 15 18
18 16 36
18 17 49
18 18 100
18 19 46
18 20 52
18 21 55
18 22 88
18 23 64
18 24 41
18 25 30
18 26 71
18 27 31
18 28 38
18 29 70
18 30 82
18 31 41
18 32 59
18 33 59
18 34 48
18 35 75
18 36 30
18 37 60
18 38 58
18 39 64
18 40 31
18 41 56
18 42 32
18 43 52
18 44 65
18 45 39
18 46 36
18 47 46
18 48 72
18 49 50
18 50 65
18 51 61
18 52 54
18 53 38
18 54 32
18 55 49
18 56 35
18 57 33
18 58 53
18 59 38
18 60 59
18 61 50
18 62 47
18 63 31
18 64 33
18 65 39
18 66 51
18 67 43
18 68 43
18 69 35
18 70 74
18 71 42
18 72 49
18 73 43
18 74 43
18 75 56
18 76 47
19 0 52
19 1 38
19 2 52
19 3 41
19 4 49
19 5 46
19 6 37
19 7 45
19 8 46
19 9 62
19 10 51
19 11 39
19 12 54
19 13 47
19 14 38
19 15 46
19 16 47
19 17 22
19 18 46
19 19 100
19 20 46
19 21 65
19 22 57
19 23 32
19 24 51
19 25 14
19 26 66
19 27 14
19 28 48
19 29 48
19 30 45
19 31 46
19 32 59
19 33 54
19 34 52
19 35 49
19 36 14
19 37 50
19 38 61
19 39 51
19 40 14
19 41 43
19 42 14
19 43 48
19 44 49
19 45 44
19 46 17
19 47 47
19 48 48
19 49 35
19 50 37
19 51 50
19 52 44
19 53 44
19 54 33
19 55 49
19 56 36
19 57 41
19 58 47
19 59 39
19 60 55
19 61 54
19 62 51
19 63 29
19 64 26
19 65 33
19 66 27
19 67 46
19 68 49
19 69 48
19 70 46
19 71 39
19 72 43
19 73 55
19 74 33
19 75 44
19 76 37
20 0 42
20 1 58
20 2 66
20 3 57
20 4 43
20 5 51
20 6 49
20 7 66
20 8 53
20 9 64
20 10 63
20 11 42
20 12 47
20 13 61
20 14 42
20 15 39
20 16 46
20 17 20
20 18 52
20 19 46
20 20 100
20 21 62
20 22 60
20 23 64
20 24 53
20 25 11
20 26 55
20 27 11
20 28 70
20 29 56
20 30 54
20 31 44
20 32 66
20 33 54
20 34 48
20 35 71
20 36 11
20 37 44
20 38 64
20 39 63
20 40 11
20 41 47
20 42 9
20 43 61
20 44 62
20 45 39
20 46 26
20 47 62
20 48 55
20 49 56
20 50 54
20 51 53
20 52 54
20 53 60
20 54 51
20 55 56
20 56 53
20 57 60
20 58 64
20 59 54
20 60 64
20 61 63
20 62 68
20 63 56
20 64 53
20 65 57
20 66 39
20 67 65
20 68 54
20 69 43
20 70 45
20 71 52
20 72 60
20 73 50
20 74 35
20 75 43
20 76 32
21 0 54
21 1 55
21 2 63
21 3 58
21 4 49
21 5 47
21 6 53
21 7 52
21 8 49
21 9 72
21 10 64
21 11 48
21 12 67
21 13 64
21 14 48
21 15 45
21 16 59
21 17 37
21 18 55
21 19 65
21 20 62
21 21 100
21 22 61
21 23 49
21 24 60
21 25 9
21 26 64
21 27 9
21 28 62
21 29 67
21 30 60
21 31 56
21 32 77
21 33 71
21 34 63
21 35 63
21 36 9
21 37 60
21 38 64
21 39 72
21 40 9
21 41 54
21 42 8
21 43 65
21 44 66
21 45 55
21 46 21
21 47 61
21 48 63
21 49 52
21 50 44
21 51 64
21 52 57
21 53 65
21 54 52
21 55 58
21 56 50
21 57 60
21 58 64
21 59 59
21 60 71
21 61 68
21 62 65
21 63 51
21 64 43
21 65 55
21 66 44
21 67 66
21 68 61
21 69 57
21 70 57
21 71 48
21 72 55
21 73 63
21 74 39
21 75 47
21 76 42
22 0 84
22 1 48
22 2 60
22 3 53
22 4 68
22 5 58
22 6 47
22 7 63
22 8 65
22 9 65
22 10 51
22 11 33
22 12 68
22 13 54
22 14 38
22 15 25
22 16 36
22 17 50
22 18 88
22 19 57
22 20 60
22 21 61
22 22 100
22 23 64
22 24 43
22 25 27
22 26 74
22 27 27
22 28 44
22 29 77
22 30 78
22 31 53
22 32 65
22 33 62
22 34 48
22 35 77
22 36 27
22 37 60
22 38 62
22 39 65
22 40 27
22 41 52
22 42 29
22 43 60
22 44 73
22 45 40
22 46 34
22 47 53
22 48 67
22 49 51
22 50 69
22 51 62
22 52 55
22 53 40
22 54 32
22 55 53
22 56 41
22 57 37
22 58 54
22 59 37
22 60 62
22 61 57
22 62 58
22 63 37
22 64 37
22 65 47
22 66 43
22 67 50
22 68 50
22 69 45
22 70 69
22 71 46
22 72 55
22 73 55
22 74 38
22 75 57
22 76 41
23 0 50
23 1 56
23 2 62
23 3 57
23 4 46
23 5 48
23 6 49
23 7 69
23 8 61
23 9 54
23 10 53
23 11 37
23 12 38
23 13 58
23 14 39
23 15 19
23 16 43
23 17 22
23 18 64
23 19 32
23 20 64
23 21 49
23 22 64
23 23 100
23 24 46
23 25 25
23 26 50
23 27 25
23 28 47
23 29 53
23 30 62
23 31 41
23 32 52
23 33 44
23 34 42
23 35 68
23 36 25
23 37 51
23 38 54
23 39 61
23 40 25
23 41 54
23 42 24
23 43 50
23 44 59
23 45 26
23 46 37
23 47 48
23 48 65
23 49 52
23 50 61
23 51 54
23 52 54
23 53 43
23 54 45
23 55 52
23 56 48
23 57 48
23 58 61
23 59 51
23 60 56
23 61 57
23 62 55
23 63 46
23 64 46
23 65 50
23 66 54
23 67 54
23 68 54
23 69 41
23 70 60
23 71 53
23 72 50
23 73 45
23 74 41
23 75 51
23 76 50
24 0 32
24 1 55
24 2 61
24 3 63
24 4 33
24 5 39
24 6 38
24 7 52
24 8 47
24 9 64
24 10 65
24 11 52
24 12 43
24 13 65
24 14 48
24 15 44
24 16 60
24 17 10
24 18 41
24 19 51
24 20 53
24 21 60
24 22 43
24 23 46
24 24 100
24 25 5
24 26 59
24 27 6
24 28 61
24 29 51
24 30 47
24 31 40
24 32 65
24 33 50
24 34 57
24 35 50
24 36 5
24 37 51
24 38 62
24 39 69
24 40 6
24 41 54
24 42 6
24 43 52
24 44 53
24 45 50
24 46 18
24 47 61
24 48 58
24 49 57
24 50 42
24 51 44
24 52 53
24 53 70
24 54 50
24 55 54
24 56 51
24 57 57
24 58 60
24 59 49
24 60 61
24 61 58
24 62 50
24 63 43
24 64 45
24 65 48
24 66 47
24 67 57
24 68 47
24 69 52
24 70 44
24 71 40
24 72 45
24 73 44
24 74 39
24 75 46
24 76 52
25 0 22
25 1 2
25 2 6
25 3 10
25 4 18
25 5 19
25 6 11
25 7 18
25 8 14
25 9 11
25 10 12
25 11 0
25 12 17
25 13 15
25 14 1
25 15 5
25 16 12
25 17 26
25 18 30
25 19 14
25 20 11
25 21 9
25 22 27
25 23 25
25 24 5
25 25 100
25 26 16
25 27 95
25 28 6
25 29 11
25 30 13
25 31 18
25 32 12
25 33 15
25 34 21
25 35 17
25 36 100
25 37 10
25 38 18
25 39 12
25 40 95
25 41 6
25 42 93
25 43 14
25 44 10
25 45 5
25 46 65
25 47 6
25 48 12
25 49 10
25 50 16
25 51 10
25 52 14
25 53 4
25 54 0
25 55 6
25 56 5
25 57 5
25 58 10
25 59 1
25 60 11
25 61 14
25 62 12
25 63 5
25 64 3
25 65 1
25 66 11
25 67 10
25 68 9
25 69 10
25 70 16
25 71 6
25 72 11
25 73 6
25 74 9
25 75 5
25 76 12
26 0 64
26 1 45
26 2 57
26 3 52
26 4 50
26 5 53
26 6 41
26 7 54
26 8 53
26 9 65
26 10 53
26 11 37
26 12 60
26 13 52
26 14 41
26 15 37
26 16 42
26 17 43
26 18 71
26 19 66
26 20 55
26 21 64
26 22 74
26 23 50
26 24 59
26 25 16
26 26 99
26 27 15
26 28 50
26 29 69
26 30 65
26 31 44
26 32 62
26 33 62
26 34 53
26 35 65
26 36 16
26 37 54
26 38 68
26 39 65
26 40 15
26 41 52
26 42 16
26 43 59
26 44 58
26 45 46
26 46 24
26 47 53
26 48 66
26 49 51
26 50 54
26 51 56
26 52 53
26 53 52
26 54 38
26 55 52
26 56 40
26 57 42
26 58 52
26 59 44
26 60 60
26 61 50
26 62 49
26 63 33
26 64 36
26 65 42
26 66 40
26 67 45
26 68 40
26 69 42
26 70 56
26 71 40
26 72 46
26 73 44
26 74 32
26 75 51
26 76 44
27 0 22
27 1 1
27 2 5
27 3 8
27 4 18
27 5 17
27 6 12
27 7 18
27 8 13
27 9 12
27 10 10
27 11 -1
27 12 16
27 13 14
27 14 1
27 15 4
27 16 8
27 17 24
27 18 31
27 19 14
27 20 11
27 21 9
27 22 27
27 23 25
27 24 6
27 25 95
27 26 15
27 27 100
27 28 6
27 29 11
27 30 14
27 31 16
27 32 12
27 33 15
27 34 19
27 35 16
27 36 95
27 37 10
27 38 18
27 39 11
27 40 100
27 41 7
27 42 94
27 43 13
27 44 10
27 45 3
27 46 66
27 47 4
27 48 12
27 49 10
27 50 16
27 51 10
27 52 12
27 53 3
27 54 0
27 55 7
27 56 2
27 57 5
27 58 10
27 59 0
27 60 11
27 61 14
27 62 11
27 63 3
27 64 3
27 65 1
27 66 12
27 67 10
27 68 8
27 69 8
27 70 18
27 71 6
27 72 13
27 73 6
27 74 9
27 75 5
27 76 13
28 0 30
28 1 66
28 2 71
28 3 58
28 4 38
28 5 45
28 6 44
28 7 60
28 8 44
28 9 67
28 10 66
28 11 55
28 12 46
28 13 56
28 14 35
28 15 46
28 16 53
28 17 12
28 18 38
28 19 48
28 20 70
28 21 62
28 22 44
28 23 47
28 24 61
28 25 6
28 26 50
28 27 6
28 28 100
28 29 53
28 30 44
28 31 39
28 32 72
28 33 56
28 34 56
28 35 51
28 36 6
28 37 48
28 38 69
28 39 65
28 40 6
28 41 48
28 42 5
28 43 59
28 44 56
28 45 45
28 46 14
28 47 66
28 48 51
28 49 49
28 50 45
28 51 50
28 52 46
28 53 59
28 54 61
28 55 67
28 56 56
28 57 59
28 58 67
28 59 45
28 60 70
28 61 54
28 62 57
28 63 55
28 64 53
28 65 59
28 66 38
28 67 62
28 68 54
28 69 44
28 70 35
28 71 48
28 72 53
28 73 47
28 74 35
28 75 40
28 76 33
29 0 68
29 1 61
29 2 67
29 3 52
29 4 56
29 5 43
29 6 34
29 7 56
29 8 52
29 9 64
29 10 49
29 11 37
29 12 61
29 13 49
29 14 35
29 15 29
29 16 39
29 17 54
29 18 70
29 19 48
29 20 56
29 21 67
29 22 77
29 23 53
29 24 51
29 25 11
29 26 69
29 27 11
29 28 53
29 29 99
29 30 73
29 31 51
29 32 69
29 33 66
29 34 56
29 35 72
29 36 11
29 37 57
29 38 57
29 39 61
29 40 11
29 41 50
29 42 13
29 43 65
29 44 71
29 45 49
29 46 22
29 47 65
29 48 67
29 49 42
29 50 58
29 51 65
29 52 49
29 53 47
29 54 49
29 55 61
29 56 41
29 57 45
29 58 57
29 59 40
29 60 63
29 61 48
29 62 47
29 63 37
29 64 38
29 65 47
29 66 41
29 67 46
29 68 44
29 69 43
29 70 58
29 71 41
29 72 47
29 73 48
29 74 36
29 75 51
29 76 38
30 0 70
30 1 61
30 2 65
30 3 57
30 4 54
30 5 51
30 6 45
30 7 62
30 8 60
30 9 62
30 10 49
30 11 34
30 12 54
30 13 61
30 14 38
30 15 23
30 16 45
30 17 36
30 18 82
30 19 45
30 20 54
30 21 60
30 22 78
30 23 62
30 24 47
30 25 13
30 26 65
30 27 14
30 28 44
30 29 73
30 30 99
30 31 44
30 32 66
30 33 60
30 34 48
30 35 69
30 36 13
30 37 55
30 38 60
30 39 66
30 40 14
30 41 57
30 42 16
30 43 57
30 44 69
30 45 38
30 46 22
30 47 56
30 48 71
30 49 49
30 50 65
30 51 70
30 52 53
30 53 46
30 54 40
30 55 59
30 56 47
30 57 43
30 58 69
30 59 45
30 60 60
30 61 56
30 62 49
30 63 36
30 64 34
30 65 50
30 66 44
30 67 49
30 68 51
30 69 42
30 70 71
30 71 47
30 72 52
30 73 44
30 74 38
30 75 55
30 76 49
31 0 48
31 1 38
31 2 55
31 3 44
31 4 45
31 5 40
31 6 42
31 7 38
31 8 48
31 9 51
31 10 42
31 11 23
31 12 64
31 13 47
31 14 38
31 15 32
31 16 35
31 17 42
31 18 41
31 19 46
31 20 44
31 21 56
31 22 53
31 23 41
31 24 40
31 25 18
31 26 44
31 27 16
31 28 39
31 29 51
31 30 44
31 31 99
31 32 63
31 33 58
31 34 53
31 35 46
31 36 18
31 37 48
31 38 45
31 39 48
31 40 16
31 41 46
31 42 16
31 43 57
31 44 53
31 45 43
31 46 26
31 47 41
31 48 47
31 49 34
31 50 35
31 51 39
31 52 42
31 53 42
31 54 32
31 55 43
31 56 33
31 57 41
31 58 41
31 59 38
31 60 47
31 61 49
31 62 49
31 63 31
31 64 28
31 65 41
31 66 32
31 67 48
31 68 47
31 69 45
31 70 42
31 71 42
31 72 52
31 73 64
31 74 28
31 75 41
31 76 32
32 0 58
32 1 67
32 2 72
32 3 68
32 4 58
32 5 49
32 6 45
32 7 63
32 8 62
32 9 76
32 10 64
32 11 50
32 12 71
32 13 65
32 14 42
32 15 44
32 16 57
32 17 30
32 18 59
32 19 59
32 20 66
32 21 77
32 22 65
32 23 52
32 24 65
32 25 12
32 26 62
32 27 12
32 28 72
32 29 69
32 30 66
32 31 63
32 32 100
32 33 75
32 34 67
32 35 64
32 36 12
32 37 73
32 38 69
32 39 72
32 40 12
32 41 66
32 42 12
32 43 73
32 44 72
32 45 59
32 46 21
32 47 71
32 48 69
32 49 57
32 50 59
32 51 61
32 52 56
32 53 59
32 54 57
32 55 64
32 56 57
32 57 58
32 58 72
32 59 49
32 60 77
32 61 67
32 62 66
32 63 52
32 64 49
32 65 62
32 66 55
32 67 70
32 68 60
32 69 62
32 70 63
32 71 50
32 72 61
32 73 64
32 74 46
32 75 64
32 76 49
33 0 62
33 1 48
33 2 63
33 3 57
33 4 49
33 5 54
33 6 46
33 7 53
33 8 46
33 9 64
33 10 52
33 11 42
33 12 65
33 13 54
33 14 36
33 15 43
33 16 48
33 17 42
33 18 59
33 19 54
33 20 54
33 21 71
33 22 62
33 23 44
33 24 50
33 25 15
33 26 62
33 27 15
33 28 56
33 29 66
33 30 60
33 31 58
33 32 75
33 33 100
33 34 66
33 35 58
33 36 15
33 37 59
33 38 57
33 39 66
33 40 15
33 41 58
33 42 15
33 43 70
33 44 57
33 45 53
33 46 27
33 47 56
33 48 62
33 49 52
33 50 45
33 51 57
33 52 48
33 53 48
33 54 49
33 55 53
33 56 38
33 57 47
33 58 52
33 59 44
33 60 67
33 61 58
33 62 56
33 63 45
33 64 42
33 65 58
33 66 38
33 67 53
33 68 50
33 69 45
33 70 56
33 71 40
33 72 57
33 73 61
33 74 43
33 75 49
33 76 41
34 0 45
34 1 50
34 2 61
34 3 56
34 4 39
34 5 44
34 6 44
34 7 47
34 8 45
34 9 62
34 10 53
34 11 36
34 12 52
34 13 54
34 14 33
34 15 46
34 16 48
34 17 27
34 18 48
34 19 52
34 20 48
34 21 63
34 22 48
34 23 42
34 24 57
34 25 21
34 26 53
34 27 19
34 28 56
34 29 56
34 30 48
34 31 53
34 32 67
34 33 66
34 34 99
34 35 51
34 36 21
34 37 69
34 38 53
34 39 62
34 40 19
34 41 61
34 42 20
34 43 60
34 44 52
34 45 56
34 46 31
34 47 58
34 48 56
34 49 36
34 50 38
34 51 56
34 52 48
34 53 61
34 54 60
34 55 51
34 56 39
34 57 58
34 58 54
34 59 45
34 60 61
34 61 53
34 62 45
34 63 41
34 64 44
34 65 46
34 66 39
34 67 47
34 68 44
34 69 47
34 70 45
34 71 44
34 72 48
34 73 59
34 74 43
34 75 50
34 76 42
35 0 58
35 1 57
35 2 63
35 3 56
35 4 54
35 5 56
35 6 52
35 7 64
35 8 63
35 9 62
35 10 58
35 11 41
35 12 56
35 13 60
35 14 45
35 15 27
35 16 48
35 17 44
35 18 75
35 19 49
35 20 71
35 21 63
35 22 77
35 23 68
35 24 50
35 25 17
35 26 65
35 27 16
35 28 51
35 29 72
35 30 69
35 31 46
35 32 64
35 33 58
35 34 51
35 35 100
35 36 17
35 37 52
35 38 62
35 39 66
35 40 16
35 41 53
35 42 19
35 43 63
35 44 75
35 45 43
35 46 34
35 47 62
35 48 63
35 49 55
35 50 66
35 51 58
35 52 58
35 53 52
35 54 43
35 55 58
35 56 54
35 57 52
35 58 64
35 59 57
35 60 58
35 61 58
35 62 59
35 63 44
35 64 44
35 65 52
35 66 45
35 67 60
35 68 50
35 69 42
35 70 57
35 71 48
35 72 52
35 73 46
35 74 35
35 75 52
35 76 43
36 0 22
36 1 2
36 2 6
36 3 10
36 4 18
36 5 19
36 6 11
36 7 18
36 8 14
36 9 11
36 10 12
36 11 0
36 12 17
36 13 15
36 14 1
36 15 5
36 16 12
36 17 26
36 18 30
36 19 14
36 20 11
36 21 9
36 22 27
36 23 25
36 24 5
36 25 100
36 26 16
36 27 95
36 28 6
36 29 11
36 30 13
36 31 18
36 32 12
36 33 15
36 34 21
36 35 17
36 36 100
36 37 10
36 38 18
36 39 12
36 40 95
36 41 6
36 42 93
36 43 14
36 44 10
36 45 5
36 46 65
36 47 6
36 48 12
36 49 10
36 50 16
36 51 10
36 52 14
36 53 4
36 54 0
36 55 6
36 56 5
36 57 5
36 58 10
36 59 1
36 60 11
36 61 14
36 62 12
36 63 5
36 64 3
36 65 1
36 66 11
36 67 10
36 68 9
36 69 10
36 70 16
36 71 6
36 72 11
36 73 6
36 74 9
36 75 5
36 76 12
37 0 58
37 1 47
37 2 57
37 3 64
37 4 59
37 5 46
37 6 37
37 7 61
37 8 57
37 9 57
37 10 45
37 11 36
37 12 61
37 13 47
37 14 30
37 15 36
37 16 42
37 17 22
37 18 60
37 19 50
37 20 44
37 21 60
37 22 60
37 23 51
37 24 51
37 25 10
37 26 54
37 27 10
37 28 48
37 29 57
37 30 55
37 31 48
37 32 73
37 33 59
37 34 69
37 35 52
37 36 10
37 37 100
37 38 59
37 39 67
37 40 10
37 41 74
37 42 11
37 43 56
37 44 54
37 45 58
37 46 17
37 47 54
37 48 72
37 49 49
37 50 55
37 51 57
37 52 56
37 53 48
37 54 48
37 55 44
37 56 38
37 57 46
37 58 54
37 59 40
37 60 73
37 61 60
37 62 47
37 63 40
37 64 43
37 65 43
37 66 65
37 67 50
37 68 50
37 69 54
37 70 70
37 71 44
37 72 50
37 73 62
37 74 65
37 75 80
37 76 57
38 0 48
38 1 60
38 2 64
38 3 62
38 4 48
38 5 56
38 6 48
38 7 70
38 8 58
38 9 68
38 10 60
38 11 47
38 12 54
38 13 64
38 14 51
38 15 46
38 16 53
38 17 22
38 18 58
38 19 61
38 20 64
38 21 64
38 22 62
38 23 54
38 24 62
38 25 18
38 26 68
38 27 18
38 28 69
38 29 57
38 30 60
38 31 45
38 32 69
38 33 57
38 34 53
38 35 62
38 36 18
38 37 59
38 38 100
38 39 67
38 40 18
38 41 59
38 42 18
38 43 61
38 44 57
38 45 44
38 46 29
38 47 60
38 48 63
38 49 53
38 50 57
38 51 61
38 52 59
38 53 56
38 54 50
38 55 71
38 56 53
38 57 59
38 58 70
38 59 47
38 60 71
38 61 62
38 62 53
38 63 44
38 64 42
38 65 50
38 66 51
38 67 58
38 68 50
38 69 51
38 70 59
38 71 51
38 72 52
38 73 46
38 74 49
38 75 53
38 76 54
39 0 56
39 1 62
39 2 69
39 3 73
39 4 49
39 5 51
39 6 53
39 7 66
39 8 58
39 9 70
39 10 70
39 11 55
39 12 58
39 13 72
39 14 50
39 15 43
39 16 59
39 17 23
39 18 64
39 19 51
39 20 63
39 21 72
39 22 65
39 23 61
39 24 69
39 25 12
39 26 65
39 27 11
39 28 65
39 29 61
39 30 66
39 31 48
39 32 72
39 33 66
39 34 62
39 35 66
39 36 12
39 37 67
39 38 67
39 39 100
39 40 11
39 41 68
39 42 11
39 43 71
39 44 65
39 45 54
39 46 23
39 47 67
39 48 74
39 49 71
39 50 60
39 51 65
39 52 63
39 53 67
39 54 55
39 55 61
39 56 51
39 57 61
39 58 68
39 59 62
39 60 78
39 61 68
39 62 59
39 63 54
39 64 51
39 65 64
39 66 51
39 67 66
39 68 62
39 69 58
39 70 61
39 71 51
39 72 58
39 73 59
39 74 50
39 75 56
39 76 55
40 0 22
40 1 1
40 2 5
40 3 8
40 4 18
40 5 17
40 6 12
40 7 18
40 8 13
40 9 12
40 10 10
40 11 -1
40 12 16
40 13 14
40 14 1
40 15 4
40 16 8
40 17 24
40 18 31
40 19 14
40 20 11
40 21 9
40 22 27
40 23 25
40 24 6
40 25 95
40 26 15
40 27 100
40 28 6
40 29 11
40 30 14
40 31 16
40 32 12
40 33 15
40 34 19
40 35 16
40 36 95
40 37 10
40 38 18
40 39 11
40 40 100
40 41 7
40 42 94
40 43 13
40 44 10
40 45 3
40 46 66
40 47 4
40 48 12
40 49 10
40 50 16
40 51 10
40 52 12
40 53 3
40 54 0
40 55 7
40 56 2
40 57 5
40 58 10
40 59 0
40 60 11
40 61 14
40 62 11
40 63 3
40 64 3
40 65 1
40 66 12
40 67 10
40 68 8
40 69 8
40 70 18
40 71 6
40 72 13
40 73 6
40 74 9
40 75 5
40 76 13
41 0 47
41 1 53
41 2 60
41 3 66
41 4 44
41 5 45
41 6 44
41 7 61
41 8 56
41 9 58
41 10 55
41 11 41
41 12 47
41 13 55
41 14 37
41 15 34
41 16 52
41 17 16
41 18 56
41 19 43
41 20 47
41 21 54
41 22 52
41 23 54
41 24 54
41 25 6
41 26 52
41 27 7
41 28 48
41 29 50
41 30 57
41 31 46
41 32 66
41 33 58
41 34 61
41 35 53
41 36 6
41 37 74
41 38 59
41 39 68
41 40 7
41 41 99
41 42 7
41 43 62
41 44 53
41 45 51
41 46 21
41 47 55
41 48 69
41 49 56
41 50 50
41 51 54
41 52 60
41 53 53
41 54 50
41 55 53
41 56 37
41 57 52
41 58 57
41 59 50
41 60 67
41 61 56
41 62 42
41 63 49
41 64 52
41 65 55
41 66 57
41 67 48
41 68 48
41 69 46
41 70 62
41 71 48
41 72 52
41 73 51
41 74 60
41 75 71
41 76 58
42 0 24
42 1 2
42 2 5
42 3 8
42 4 22
42 5 18
42 6 9
42 7 19
42 8 15
42 9 12
42 10 11
42 11 -1
42 12 16
42 13 14
42 14 1
42 15 3
42 16 10
42 17 25
42 18 32
42 19 14
42 20 9
42 21 8
42 22 29
42 23 24
42 24 6
42 25 93
42 26 16
42 27 94
42 28 5
42 29 13
42 30 16
42 31 16
42 32 12
42 33 15
42 34 20
42 35 19
42 36 93
42 37 11
42 38 18
42 39 11
42 40 94
42 41 7
42 42 99
42 43 15
42 44 10
42 45 5
42 46 66
42 47 5
42 48 11
42 49 8
42 50 16
42 51 11
42 52 10
42 53 2
42 54 0
42 55 7
42 56 3
42 57 5
42 58 9
42 59 0
42 60 9
42 61 14
42 62 11
42 63 2
42 64 2
42 65 1
42 66 10
42 67 10
42 68 8
42 69 8
42 70 18
42 71 6
42 72 12
42 73 6
42 74 9
42 75 5
42 76 12
43 0 52
43 1 64
43 2 68
43 3 61
43 4 47
43 5 49
43 6 50
43 7 58
43 8 50
43 9 71
43 10 66
43 11 40
43 12 58
43 13 58
43 14 38
43 15 39
43 16 51
43 17 33
43 18 52
43 19 48
43 20 61
43 21 65
43 22 60
43 23 50
43 24 52
43 25 14
43 26 59
43 27 13
43 28 59
43 29 65
43 30 57
43 31 57
43 32 73
43 33 70
43 34 60
43 35 63
43 36 14
43 37 56
43 38 61
43 39 71
43 40 13
43 41 62
43 42 15
43 43 99
43 44 69
43 45 48
43 46 24
43 47 68
43 48 60
43 49 61
43 50 55
43 51 57
43 52 57
43 53 57
43 54 52
43 55 63
43 56 44
43 57 57
43 58 61
43 59 50
43 60 70
43 61 62
43 62 54
43 63 50
43 64 46
43 65 60
43 66 36
43 67 53
43 68 52
43 69 55
43 70 51
43 71 45
43 72 56
43 73 56
43 74 34
43 75 46
43 76 40
44 0 56
44 1 63
44 2 65
44 3 55
44 4 49
44 5 37
44 6 49
44 7 53
44 8 60
44 9 66
44 10 58
44 11 39
44 12 62
44 13 62
44 14 43
44 15 34
44 16 50
44 17 39
44 18 65
44 19 49
44 20 62
44 21 66
44 22 73
44 23 59
44 24 53
44 25 10
44 26 58
44 27 10
44 28 56
44 29 71
44 30 69
44 31 53
44 32 72
44 33 57
44 34 52
44 35 75
44 36 10
44 37 54
44 38 57
44 39 65
44 40 10
44 41 53
44 42 10
44 43 69
44 44 100
44 45 50
44 46 25
44 47 70
44 48 60
44 49 57
44 50 63
44 51 52
44 52 53
44 53 55
44 54 44
44 55 56
44 56 60
44 57 51
44 58 68
44 59 54
44 60 58
44 61 60
44 62 59
44 63 44
44 64 44
44 65 52
44 66 40
44 67 57
44 68 53
44 69 53
44 70 51
44 71 43
44 72 49
44 73 52
44 74 28
44 75 54
44 76 39
45 0 41
45 1 39
45 2 42
45 3 53
45 4 40
45 5 33
45 6 32
45 7 28
45 8 30
45 9 47
45 10 38
45 11 35
45 12 51
45 13 44
45 14 29
45 15 41
45 16 36
45 17 24
45 18 39
45 19 44
45 20 39
45 21 55
45 22 40
45 23 26
45 24 50
45 25 5
45 26 46
45 27 3
45 28 45
45 29 49
45 30 38
45 31 43
45 32 59
45 33 53
45 34 56
45 35 43
45 36 5
45 37 58
45 38 44
45 39 54
45 40 3
45 41 51
45 42 5
45 43 48
45 44 50
45 45 100
45 46 26
45 47 55
45 48 50
45 49 44
45 50 28
45 51 34
45 52 37
45 53 50
45 54 47
45 55 34
45 56 33
45 57 41
45 58 35
45 59 34
45 60 53
45 61 45
45 62 43
45 63 32
45 64 39
45 65 33
45 66 44
45 67 43
45 68 37
45 69 47
45 70 35
45 71 28
45 72 40
45 73 53
45 74 36
45 75 46
45 76 34
46 0 25
46 1 14
46 2 18
46 3 22
46 4 20
46 5 31
46 6 36
46 7 23
46 8 27
46 9 22
46 10 24
46 11 11
46 12 24
46 13 30
46 14 26
46 15 14
46 16 24
46 17 31
46 18 36
46 19 17
46 20 26
46 21 21
46 22 34
46 23 37
46 24 18
46 25 65
46 26 24
46 27 66
46 28 14
46 29 22
46 30 22
46 31 26
46 32 21
46 33 27
46 34 31
46 35 34
46 36 65
46 37 17
46 38 29
46 39 23
46 40 66
46 41 21
46 42 66
46 43 24
46 44 25
46 45 26
46 46 99
46 47 14
46 48 25
46 49 23
46 50 21
46 51 19
46 52 30
46 53 15
46 54 16
46 55 25
46 56 18
46 57 21
46 58 17
46 59 22
46 60 20
46 61 24
46 62 30
46 63 18
46 64 22
46 65 18
46 66 28
46 67 23
46 68 17
46 69 15
46 70 22
46 71 20
46 72 25
46 73 21
46 74 22
46 75 15
46 76 22
47 0 38
47 1 66
47 2 67
47 3 68
47 4 39
47 5 36
47 6 37
47 7 52
47 8 51
47 9 63
47 10 59
47 11 50
47 12 47
47 13 63
47 14 38
47 15 44
47 16 58
47 17 22
47 18 46
47 19 47
47 20 62
47 21 61
47 22 53
47 23 48
47 24 61
47 25 6
47 26 53
47 27 4
47 28 66
47 29 65
47 30 56
47 31 41
47 32 71
47 33 56
47 34 58
47 35 62
47 36 6
47 37 54
47 38 60
47 39 67
47 40 4
47 41 55
47 42 5
47 43 68
47 44 70
47 45 55
47 46 14
47 47 100
47 48 56
47 49 61
47 50 54
47 51 54
47 52 47
47 53 64
47 54 56
47 55 57
47 56 51
47 57 55
47 58 69
47 59 52
47 60 66
47 61 55
47 62 50
47 63 47
47 64 47
47 65 49
47 66 39
47 67 54
47 68 47
47 69 52
47 70 39
47 71 38
47 72 43
47 73 44
47 74 32
47 75 50
47 76 40
48 0 59
48 1 56
48 2 64
48 3 66
48 4 51
48 5 49
48 6 50
48 7 71
48 8 62
48 9 65
48 10 57
48 11 44
48 12 57
48 13 57
48 14 46
48 15 34
48 16 47
48 17 28
48 18 72
48 19 48
48 20 55
48 21 63
48 22 67
48 23 65
48 24 58
48 25 12
48 26 66
48 27 12
48 28 51
48 29 67
48 30 71
48 31 47
48 32 69
48 33 62
48 34 56
48 35 63
48 36 12
48 37 72
48 38 63
48 39 74
48 40 12
48 41 69
48 42 11
48 43 60
48 44 60
48 45 50
48 46 25
48 47 56
48 48 100
48 49 62
48 50 55
48 51 68
48 52 67
48 53 54
48 54 49
48 55 62
48 56 38
48 57 48
48 58 57
48 59 52
48 60 78
48 61 60
48 62 49
48 63 40
48 64 44
48 65 49
48 66 62
48 67 55
48 68 51
48 69 45
48 70 76
48 71 46
48 72 52
48 73 52
48 74 59
48 75 67
48 76 66
49 0 37
49 1 51
49 2 56
49 3 62
49 4 36
49 5 42
49 6 49
49 7 57
49 8 49
49 9 52
49 10 58
49 11 50
49 12 45
49 13 55
49 14 39
49 15 28
49 16 49
49 17 15
49 18 50
49 19 35
49 20 56
49 21 52
49 22 51
49 23 52
49 24 57
49 25 10
49 26 51
49 27 10
49 28 49
49 29 42
49 30 49
49 31 34
49 32 57
49 33 52
49 34 36
49 35 55
49 36 10
49 37 49
49 38 53
49 39 71
49 40 10
49 41 56
49 42 8
49 43 61
49 44 57
49 45 44
49 46 23
49 47 61
49 48 62
49 49 100
49 50 49
49 51 43
49 52 52
49 53 56
49 54 39
49 55 44
49 56 40
49 57 45
49 58 53
49 59 54
49 60 66
49 61 51
49 62 53
49 63 43
49 64 45
49 65 51
49 66 40
49 67 55
49 68 48
49 69 44
49 70 47
49 71 35
49 72 53
49 73 41
49 74 34
49 75 49
49 76 42
50 0 59
50 1 60
50 2 64
50 3 62
50 4 55
50 5 43
50 6 41
50 7 62
50 8 65
50 9 49
50 10 52
50 11 30
50 12 42
50 13 55
50 14 24
50 15 15
50 16 35
50 17 24
50 18 65
50 19 37
50 20 54
50 21 44
50 22 69
50 23 61
50 24 42
50 25 16
50 26 54
50 27 16
50 28 45
50 29 58
50 30 65
50 31 35
50 32 59
50 33 45
50 34 38
50 35 66
50 36 16
50 37 55
50 38 57
50 39 60
50 40 16
50 41 50
50 42 16
50 43 55
50 44 63
50 45 28
50 46 21
50 47 54
50 48 55
50 49 49
50 50 100
50 51 59
50 52 48
50 53 39
50 54 37
50 55 58
50 56 45
50 57 39
50 58 69
50 59 38
50 60 58
50 61 52
50 62 48
50 63 40
50 64 38
50 65 48
50 66 41
50 67 46
50 68 42
50 69 40
50 70 58
50 71 43
50 72 43
50 73 39
50 74 36
50 75 58
50 76 41
51 0 55
51 1 63
51 2 63
51 3 52
51 4 53
51 5 49
51 6 44
51 7 66
51 8 56
51 9 61
51 10 52
51 11 41
51 12 51
51 13 56
51 14 39
51 15 28
51 16 43
51 17 25
51 18 61
51 19 50
51 20 53
51 21 64
51 22 62
51 23 54
51 24 44
51 25 10
51 26 56
51 27 10
51 28 50
51 29 65
51 30 70
51 31 39
51 32 61
51 33 57
51 34 56
51 35 58
51 36 10
51 37 57
51 38 61
51 39 65
51 40 10
51 41 54
51 42 11
51 43 57
51 44 52
51 45 34
51 46 19
51 47 54
51 48 68
51 49 43
51 50 59
51 51 100
51 52 58
51 53 43
51 54 50
51 55 67
51 56 42
51 57 53
51 58 64
51 59 50
51 60 66
51 61 59
51 62 46
51 63 41
51 64 37
51 65 46
51 66 42
51 67 45
51 68 49
51 69 38
51 70 69
51 71 49
51 72 44
51 73 47
51 74 47
51 75 52
51 76 48
52 0 40
52 1 53
52 2 55
52 3 52
52 4 46
52 5 48
52 6 49
52 7 60
52 8 56
52 9 57
52 10 56
52 11 38
52 12 51
52 13 59
52 14 54
52 15 36
52 16 51
52 17 25
52 18 54
52 19 44
52 20 54
52 21 57
52 22 55
52 23 54
52 24 53
52 25 14
52 26 53
52 27 12
52 28 46
52 29 49
52 30 53
52 31 42
52 32 56
52 33 48
52 34 48
52 35 58
52 36 14
52 37 56
52 38 59
52 39 63
52 40 12
52 41 60
52 42 10
52 43 57
52 44 53
52 45 37
52 46 30
52 47 47
52 48 67
52 49 52
52 50 48
52 51 58
52 52 100
52 53 50
52 54 48
52 55 61
52 56 47
52 57 47
52 58 51
52 59 51
52 60 60
52 61 57
52 62 50
52 63 41
52 64 41
52 65 44
52 66 54
52 67 50
52 68 42
52 69 39
52 70 57
52 71 46
52 72 45
52 73 46
52 74 47
52 75 54
52 76 52
53 0 31
53 1 53
53 2 59
53 3 61
53 4 26
53 5 36
53 6 48
53 7 45
53 8 42
53 9 59
53 10 59
53 11 42
53 12 39
53 13 63
53 14 43
53 15 46
53 16 53
53 17 15
53 18 38
53 19 44
53 20 60
53 21 65
53 22 40
53 23 43
53 24 70
53 25 4
53 26 52
53 27 3
53 28 59
53 29 47
53 30 46
53 31 42
53 32 59
53 33 48
53 34 61
53 35 52
53 36 4
53 37 48
53 38 56
53 39 67
53 40 3
53 41 53
53 42 2
53 43 57
53 44 55
53 45 50
53 46 15
53 47 64
53 48 54
53 49 56
53 50 39
53 51 43
53 52 50
53 53 100
53 54 51
53 55 49
53 56 48
53 57 63
53 58 63
53 59 56
53 60 61
53 61 60
53 62 49
53 63 43
53 64 44
53 65 47
53 66 39
53 67 58
53 68 45
53 69 44
53 70 33
53 71 40
53 72 43
53 73 43
53 74 35
53 75 41
53 76 44
54 0 22
54 1 57
54 2 59
54 3 54
54 4 31
54 5 38
54 6 38
54 7 50
54 8 39
54 9 48
54 10 53
54 11 44
54 12 36
54 13 49
54 14 35
54 15 38
54 16 49
54 17 17
54 18 32
54 19 33
54 20 51
54 21 52
54 22 32
54 23 45
54 24 50
54 25 0
54 26 38
54 27 0
54 28 61
54 29 49
54 30 40
54 31 32
54 32 57
54 33 49
54 34 60
54 35 43
54 36 0
54 37 48
54 38 50
54 39 55
54 40 0
54 41 50
54 42 0
54 43 52
54 44 44
54 45 47
54 46 16
54 47 56
54 48 49
54 49 39
54 50 37
54 51 50
54 52 48
54 53 51
54 54 99
54 55 54
54 56 42
54 57 60
54 58 57
54 59 47
54 60 57
54 61 44
54 62 39
54 63 44
54 64 52
54 65 49
54 66 42
54 67 49
54 68 39
54 69 34
54 70 36
54 71 42
54 72 41
54 73 41
54 74 37
54 75 39
54 76 39
55 0 40
55 1 71
55 2 72
55 3 57
55 4 42
55 5 48
55 6 54
55 7 64
55 8 65
55 9 76
55 10 66
55 11 45
55 12 48
55 13 64
55 14 48
55 15 36
55 16 57
55 17 20
55 18 49
55 19 49
55 20 56
55 21 58
55 22 53
55 23 52
55 24 54
55 25 6
55 26 52
55 27 7
55 28 67
55 29 61
55 30 59
55 31 43
55 32 64
55 33 53
55 34 51
55 35 58
55 36 6
55 37 44
55 38 71
55 39 61
55 40 7
55 41 53
55 42 7
55 43 63
55 44 56
55 45 34
55 46 25
55 47 57
55 48 62
55 49 44
55 50 58
55 51 67
55 52 61
55 53 49
55 54 54
55 55 99
55 56 45
55 57 54
55 58 68
55 59 45
55 60 66
55 61 60
55 62 50
55 63 46
55 64 45
55 65 54
55 66 35
55 67 55
55 68 48
55 69 42
55 70 51
55 71 50
55 72 49
55 73 42
55 74 35
55 75 41
55 76 44
56 0 24
56 1 66
56 2 57
56 3 48
56 4 27
56 5 36
56 6 36
56 7 48
56 8 42
56 9 47
56 10 59
56 11 42
56 12 41
56 13 57
56 14 35
56 15 33
56 16 52
56 17 9
56 18 35
56 19 36
56 20 53
56 21 50
56 22 41
56 23 48
56 24 51
56 25 5
56 26 40
56 27 2
56 28 56
56 29 41
56 30 47
56 31 33
56 32 57
56 33 38
56 34 39
56 35 54
56 36 5
56 37 38
56 38 53
56 39 51
56 40 2
56 41 37
56 42 3
56 43 44
56 44 60
56 45 33
56 46 18
56 47 51
56 48 38
56 49 40
56 50 45
56 51 42
56 52 47
56 53 48
56 54 42
56 55 45
56 56 99
56 57 49
56 58 62
56 59 50
56 60 47
56 61 46
56 62 49
56 63 42
56 64 38
56 65 44
56 66 41
56 67 52
56 68 42
56 69 41
56 70 34
56 71 35
56 72 37
56 73 34
56 74 27
56 75 40
56 76 32
57 0 31
57 1 63
57 2 55
57 3 56
57 4 29
57 5 33
57 6 38
57 7 51
57 8 43
57 9 57
57 10 60
57 11 51
57 12 39
57 13 58
57 14 42
57 15 38
57 16 53
57 17 12
57 18 33
57 19 41
57 20 60
57 21 60
57 22 37
57 23 48
57 24 57
57 25 5
57 26 42
57 27 5
57 28 59
57 29 45
57 30 43
57 31 41
57 32 58
57 33 47
57 34 58
57 35 52
57 36 5
57 37 46
57 38 59
57 39 61
57 40 5
57 41 52
57 42 5
57 43 57
57 44 51
57 45 41
57 46 21
57 47 55
57 48 48
57 49 45
57 50 39
57 51 53
57 52 47
57 53 63
57 54 60
57 55 54
57 56 49
57 57 99
57 58 62
57 59 51
57 60 55
57 61 57
57 62 47
57 63 43
57 64 40
57 65 52
57 66 36
57 67 55
57 68 42
57 69 45
57 70 40
57 71 39
57 72 47
57 73 44
57 74 38
57 75 36
57 76 41
58 0 38
58 1 73
58 2 70
58 3 68
58 4 39
58 5 46
58 6 49
58 7 64
58 8 61
58 9 66
58 10 63
58 11 49
58 12 43
58 13 71
58 14 45
58 15 32
58 16 61
58 17 15
58 18 53
58 19 47
58 20 64
58 21 64
58 22 54
58 23 61
58 24 60
58 25 10
58 26 52
58 27 10
58 28 67
58 29 57
58 30 69
58 31 41
58 32 72
58 33 52
58 34 54
58 35 64
58 36 10
58 37 54
58 38 70
58 39 68
58 40 10
58 41 57
58 42 9
58 43 61
58 44 68
58 45 35
58 46 17
58 47 69
58 48 57
58 49 53
58 50 69
58 51 64
58 52 51
58 53 63
58 54 57
58 55 68
58 56 62
58 57 62
58 58 100
58 59 60
58 60 68
58 61 63
58 62 54
58 63 49
58 64 44
58 65 56
58 66 48
58 67 62
58 68 52
58 69 48
58 70 52
58 71 51
58 72 48
58 73 41
58 74 41
58 75 51
58 76 51
59 0 23
59 1 48
59 2 54
59 3 47
59 4 26
59 5 41
59 6 51
59 7 48
59 8 43
59 9 50
59 10 60
59 11 38
59 12 36
59 13 63
59 14 44
59 15 30
59 16 59
59 17 14
59 18 38
59 19 39
59 20 54
59 21 59
59 22 37
59 23 51
59 24 49
59 25 1
59 26 44
59 27 0
59 28 45
59 29 40
59 30 45
59 31 38
59 32 49
59 33 44
59 34 45
59 35 57
59 36 1
59 37 40
59 38 47
59 39 62
59 40 0
59 41 50
59 42 0
59 43 50
59 44 54
59 45 34
59 46 22
59 47 52
59 48 52
59 49 54
59 50 38
59 51 50
59 52 51
59 53 56
59 54 47
59 55 45
59 56 50
59 57 51
59 58 60
59 59 100
59 60 48
59 61 54
59 62 57
59 63 47
59 64 44
59 65 52
59 66 37
59 67 56
59 68 47
59 69 42
59 70 37
59 71 44
59 72 43
59 73 41
59 74 30
59 75 38
59 76 43
60 0 52
60 1 66
60 2 69
60 3 72
60 4 53
60 5 52
60 6 50
60 7 71
60 8 60
60 9 72
60 10 66
60 11 52
60 12 60
60 13 58
60 14 38
60 15 44
60 16 53
60 17 22
60 18 59
60 19 55
60 20 64
60 21 71
60 22 62
60 23 56
60 24 61
60 25 11
60 26 60
60 27 11
60 28 70
60 29 63
60 30 60
60 31 47
60 32 77
60 33 67
60 34 61
60 35 58
60 36 11
60 37 73
60 38 71
60 39 78
60 40 11
60 41 67
60 42 9
60 43 70
60 44 58
60 45 53
60 46 20
60 47 66
60 48 78
60 49 66
60 50 58
60 51 66
60 52 60
60 53 61
60 54 57
60 55 66
60 56 47
60 57 55
60 58 68
60 59 48
60 60 100
60 61 65
60 62 56
60 63 47
60 64 45
60 65 55
60 66 58
60 67 61
60 68 59
60 69 52
60 70 67
60 71 49
60 72 58
60 73 56
60 74 57
60 75 60
60 76 54
61 0 49
61 1 53
61 2 60
61 3 60
61 4 51
61 5 50
61 6 50
61 7 59
61 8 58
61 9 73
61 10 64
61 11 40
61 12 55
61 13 71
61 14 43
61 15 35
61 16 56
61 17 17
61 18 50
61 19 54
61 20 63
61 21 68
61 22 57
61 23 57
61 24 58
61 25 14
61 26 50
61 27 14
61 28 54
61 29 48
61 30 56
61 31 49
61 32 67
61 33 58
61 34 53
61 35 58
61 36 14
61 37 60
61 38 62
61 39 68
61 40 14
61 41 56
61 42 14
61 43 62
61 44 60
61 45 45
61 46 24
61 47 55
61 48 60
61 49 51
61 50 52
61 51 59
61 52 57
61 53 60
61 54 44
61 55 60
61 56 46
61 57 57
61 58 63
61 59 54
61 60 65
61 61 99
61 62 66
61 63 44
61 64 40
61 65 52
61 66 44
61 67 67
61 68 62
61 69 59
61 70 60
61 71 46
61 72 52
61 73 64
61 74 47
61 75 54
61 76 51
62 0 46
62 1 44
62 2 58
62 3 51
62 4 56
62 5 56
62 6 56
62 7 54
62 8 49
62 9 60
62 10 62
62 11 35
62 12 51
62 13 56
62 14 35
62 15 32
62 16 48
62 17 22
62 18 47
62 19 51
62 20 68
62 21 65
62 22 58
62 23 55
62 24 50
62 25 12
62 26 49
62 27 11
62 28 57
62 29 47
62 30 49
62 31 49
62 32 66
62 33 56
62 34 45
62 35 59
62 36 12
62 37 47
62 38 53
62 39 59
62 40 11
62 41 42
62 42 11
62 43 54
62 44 59
62 45 43
62 46 30
62 47 50
62 48 49
62 49 53
62 50 48
62 51 46
62 52 50
62 53 49
62 54 39
62 55 50
62 56 49
62 57 47
62 58 54
62 59 57
62 60 56
62 61 66
62 62 100
62 63 56
62 64 50
62 65 62
62 66 38
62 67 72
62 68 63
62 69 53
62 70 47
62 71 50
62 72 57
62 73 63
62 74 34
62 75 42
62 76 35
63 0 25
63 1 47
63 2 56
63 3 47
63 4 36
63 5 41
63 6 44
63 7 47
63 8 38
63 9 46
63 10 53
63 11 29
63 12 30
63 13 49
63 14 29
63 15 34
63 16 46
63 17 8
63 18 31
63 19 29
63 20 56
63 21 51
63 22 37
63 23 46
63 24 43
63 25 5
63 26 33
63 27 3
63 28 55
63 29 37
63 30 36
63 31 31
63 32 52
63 33 45
63 34 41
63 35 44
63 36 5
63 37 40
63 38 44
63 39 54
63 40 3
63 41 49
63 42 2
63 43 50
63 44 44
63 45 32
63 46 18
63 47 47
63 48 40
63 49 43
63 50 40
63 51 41
63 52 41
63 53 43
63 54 44
63 55 46
63 56 42
63 57 43
63 58 49
63 59 47
63 60 47
63 61 44
63 62 56
63 63 99
63 64 75
63 65 66
63 66 32
63 67 51
63 68 57
63 69 38
63 70 31
63 71 46
63 72 47
63 73 40
63 74 33
63 75 33
63 76 28
64 0 24
64 1 49
64 2 56
64 3 44
64 4 35
64 5 42
64 6 41
64 7 48
64 8 39
64 9 47
64 10 51
64 11 28
64 12 31
64 13 45
64 14 29
64 15 32
64 16 42
64 17 8
64 18 33
64 19 26
64 20 53
64 21 43
64 22 37
64 23 46
64 24 45
64 25 3
64 26 36
64 27 3
64 28 53
64 29 38
64 30 34
64 31 28
64 32 49
64 33 42
64 34 44
64 35 44
64 36 3
64 37 43
64 38 42
64 39 51
64 40 3
64 41 52
64 42 2
64 43 46
64 44 44
64 45 39
64 46 22
64 47 47
64 48 44
64 49 45
64 50 38
64 51 37
64 52 41
64 53 44
64 54 52
64 55 45
64 56 38
64 57 40
64 58 44
64 59 44
64 60 45
64 61 40
64 62 50
64 63 75
64 64 99
64 65 63
64 66 34
64 67 44
64 68 46
64 69 29
64 70 29
64 71 43
64 72 49
64 73 37
64 74 30
64 75 39
64 76 31
65 0 40
65 1 59
65 2 66
65 3 52
65 4 37
65 5 46
65 6 45
65 7 49
65 8 42
65 9 55
65 10 62
65 11 29
65 12 39
65 13 53
65 14 32
65 15 31
65 16 47
65 17 17
65 18 39
65 19 33
65 20 57
65 21 55
65 22 47
65 23 50
65 24 48
65 25 1
65 26 42
65 27 1
65 28 59
65 29 47
65 30 50
65 31 41
65 32 62
65 33 58
65 34 46
65 35 52
65 36 1
65 37 43
65 38 50
65 39 64
65 40 1
65 41 55
65 42 1
65 43 60
65 44 52
65 45 33
65 46 18
65 47 49
65 48 49
65 49 51
65 50 48
65 51 46
65 52 44
65 53 47
65 54 49
65 55 54
65 56 44
65 57 52
65 58 56
65 59 52
65 60 55
65 61 52
65 62 62
65 63 66
65 64 63
65 65 100
65 66 29
65 67 54
65 68 57
65 69 44
65 70 38
65 71 43
65 72 64
65 73 45
65 74 36
65 75 38
65 76 31
66 0 33
66 1 40
66 2 41
66 3 58
66 4 39
66 5 36
66 6 32
66 7 55
66 8 51
66 9 41
66 10 34
66 11 35
66 12 42
66 13 46
66 14 46
66 15 27
66 16 37
66 17 17
66 18 51
66 19 27
66 20 39
66 21 44
66 22 43
66 23 54
66 24 47
66 25 11
66 26 40
66 27 12
66 28 38
66 29 41
66 30 44
66 31 32
66 32 55
66 33 38
66 34 39
66 35 45
66 36 11
66 37 65
66 38 51
66 39 51
66 40 12
66 41 57
66 42 10
66 43 36
66 44 40
66 45 44
66 46 28
66 47 39
66 48 62
66 49 40
66 50 41
66 51 42
66 52 54
66 53 39
66 54 42
66 55 35
66 56 41
66 57 36
66 58 48
66 59 37
66 60 58
66 61 44
66 62 38
66 63 32
66 64 34
66 65 29
66 66 99
66 67 44
66 68 33
66 69 37
66 70 59
66 71 37
66 72 34
66 73 41
66 74 59
66 75 60
66 76 61
67 0 42
67 1 49
67 2 59
67 3 62
67 4 45
67 5 47
67 6 50
67 7 56
67 8 49
67 9 60
67 10 65
67 11 44
67 12 54
67 13 61
67 14 45
67 15 31
67 16 56
67 17 17
67 18 43
67 19 46
67 20 65
67 21 66
67 22 50
67 23 54
67 24 57
67 25 10
67 26 45
67 27 10
67 28 62
67 29 46
67 30 49
67 31 48
67 32 70
67 33 53
67 34 47
67 35 60
67 36 10
67 37 50
67 38 58
67 39 66
67 40 10
67 41 48
67 42 10
67 43 53
67 44 57
67 45 43
67 46 23
67 47 54
67 48 55
67 49 55
67 50 46
67 51 45
67 52 50
67 53 58
67 54 49
67 55 55
67 56 52
67 57 55
67 58 62
67 59 56
67 60 61
67 61 67
67 62 72
67 63 51
67 64 44
67 65 54
67 66 44
67 67 100
67 68 55
67 69 60
67 70 51
67 71 48
67 72 59
67 73 54
67 74 36
67 75 43
67 76 42
68 0 43
68 1 48
68 2 60
68 3 47
68 4 54
68 5 44
68 6 49
68 7 53
68 8 47
68 9 57
68 10 55
68 11 31
68 12 44
68 13 54
68 14 32
68 15 27
68 16 47
68 17 14
68 18 43
68 19 49
68 20 54
68 21 61
68 22 50
68 23 54
68 24 47
68 25 9
68 26 40
68 27 8
68 28 54
68 29 44
68 30 51
68 31 47
68 32 60
68 33 50
68 34 44
68 35 50
68 36 9
68 37 50
68 38 50
68 39 62
68 40 8
68 41 48
68 42 8
68 43 52
68 44 53
68 45 37
68 46 17
68 47 47
68 48 51
68 49 48
68 50 42
68 51 49
68 52 42
68 53 45
68 54 39
68 55 48
68 56 42
68 57 42
68 58 52
68 59 47
68 60 59
68 61 62
68 62 63
68 63 57
68 64 46
68 65 57
68 66 33
68 67 55
68 68 100
68 69 47
68 70 53
68 71 48
68 72 54
68 73 57
68 74 41
68 75 45
68 76 39
69 0 47
69 1 53
69 2 52
69 3 55
69 4 45
69 5 36
69 6 34
69 7 42
69 8 35
69 9 57
69 10 52
69 11 30
69 12 49
69 13 56
69 14 29
69 15 32
69 16 51
69 17 9
69 18 35
69 19 48
69 20 43
69 21 57
69 22 45
69 23 41
69 24 52
69 25 10
69 26 42
69 27 8
69 28 44
69 29 43
69 30 42
69 31 45
69 32 62
69 33 45
69 34 47
69 35 42
69 36 10
69 37 54
69 38 51
69 39 58
69 40 8
69 41 46
69 42 8
69 43 55
69 44 53
69 45 47
69 46 15
69 47 52
69 48 45
69 49 44
69 50 40
69 51 38
69 52 39
69 53 44
69 54 34
69 55 42
69 56 41
69 57 45
69 58 48
69 59 42
69 60 52
69 61 59
69 62 53
69 63 38
69 64 29
69 65 44
69 66 37
69 67 60
69 68 47
69 69 99
69 70 46
69 71 33
69 72 50
69 73 54
69 74 32
69 75 44
69 76 38
70 0 68
70 1 49
70 2 49
70 3 56
70 4 62
70 5 48
70 6 44
70 7 77
70 8 58
70 9 59
70 10 48
70 11 35
70 12 60
70 13 49
70 14 36
70 15 20
70 16 41
70 17 27
70 18 74
70 19 46
70 20 45
70 21 57
70 22 69
70 23 60
70 24 44
70 25 16
70 26 56
70 27 18
70 28 35
70 29 58
70 30 71
70 31 42
70 32 63
70 33 56
70 34 45
70 35 57
70 36 16
70 37 70
70 38 59
70 39 61
70 40 18
70 41 62
70 42 18
70 43 51
70 44 51
70 45 35
70 46 22
70 47 39
70 48 76
70 49 47
70 50 58
70 51 69
70 52 57
70 53 33
70 54 36
70 55 51
70 56 34
70 57 40
70 58 52
70 59 37
70 60 67
70 61 60
70 62 47
70 63 31
70 64 29
70 65 38
70 66 59
70 67 51
70 68 53
70 69 46
70 70 100
70 71 53
70 72 50
70 73 49
70 74 61
70 75 62
70 76 69
71 0 38
71 1 42
71 2 51
71 3 43
71 4 45
71 5 51
71 6 56
71 7 61
71 8 47
71 9 46
71 10 49
71 11 34
71 12 36
71 13 51
71 14 35
71 15 36
71 16 39
71 17 13
71 18 42
71 19 39
71 20 52
71 21 48
71 22 46
71 23 53
71 24 40
71 25 6
71 26 40
71 27 6
71 28 48
71 29 41
71 30 47
71 31 42
71 32 50
71 33 40
71 34 44
71 35 48
71 36 6
71 37 44
71 38 51
71 39 51
71 40 6
71 41 48
71 42 6
71 43 45
71 44 43
71 45 28
71 46 20
71 47 38
71 48 46
71 49 35
71 50 43
71 51 49
71 52 46
71 53 40
71 54 42
71 55 50
71 56 35
71 57 39
71 58 51
71 59 44
71 60 49
71 61 46
71 62 50
71 63 46
71 64 43
71 65 43
71 66 37
71 67 48
71 68 48
71 69 33
71 70 53
71 71 100
71 72 54
71 73 46
71 74 39
71 75 39
71 76 41
72 0 52
72 1 49
72 2 61
72 3 52
72 4 48
72 5 61
72 6 54
72 7 55
72 8 43
72 9 58
72 10 54
72 11 26
72 12 53
72 13 51
72 14 33
72 15 29
72 16 41
72 17 23
72 18 49
72 19 43
72 20 60
72 21 55
72 22 55
72 23 50
72 24 45
72 25 11
72 26 46
72 27 13
72 28 53
72 29 47
72 30 52
72 31 52
72 32 61
72 33 57
72 34 48
72 35 52
72 36 11
72 37 50
72 38 52
72 39 58
72 40 13
72 41 52
72 42 12
72 43 56
72 44 49
72 45 40
72 46 25
72 47 43
72 48 52
72 49 53
72 50 43
72 51 44
72 52 45
72 53 43
72 54 41
72 55 49
72 56 37
72 57 47
72 58 48
72 59 43
72 60 58
72 61 52
72 62 57
72 63 47
72 64 49
72 65 64
72 66 34
72 67 59
72 68 54
72 69 50
72 70 50
72 71 54
72 72 99
72 73 55
72 74 34
72 75 46
72 76 34
73 0 55
73 1 37
73 2 57
73 3 50
73 4 63
73 5 45
73 6 41
73 7 46
73 8 49
73 9 59
73 10 46
73 11 34
73 12 61
73 13 51
73 14 35
73 15 39
73 16 40
73 17 23
73 18 43
73 19 55
73 20 50
73 21 63
73 22 55
73 23 45
73 24 44
73 25 6
73 26 44
73 27 6
73 28 47
73 29 48
73 30 44
73 31 64
73 32 64
73 33 61
73 34 59
73 35 46
73 36 6
73 37 62
73 38 46
73 39 59
73 40 6
73 41 51
73 42 6
73 43 56
73 44 52
73 45 53
73 46 21
73 47 44
73 48 52
73 49 41
73 50 39
73 51 47
73 52 46
73 53 43
73 54 41
73 55 42
73 56 34
73 57 44
73 58 41
73 59 41
73 60 56
73 61 64
73 62 63
73 63 40
73 64 37
73 65 45
73 66 41
73 67 54
73 68 57
73 69 54
73 70 49
73 71 46
73 72 55
73 73 99
73 74 44
73 75 52
73 76 31
74 0 39
74 1 35
74 2 39
74 3 52
74 4 40
74 5 35
74 6 31
74 7 55
74 8 39
74 9 37
74 10 36
74 11 32
74 12 36
74 13 34
74 14 33
74 15 32
74 16 35
74 17 9
74 18 43
74 19 33
74 20 35
74 21 39
74 22 38
74 23 41
74 24 39
74 25 9
74 26 32
74 27 9
74 28 35
74 29 36
74 30 38
74 31 28
74 32 46
74 33 43
74 34 43
74 35 35
74 36 9
74 37 65
74 38 49
74 39 50
74 40 9
74 41 60
74 42 9
74 43 34
74 44 28
74 45 36
74 46 22
74 47 32
74 48 59
74 49 34
74 50 36
74 51 47
74 52 47
74 53 35
74 54 37
74 55 35
74 56 27
74 57 38
74 58 41
74 59 30
74 60 57
74 61 47
74 62 34
74 63 33
74 64 30
74 65 36
74 66 59
74 67 36
74 68 41
74 69 32
74 70 61
74 71 39
74 72 34
74 73 44
74 74 100
74 75 58
74 76 61
75 0 52
75 1 47
75 2 57
75 3 57
75 4 53
75 5 42
75 6 32
75 7 58
75 8 63
75 9 48
75 10 41
75 11 28
75 12 50
75 13 46
75 14 28
75 15 24
75 16 34
75 17 16
75 18 56
75 19 44
75 20 43
75 21 47
75 22 57
75 23 51
75 24 46
75 25 5
75 26 51
75 27 5
75 28 40
75 29 51
75 30 55
75 31 41
75 32 64
75 33 49
75 34 50
75 35 52
75 36 5
75 37 80
75 38 53
75 39 56
75 40 5
75 41 71
75 42 5
75 43 46
75 44 54
75 45 46
75 46 15
75 47 50
75 48 67
75 49 49
75 50 58
75 51 52
75 52 54
75 53 41
75 54 39
75 55 41
75 56 40
75 57 36
75 58 51
75 59 38
75 60 60
75 61 54
75 62 42
75 63 33
75 64 39
75 65 38
75 66 60
75 67 43
75 68 45
75 69 44
75 70 62
75 71 39
75 72 46
75 73 52
75 74 58
75 75 100
75 76 56
76 0 33
76 1 41
76 2 43
76 3 57
76 4 31
76 5 43
76 6 39
76 7 64
76 8 48
76 9 45
76 10 42
76 11 37
76 12 35
76 13 52
76 14 49
76 15 28
76 16 45
76 17 11
76 18 47
76 19 37
76 20 32
76 21 42
76 22 41
76 23 50
76 24 52
76 25 12
76 26 44
76 27 13
76 28 33
76 29 38
76 30 49
76 31 32
76 32 49
76 33 41
76 34 42
76 35 43
76 36 12
76 37 57
76 38 54
76 39 55
76 40 13
76 41 58
76 42 12
76 43 40
76 44 39
76 45 34
76 46 22
76 47 40
76 48 66
76 49 42
76 50 41
76 51 48
76 52 52
76 53 44
76 54 39
76 55 44
76 56 32
76 57 41
76 58 51
76 59 43
76 60 54
76 61 51
76 62 35
76 63 28
76 64 31
76 65 31
76 66 61
76 67 42
76 68 39
76 69 38
76 70 69
76 71 41
76 72 34
76 73 31
76 74 61
76 75 56
76 76 99
