0 0 100
0 1 25
0 2 61
0 3 53
0 4 49
0 5 91
0 6 27
0 7 59
0 8 55
0 9 78
0 10 50
0 11 65
0 12 58
0 13 41
0 14 55
0 15 61
0 16 72
0 17 58
0 18 38
0 19 42
0 20 67
0 21 52
0 22 47
0 23 47
0 24 45
0 25 52
0 26 41
0 27 70
0 28 52
0 29 67
0 30 47
0 31 52
0 32 48
0 33 74
0 34 57
0 35 33
0 36 70
0 37 62
0 38 64
0 39 65
0 40 44
0 41 35
0 42 67
0 43 38
0 44 52
0 45 52
0 46 74
0 47 53
0 48 38
0 49 47
1 0 25
1 1 99
1 2 41
1 3 37
1 4 38
1 5 34
1 6 89
1 7 47
1 8 47
1 9 41
1 10 40
1 11 47
1 12 50
1 13 16
1 14 27
1 15 44
1 16 41
1 17 44
1 18 43
1 19 48
1 20 41
1 21 45
1 22 38
1 23 34
1 24 48
1 25 37
1 26 36
1 27 44
1 28 20
1 29 38
1 30 53
1 31 53
1 32 49
1 33 38
1 34 50
1 35 39
1 36 46
1 37 46
1 38 44
1 39 39
1 40 38
1 41 35
1 42 41
1 43 47
1 44 39
1 45 36
1 46 39
1 47 35
1 48 44
1 49 41
2 0 61
2 1 41
2 2 100
2 3 52
2 4 68
2 5 60
2 6 39
2 7 82
2 8 55
2 9 70
2 10 53
2 11 53
2 12 55
2 13 41
2 14 47
2 15 87
2 16 58
2 17 56
2 18 39
2 19 49
2 20 70
2 21 53
2 22 55
2 23 54
2 24 61
2 25 47
2 26 45
2 27 66
2 28 52
2 29 55
2 30 64
2 31 60
2 32 52
2 33 63
2 34 63
2 35 40
2 36 56
2 37 63
2 38 67
2 39 59
2 40 44
2 41 38
2 42 67
2 43 55
2 44 42
2 45 41
2 46 59
2 47 38
2 48 42
2 49 44
3 0 53
3 1 37
3 2 52
3 3 99
3 4 55
3 5 60
3 6 38
3 7 61
3 8 56
3 9 64
3 10 53
3 11 56
3 12 59
3 13 37
3 14 50
3 15 61
3 16 67
3 17 65
3 18 56
3 19 52
3 20 77
3 21 61
3 22 55
3 23 73
3 24 63
3 25 46
3 26 42
3 27 63
3 28 61
3 29 66
3 30 63
3 31 72
3 32 56
3 33 53
3 34 52
3 35 35
3 36 57
3 37 59
3 38 56
3 39 54
3 40 36
3 41 38
3 42 69
3 43 44
3 44 61
3 45 48
3 46 60
3 47 48
3 48 45
3 49 59
4 0 49
4 1 38
4 2 68
4 3 55
4 4 99
4 5 52
4 6 40
4 7 63
4 8 47
4 9 57
4 10 43
4 11 44
4 12 48
4 13 44
4 14 42
4 15 66
4 16 54
4 17 54
4 18 37
4 19 46
4 20 66
4 21 52
4 22 50
4 23 54
4 24 63
4 25 42
4 26 31
4 27 63
4 28 59
4 29 54
4 30 75
4 31 65
4 32 56
4 33 53
4 34 44
4 35 43
4 36 54
4 37 55
4 38 56
4 39 59
4 40 39
4 41 40
4 42 70
4 43 51
4 44 42
4 45 43
4 46 49
4 47 42
4 48 47
4 49 52
5 0 91
5 1 34
5 2 60
5 3 60
5 4 52
5 5 100
5 6 38
5 7 61
5 8 62
5 9 82
5 10 56
5 11 63
5 12 66
5 13 40
5 14 60
5 15 65
5 16 73
5 17 63
5 18 47
5 19 51
5 20 69
5 21 57
5 22 54
5 23 50
5 24 52
5 25 56
5 26 48
5 27 74
5 28 52
5 29 72
5 30 56
5 31 61
5 32 55
5 33 74
5 34 61
5 35 40
5 36 72
5 37 67
5 38 66
5 39 70
5 40 51
5 41 44
5 42 69
5 43 48
5 44 60
5 45 61
5 46 73
5 47 61
5 48 50
5 49 58
6 0 27
6 1 89
6 2 39
6 3 38
6 4 40
6 5 38
6 6 99
6 7 46
6 8 50
6 9 42
6 10 41
6 11 47
6 12 49
6 13 16
6 14 26
6 15 44
6 16 41
6 17 46
6 18 44
6 19 49
6 20 42
6 21 52
6 22 42
6 23 40
6 24 50
6 25 40
6 26 39
6 27 44
6 28 23
6 29 43
6 30 56
6 31 55
6 32 55
6 33 38
6 34 50
6 35 37
6 36 44
6 37 50
6 38 42
6 39 43
6 40 40
6 41 38
6 42 42
6 43 49
6 44 48
6 45 44
6 46 38
6 47 52
6 48 48
6 49 51
7 0 59
7 1 47
7 2 82
7 3 61
7 4 63
7 5 61
7 6 46
7 7 99
7 8 65
7 9 69
7 10 64
7 11 64
7 12 63
7 13 33
7 14 51
7 15 81
7 16 62
7 17 60
7 18 51
7 19 50
7 20 73
7 21 59
7 22 63
7 23 65
7 24 66
7 25 51
7 26 59
7 27 67
7 28 51
7 29 65
7 30 68
7 31 68
7 32 69
7 33 67
7 34 68
7 35 49
7 36 60
7 37 61
7 38 67
7 39 60
7 40 38
7 41 36
7 42 67
7 43 58
7 44 52
7 45 50
7 46 65
7 47 44
7 48 49
7 49 55
8 0 55
8 1 47
8 2 55
8 3 56
8 4 47
8 5 62
8 6 50
8 7 65
8 8 100
8 9 63
8 10 69
8 11 61
8 12 71
8 13 26
8 14 52
8 15 70
8 16 63
8 17 67
8 18 55
8 19 54
8 20 66
8 21 60
8 22 66
8 23 51
8 24 54
8 25 60
8 26 63
8 27 60
8 28 40
8 29 68
8 30 61
8 31 63
8 32 63
8 33 66
8 34 64
8 35 55
8 36 60
8 37 71
8 38 58
8 39 66
8 40 57
8 41 37
8 42 61
8 43 54
8 44 63
8 45 68
8 46 70
8 47 55
8 48 62
8 49 64
9 0 78
9 1 41
9 2 70
9 3 64
9 4 57
9 5 82
9 6 42
9 7 69
9 8 63
9 9 99
9 10 65
9 11 65
9 12 72
9 13 49
9 14 64
9 15 74
9 16 68
9 17 65
9 18 49
9 19 60
9 20 73
9 21 58
9 22 59
9 23 56
9 24 59
9 25 62
9 26 54
9 27 79
9 28 59
9 29 67
9 30 63
9 31 66
9 32 59
9 33 76
9 34 74
9 35 43
9 36 73
9 37 74
9 38 77
9 39 66
9 40 50
9 41 53
9 42 72
9 43 59
9 44 64
9 45 52
9 46 76
9 47 57
9 48 50
9 49 57
10 0 50
10 1 40
10 2 53
10 3 53
10 4 43
10 5 56
10 6 41
10 7 64
10 8 69
10 9 65
10 10 100
10 11 60
10 12 67
10 13 27
10 14 51
10 15 66
10 16 59
10 17 60
10 18 59
10 19 52
10 20 66
10 21 58
10 22 62
10 23 49
10 24 54
10 25 52
10 26 61
10 27 55
10 28 47
10 29 59
10 30 61
10 31 59
10 32 51
10 33 63
10 34 59
10 35 42
10 36 51
10 37 57
10 38 62
10 39 56
10 40 43
10 41 37
10 42 62
10 43 51
10 44 61
10 45 51
10 46 64
10 47 48
10 48 55
10 49 62
11 0 65
11 1 47
11 2 53
11 3 56
11 4 44
11 5 63
11 6 47
11 7 64
11 8 61
11 9 65
11 10 60
11 11 100
11 12 68
11 13 26
11 14 48
11 15 59
11 16 68
11 17 61
11 18 51
11 19 50
11 20 66
11 21 54
11 22 53
11 23 54
11 24 49
11 25 51
11 26 53
11 27 65
11 28 47
11 29 65
11 30 58
11 31 60
11 32 57
11 33 64
11 34 62
11 35 38
11 36 61
11 37 59
11 38 60
11 39 60
11 40 36
11 41 34
11 42 63
11 43 44
11 44 53
11 45 50
11 46 74
11 47 45
11 48 47
11 49 58
12 0 58
12 1 50
12 2 55
12 3 59
12 4 48
12 5 66
12 6 49
12 7 63
12 8 71
12 9 72
12 10 67
12 11 68
12 12 100
12 13 30
12 14 53
12 15 63
12 16 61
12 17 60
12 18 56
12 19 66
12 20 67
12 21 54
12 22 61
12 23 44
12 24 55
12 25 53
12 26 56
12 27 68
12 28 41
12 29 64
12 30 65
12 31 67
12 32 53
12 33 64
12 34 68
12 35 53
12 36 62
12 37 63
12 38 68
12 39 62
12 40 50
12 41 50
12 42 62
12 43 60
12 44 63
12 45 56
12 46 73
12 47 51
12 48 56
12 49 65
13 0 41
13 1 16
13 2 41
13 3 37
13 4 44
13 5 40
13 6 16
13 7 33
13 8 26
13 9 49
13 10 27
13 11 26
13 12 30
13 13 99
13 14 51
13 15 37
13 16 37
13 17 30
13 18 20
13 19 45
13 20 45
13 21 28
13 22 38
13 23 30
13 24 32
13 25 37
13 26 18
13 27 51
13 28 43
13 29 39
13 30 36
13 31 31
13 32 28
13 33 49
13 34 44
13 35 20
13 36 40
13 37 49
13 38 41
13 39 33
13 40 26
13 41 43
13 42 46
13 43 19
13 44 26
13 45 26
13 46 34
13 47 31
13 48 28
13 49 24
14 0 55
14 1 27
14 2 47
14 3 50
14 4 42
14 5 60
14 6 26
14 7 51
14 8 52
14 9 64
14 10 51
14 11 48
14 12 53
14 13 51
14 14 99
14 15 53
14 16 52
14 17 57
14 18 44
14 19 55
14 20 60
14 21 41
14 22 48
14 23 36
14 24 42
14 25 49
14 26 41
14 27 57
14 28 42
14 29 55
14 30 52
14 31 45
14 32 44
14 33 61
14 34 56
14 35 34
14 36 49
14 37 60
14 38 58
14 39 55
14 40 45
14 41 44
14 42 55
14 43 37
14 44 48
14 45 46
14 46 64
14 47 40
14 48 48
14 49 49
15 0 61
15 1 44
15 2 87
15 3 61
15 4 66
15 5 65
15 6 44
15 7 81
15 8 70
15 9 74
15 10 66
15 11 59
15 12 63
15 13 37
15 14 53
15 15 99
15 16 62
15 17 64
15 18 48
15 19 51
15 20 72
15 21 59
15 22 62
15 23 60
15 24 65
15 25 55
15 26 56
15 27 68
15 28 52
15 29 64
15 30 68
15 31 67
15 32 63
15 33 69
15 34 67
15 35 48
15 36 58
15 37 69
15 38 67
15 39 68
15 40 51
15 41 37
15 42 68
15 43 62
15 44 53
15 45 52
15 46 66
15 47 46
15 48 53
15 49 58
16 0 72
16 1 41
16 2 58
16 3 67
16 4 54
16 5 73
16 6 41
16 7 62
16 8 63
16 9 68
16 10 59
16 11 68
16 12 61
16 13 37
16 14 52
16 15 62
16 16 99
16 17 78
16 18 62
16 19 54
16 20 75
16 21 61
16 22 57
16 23 58
16 24 59
16 25 57
16 26 41
16 27 73
16 28 56
16 29 72
16 30 59
16 31 70
16 32 56
16 33 70
16 34 59
16 35 40
16 36 64
16 37 65
16 38 64
16 39 64
16 40 49
16 41 42
16 42 70
16 43 44
16 44 57
16 45 54
16 46 74
16 47 51
16 48 48
16 49 59
17 0 58
17 1 44
17 2 56
17 3 65
17 4 54
17 5 63
17 6 46
17 7 60
17 8 67
17 9 65
17 10 60
17 11 61
17 12 60
17 13 30
17 14 57
17 15 64
17 16 78
17 17 99
17 18 65
17 19 54
17 20 73
17 21 67
17 22 59
17 23 64
17 24 62
17 25 54
17 26 45
17 27 64
17 28 56
17 29 67
17 30 63
17 31 69
17 32 63
17 33 60
17 34 56
17 35 41
17 36 58
17 37 70
17 38 58
17 39 61
17 40 50
17 41 37
17 42 68
17 43 46
17 44 62
17 45 54
17 46 67
17 47 49
17 48 60
17 49 65
18 0 38
18 1 43
18 2 39
18 3 56
18 4 37
18 5 47
18 6 44
18 7 51
18 8 55
18 9 49
18 10 59
18 11 51
18 12 56
18 13 20
18 14 44
18 15 48
18 16 62
18 17 65
18 18 100
18 19 44
18 20 61
18 21 53
18 22 53
18 23 43
18 24 46
18 25 44
18 26 41
18 27 55
18 28 37
18 29 52
18 30 54
18 31 53
18 32 46
18 33 50
18 34 53
18 35 40
18 36 43
18 37 49
18 38 48
18 39 49
18 40 43
18 41 47
18 42 54
18 43 47
18 44 58
18 45 45
18 46 51
18 47 35
18 48 45
18 49 55
19 0 42
19 1 48
19 2 49
19 3 52
19 4 46
19 5 51
19 6 49
19 7 50
19 8 54
19 9 60
19 10 52
19 11 50
19 12 66
19 13 45
19 14 55
19 15 51
19 16 54
19 17 54
19 18 44
19 19 100
19 20 54
19 21 50
19 22 57
19 23 41
19 24 55
19 25 51
19 26 44
19 27 61
19 28 40
19 29 52
19 30 61
19 31 63
19 32 46
19 33 50
19 34 59
19 35 40
19 36 52
19 37 56
19 38 54
19 39 48
19 40 43
19 41 51
19 42 56
19 43 47
19 44 49
19 45 42
19 46 56
19 47 43
19 48 52
19 49 49
20 0 67
20 1 41
20 2 70
20 3 77
20 4 66
20 5 69
20 6 42
20 7 73
20 8 66
20 9 73
20 10 66
20 11 66
20 12 67
20 13 45
20 14 60
20 15 72
20 16 75
20 17 73
20 18 61
20 19 54
20 20 100
20 21 64
20 22 68
20 23 69
20 24 70
20 25 53
20 26 55
20 27 81
20 28 63
20 29 71
20 30 71
20 31 72
20 32 60
20 33 70
20 34 62
20 35 39
20 36 62
20 37 65
20 38 67
20 39 72
20 40 47
20 41 44
20 42 80
20 43 52
20 44 61
20 45 58
20 46 72
20 47 47
20 48 51
20 49 61
21 0 52
21 1 45
21 2 53
21 3 61
21 4 52
21 5 57
21 6 52
21 7 59
21 8 60
21 9 58
21 10 58
21 11 54
21 12 54
21 13 28
21 14 41
21 15 59
21 16 61
21 17 67
21 18 53
21 19 50
21 20 64
21 21 100
21 22 56
21 23 62
21 24 57
21 25 46
21 26 50
21 27 51
21 28 48
21 29 58
21 30 57
21 31 59
21 32 61
21 33 57
21 34 51
21 35 37
21 36 52
21 37 66
21 38 53
21 39 50
21 40 50
21 41 28
21 42 61
21 43 46
21 44 61
21 45 50
21 46 55
21 47 53
21 48 48
21 49 63
22 0 47
22 1 38
22 2 55
22 3 55
22 4 50
22 5 54
22 6 42
22 7 63
22 8 66
22 9 59
22 10 62
22 11 53
22 12 61
22 13 38
22 14 48
22 15 62
22 16 57
22 17 59
22 18 53
22 19 57
22 20 68
22 21 56
22 22 100
22 23 52
22 24 61
22 25 63
22 26 51
22 27 66
22 28 52
22 29 63
22 30 63
22 31 62
22 32 57
22 33 57
22 34 62
22 35 47
22 36 57
22 37 68
22 38 50
22 39 58
22 40 44
22 41 41
22 42 70
22 43 47
22 44 54
22 45 55
22 46 56
22 47 42
22 48 50
22 49 50
23 0 47
23 1 34
23 2 54
23 3 73
23 4 54
23 5 50
23 6 40
23 7 65
23 8 51
23 9 56
23 10 49
23 11 54
23 12 44
23 13 30
23 14 36
23 15 60
23 16 58
23 17 64
23 18 43
23 19 41
23 20 69
23 21 62
23 22 52
23 23 99
23 24 64
23 25 43
23 26 44
23 27 56
23 28 62
23 29 60
23 30 60
23 31 69
23 32 65
23 33 48
23 34 45
23 35 26
23 36 46
23 37 59
23 38 47
23 39 47
23 40 25
23 41 27
23 42 62
23 43 37
23 44 48
23 45 39
23 46 50
23 47 46
23 48 43
23 49 54
24 0 45
24 1 48
24 2 61
24 3 63
24 4 63
24 5 52
24 6 50
24 7 66
24 8 54
24 9 59
24 10 54
24 11 49
24 12 55
24 13 32
24 14 42
24 15 65
24 16 59
24 17 62
24 18 46
24 19 55
24 20 70
24 21 57
24 22 61
24 23 64
24 24 100
24 25 53
24 26 47
24 27 63
24 28 51
24 29 57
24 30 71
24 31 73
24 32 60
24 33 55
24 34 51
24 35 40
24 36 53
24 37 57
24 38 59
24 39 55
24 40 36
24 41 37
24 42 69
24 43 50
24 44 53
24 45 45
24 46 51
24 47 43
24 48 49
24 49 52
25 0 52
25 1 37
25 2 47
25 3 46
25 4 42
25 5 56
25 6 40
25 7 51
25 8 60
25 9 62
25 10 52
25 11 51
25 12 53
25 13 37
25 14 49
25 15 55
25 16 57
25 17 54
25 18 44
25 19 51
25 20 53
25 21 46
25 22 63
25 23 43
25 24 53
25 25 100
25 26 39
25 27 64
25 28 36
25 29 58
25 30 49
25 31 53
25 32 49
25 33 60
25 34 61
25 35 35
25 36 60
25 37 58
25 38 60
25 39 55
25 40 49
25 41 40
25 42 52
25 43 43
25 44 50
25 45 51
25 46 55
25 47 45
25 48 49
25 49 49
26 0 41
26 1 36
26 2 45
26 3 42
26 4 31
26 5 48
26 6 39
26 7 59
26 8 63
26 9 54
26 10 61
26 11 53
26 12 56
26 13 18
26 14 41
26 15 56
26 16 41
26 17 45
26 18 41
26 19 44
26 20 55
26 21 50
26 22 51
26 23 44
26 24 47
26 25 39
26 26 100
26 27 51
26 28 28
26 29 50
26 30 50
26 31 48
26 32 56
26 33 55
26 34 56
26 35 39
26 36 43
26 37 48
26 38 50
26 39 54
26 40 31
26 41 24
26 42 50
26 43 52
26 44 51
26 45 48
26 46 51
26 47 36
26 48 51
26 49 52
27 0 70
27 1 44
27 2 66
27 3 63
27 4 63
27 5 74
27 6 44
27 7 67
27 8 60
27 9 79
27 10 55
27 11 65
27 12 68
27 13 51
27 14 57
27 15 68
27 16 73
27 17 64
27 18 55
27 19 61
27 20 81
27 21 51
27 22 66
27 23 56
27 24 63
27 25 64
27 26 51
27 27 100
27 28 56
27 29 73
27 30 69
27 31 73
27 32 58
27 33 70
27 34 74
27 35 45
27 36 73
27 37 64
27 38 66
27 39 68
27 40 46
27 41 54
27 42 74
27 43 56
27 44 58
27 45 54
27 46 72
27 47 48
27 48 53
27 49 58
28 0 52
28 1 20
28 2 52
28 3 61
28 4 59
28 5 52
28 6 23
28 7 51
28 8 40
28 9 59
28 10 47
28 11 47
28 12 41
28 13 43
28 14 42
28 15 52
28 16 56
28 17 56
28 18 37
28 19 40
28 20 63
28 21 48
28 22 52
28 23 62
28 24 51
28 25 36
28 26 28
28 27 56
28 28 99
28 29 50
28 30 50
28 31 58
28 32 42
28 33 54
28 34 41
28 35 22
28 36 50
28 37 55
28 38 50
28 39 45
28 40 20
28 41 27
28 42 71
28 43 27
28 44 47
28 45 32
28 46 51
28 47 42
28 48 30
28 49 41
29 0 67
29 1 38
29 2 55
29 3 66
29 4 54
29 5 72
29 6 43
29 7 65
29 8 68
29 9 67
29 10 59
29 11 65
29 12 64
29 13 39
29 14 55
29 15 64
29 16 72
29 17 67
29 18 52
29 19 52
29 20 71
29 21 58
29 22 63
29 23 60
29 24 57
29 25 58
29 26 50
29 27 73
29 28 50
29 29 100
29 30 62
29 31 70
29 32 67
29 33 65
29 34 65
29 35 53
29 36 74
29 37 65
29 38 59
29 39 67
29 40 48
29 41 37
29 42 69
29 43 55
29 44 60
29 45 64
29 46 68
29 47 58
29 48 58
29 49 67
30 0 47
30 1 53
30 2 64
30 3 63
30 4 75
30 5 56
30 6 56
30 7 68
30 8 61
30 9 63
30 10 61
30 11 58
30 12 65
30 13 36
30 14 52
30 15 68
30 16 59
30 17 63
30 18 54
30 19 61
30 20 71
30 21 57
30 22 63
30 23 60
30 24 71
30 25 49
30 26 50
30 27 69
30 28 50
30 29 62
30 30 99
30 31 74
30 32 65
30 33 52
30 34 57
30 35 50
30 36 55
30 37 62
30 38 59
30 39 65
30 40 40
30 41 51
30 42 73
30 43 57
30 44 59
30 45 51
30 46 60
30 47 43
30 48 61
30 49 63
31 0 52
31 1 53
31 2 60
31 3 72
31 4 65
31 5 61
31 6 55
31 7 68
31 8 63
31 9 66
31 10 59
31 11 60
31 12 67
31 13 31
31 14 45
31 15 67
31 16 70
31 17 69
31 18 53
31 19 63
31 20 72
31 21 59
31 22 62
31 23 69
31 24 73
31 25 53
31 26 48
31 27 73
31 28 58
31 29 70
31 30 74
31 31 99
31 32 65
31 33 55
31 34 64
31 35 43
31 36 65
31 37 64
31 38 62
31 39 63
31 40 41
31 41 39
31 42 70
31 43 59
31 44 57
31 45 48
31 46 65
31 47 48
31 48 59
31 49 64
32 0 48
32 1 49
32 2 52
32 3 56
32 4 56
32 5 55
32 6 55
32 7 69
32 8 63
32 9 59
32 10 51
32 11 57
32 12 53
32 13 28
32 14 44
32 15 63
32 16 56
32 17 63
32 18 46
32 19 46
32 20 60
32 21 61
32 22 57
32 23 65
32 24 60
32 25 49
32 26 56
32 27 58
32 28 42
32 29 67
32 30 65
32 31 65
32 32 100
32 33 56
32 34 57
32 35 50
32 36 52
32 37 60
32 38 49
32 39 58
32 40 38
32 41 35
32 42 58
32 43 55
32 44 53
32 45 57
32 46 55
32 47 47
32 48 62
32 49 61
33 0 74
33 1 38
33 2 63
33 3 53
33 4 53
33 5 74
33 6 38
33 7 67
33 8 66
33 9 76
33 10 63
33 11 64
33 12 64
33 13 49
33 14 61
33 15 69
33 16 70
33 17 60
33 18 50
33 19 50
33 20 70
33 21 57
33 22 57
33 23 48
33 24 55
33 25 60
33 26 55
33 27 70
33 28 54
33 29 65
33 30 52
33 31 55
33 32 56
33 33 99
33 34 71
33 35 43
33 36 70
33 37 67
33 38 73
33 39 67
33 40 49
33 41 41
33 42 68
33 43 53
33 44 64
33 45 58
33 46 70
33 47 55
33 48 50
33 49 53
34 0 57
34 1 50
34 2 63
34 3 52
34 4 44
34 5 61
34 6 50
34 7 68
34 8 64
34 9 74
34 10 59
34 11 62
34 12 68
34 13 44
34 14 56
34 15 67
34 16 59
34 17 56
34 18 53
34 19 59
34 20 62
34 21 51
34 22 62
34 23 45
34 24 51
34 25 61
34 26 56
34 27 74
34 28 41
34 29 65
34 30 57
34 31 64
34 32 57
34 33 71
34 34 99
34 35 49
34 36 70
34 37 67
34 38 67
34 39 58
34 40 45
34 41 49
34 42 59
34 43 58
34 44 58
34 45 50
34 46 69
34 47 42
34 48 50
34 49 53
35 0 33
35 1 39
35 2 40
35 3 35
35 4 43
35 5 40
35 6 37
35 7 49
35 8 55
35 9 43
35 10 42
35 11 38
35 12 53
35 13 20
35 14 34
35 15 48
35 16 40
35 17 41
35 18 40
35 19 40
35 20 39
35 21 37
35 22 47
35 23 26
35 24 40
35 25 35
35 26 39
35 27 45
35 28 22
35 29 53
35 30 50
35 31 43
35 32 50
35 33 43
35 34 49
35 35 100
35 36 51
35 37 43
35 38 38
35 39 37
35 40 48
35 41 40
35 42 39
35 43 52
35 44 44
35 45 42
35 46 41
35 47 32
35 48 45
35 49 45
36 0 70
36 1 46
36 2 56
36 3 57
36 4 54
36 5 72
36 6 44
36 7 60
36 8 60
36 9 73
36 10 51
36 11 61
36 12 62
36 13 40
36 14 49
36 15 58
36 16 64
36 17 58
36 18 43
36 19 52
36 20 62
36 21 52
36 22 57
36 23 46
36 24 53
36 25 60
36 26 43
36 27 73
36 28 50
36 29 74
36 30 55
36 31 65
36 32 52
36 33 70
36 34 70
36 35 51
36 36 100
36 37 63
36 38 63
36 39 61
36 40 44
36 41 35
36 42 63
36 43 52
36 44 57
36 45 55
36 46 63
36 47 57
36 48 49
36 49 55
37 0 62
37 1 46
37 2 63
37 3 59
37 4 55
37 5 67
37 6 50
37 7 61
37 8 71
37 9 74
37 10 57
37 11 59
37 12 63
37 13 49
37 14 60
37 15 69
37 16 65
37 17 70
37 18 49
37 19 56
37 20 65
37 21 66
37 22 68
37 23 59
37 24 57
37 25 58
37 26 48
37 27 64
37 28 55
37 29 65
37 30 62
37 31 64
37 32 60
37 33 67
37 34 67
37 35 43
37 36 63
37 37 99
37 38 64
37 39 66
37 40 59
37 41 45
37 42 67
37 43 51
37 44 59
37 45 54
37 46 66
37 47 55
37 48 54
37 49 61
38 0 64
38 1 44
38 2 67
38 3 56
38 4 56
38 5 66
38 6 42
38 7 67
38 8 58
38 9 77
38 10 62
38 11 60
38 12 68
38 13 41
38 14 58
38 15 67
38 16 64
38 17 58
38 18 48
38 19 54
38 20 67
38 21 53
38 22 50
38 23 47
38 24 59
38 25 60
38 26 50
38 27 66
38 28 50
38 29 59
38 30 59
38 31 62
38 32 49
38 33 73
38 34 67
38 35 38
38 36 63
38 37 64
38 38 100
38 39 61
38 40 45
38 41 36
38 42 65
38 43 53
38 44 56
38 45 45
38 46 67
38 47 50
38 48 49
38 49 57
39 0 65
39 1 39
39 2 59
39 3 54
39 4 59
39 5 70
39 6 43
39 7 60
39 8 66
39 9 66
39 10 56
39 11 60
39 12 62
39 13 33
39 14 55
39 15 68
39 16 64
39 17 61
39 18 49
39 19 48
39 20 72
39 21 50
39 22 58
39 23 47
39 24 55
39 25 55
39 26 54
39 27 68
39 28 45
39 29 67
39 30 65
39 31 63
39 32 58
39 33 67
39 34 58
39 35 37
39 36 61
39 37 66
39 38 61
39 39 99
39 40 47
39 41 37
39 42 71
39 43 54
39 44 56
39 45 66
39 46 67
39 47 49
39 48 58
39 49 57
40 0 44
40 1 38
40 2 44
40 3 36
40 4 39
40 5 51
40 6 40
40 7 38
40 8 57
40 9 50
40 10 43
40 11 36
40 12 50
40 13 26
40 14 45
40 15 51
40 16 49
40 17 50
40 18 43
40 19 43
40 20 47
40 21 50
40 22 44
40 23 25
40 24 36
40 25 49
40 26 31
40 27 46
40 28 20
40 29 48
40 30 40
40 31 41
40 32 38
40 33 49
40 34 45
40 35 48
40 36 44
40 37 59
40 38 45
40 39 47
40 40 100
40 41 42
40 42 41
40 43 43
40 44 39
40 45 53
40 46 44
40 47 43
40 48 40
40 49 47
41 0 35
41 1 35
41 2 38
41 3 38
41 4 40
41 5 44
41 6 38
41 7 36
41 8 37
41 9 53
41 10 37
41 11 34
41 12 50
41 13 43
41 14 44
41 15 37
41 16 42
41 17 37
41 18 47
41 19 51
41 20 44
41 21 28
41 22 41
41 23 27
41 24 37
41 25 40
41 26 24
41 27 54
41 28 27
41 29 37
41 30 51
41 31 39
41 32 35
41 33 41
41 34 49
41 35 40
41 36 35
41 37 45
41 38 36
41 39 37
41 40 42
41 41 100
41 42 43
41 43 42
41 44 45
41 45 36
41 46 39
41 47 33
41 48 39
41 49 38
42 0 67
42 1 41
42 2 67
42 3 69
42 4 70
42 5 69
42 6 42
42 7 67
42 8 61
42 9 72
42 10 62
42 11 63
42 12 62
42 13 46
42 14 55
42 15 68
42 16 70
42 17 68
42 18 54
42 19 56
42 20 80
42 21 61
42 22 70
42 23 62
42 24 69
42 25 52
42 26 50
42 27 74
42 28 71
42 29 69
42 30 73
42 31 70
42 32 58
42 33 68
42 34 59
42 35 39
42 36 63
42 37 67
42 38 65
42 39 71
42 40 41
42 41 43
42 42 99
42 43 49
42 44 63
42 45 52
42 46 71
42 47 51
42 48 48
42 49 53
43 0 38
43 1 47
43 2 55
43 3 44
43 4 51
43 5 48
43 6 49
43 7 58
43 8 54
43 9 59
43 10 51
43 11 44
43 12 60
43 13 19
43 14 37
43 15 62
43 16 44
43 17 46
43 18 47
43 19 47
43 20 52
43 21 46
43 22 47
43 23 37
43 24 50
43 25 43
43 26 52
43 27 56
43 28 27
43 29 55
43 30 57
43 31 59
43 32 55
43 33 53
43 34 58
43 35 52
43 36 52
43 37 51
43 38 53
43 39 54
43 40 43
43 41 42
43 42 49
43 43 100
43 44 46
43 45 41
43 46 49
43 47 40
43 48 57
43 49 55
44 0 52
44 1 39
44 2 42
44 3 61
44 4 42
44 5 60
44 6 48
44 7 52
44 8 63
44 9 64
44 10 61
44 11 53
44 12 63
44 13 26
44 14 48
44 15 53
44 16 57
44 17 62
44 18 58
44 19 49
44 20 61
44 21 61
44 22 54
44 23 48
44 24 53
44 25 50
44 26 51
44 27 58
44 28 47
44 29 60
44 30 59
44 31 57
44 32 53
44 33 64
44 34 58
44 35 44
44 36 57
44 37 59
44 38 56
44 39 56
44 40 39
44 41 45
44 42 63
44 43 46
44 44 100
44 45 52
44 46 62
44 47 59
44 48 49
44 49 65
45 0 52
45 1 36
45 2 41
45 3 48
45 4 43
45 5 61
45 6 44
45 7 50
45 8 68
45 9 52
45 10 51
45 11 50
45 12 56
45 13 26
45 14 46
45 15 52
45 16 54
45 17 54
45 18 45
45 19 42
45 20 58
45 21 50
45 22 55
45 23 39
45 24 45
45 25 51
45 26 48
45 27 54
45 28 32
45 29 64
45 30 51
45 31 48
45 32 57
45 33 58
45 34 50
45 35 42
45 36 55
45 37 54
45 38 45
45 39 66
45 40 53
45 41 36
45 42 52
45 43 41
45 44 52
45 45 100
45 46 58
45 47 49
45 48 55
45 49 57
46 0 74
46 1 39
46 2 59
46 3 60
46 4 49
46 5 73
46 6 38
46 7 65
46 8 70
46 9 76
46 10 64
46 11 74
46 12 73
46 13 34
46 14 64
46 15 66
46 16 74
46 17 67
46 18 51
46 19 56
46 20 72
46 21 55
46 22 56
46 23 50
46 24 51
46 25 55
46 26 51
46 27 72
46 28 51
46 29 68
46 30 60
46 31 65
46 32 55
46 33 70
46 34 69
46 35 41
46 36 63
46 37 66
46 38 67
46 39 67
46 40 44
46 41 39
46 42 71
46 43 49
46 44 62
46 45 58
46 46 99
46 47 51
46 48 51
46 49 59
47 0 53
47 1 35
47 2 38
47 3 48
47 4 42
47 5 61
47 6 52
47 7 44
47 8 55
47 9 57
47 10 48
47 11 45
47 12 51
47 13 31
47 14 40
47 15 46
47 16 51
47 17 49
47 18 35
47 19 43
47 20 47
47 21 53
47 22 42
47 23 46
47 24 43
47 25 45
47 26 36
47 27 48
47 28 42
47 29 58
47 30 43
47 31 48
47 32 47
47 33 55
47 34 42
47 35 32
47 36 57
47 37 55
47 38 50
47 39 49
47 40 43
47 41 33
47 42 51
47 43 40
47 44 59
47 45 49
47 46 51
47 47 99
47 48 49
47 49 58
48 0 38
48 1 44
48 2 42
48 3 45
48 4 47
48 5 50
48 6 48
48 7 49
48 8 62
48 9 50
48 10 55
48 11 47
48 12 56
48 13 28
48 14 48
48 15 53
48 16 48
48 17 60
48 18 45
48 19 52
48 20 51
48 21 48
48 22 50
48 23 43
48 24 49
48 25 49
48 26 51
48 27 53
48 28 30
48 29 58
48 30 61
48 31 59
48 32 62
48 33 50
48 34 50
48 35 45
48 36 49
48 37 54
48 38 49
48 39 58
48 40 40
48 41 39
48 42 48
48 43 57
48 44 49
48 45 55
48 46 51
48 47 49
48 48 100
48 49 63
49 0 47
49 1 41
49 2 44
49 3 59
49 4 52
49 5 58
49 6 51
49 7 55
49 8 64
49 9 57
49 10 62
49 11 58
49 12 65
49 13 24
49 14 49
49 15 58
49 16 59
49 17 65
49 18 55
49 19 49
49 20 61
49 21 63
49 22 50
49 23 54
49 24 52
49 25 49
49 26 52
49 27 58
49 28 41
49 29 67
49 30 63
49 31 64
49 32 61
49 33 53
49 34 53
49 35 45
49 36 55
49 37 61
49 38 57
49 39 57
49 40 47
49 41 38
49 42 53
49 43 55
49 44 65
49 45 57
49 46 59
49 47 58
49 48 63
49 49 99
