0 0 100
0 1 72
0 2 46
0 3 57
0 4 59
0 5 37
0 6 74
0 7 38
0 8 90
0 9 62
0 10 58
0 11 52
0 12 48
0 13 33
0 14 67
0 15 48
0 16 54
0 17 72
0 18 51
0 19 68
0 20 55
0 21 65
0 22 52
0 23 60
0 24 42
0 25 50
0 26 64
0 27 58
0 28 46
0 29 35
0 30 70
0 31 53
0 32 43
0 33 45
0 34 65
0 35 54
0 36 59
0 37 57
1 0 72
1 1 100
1 2 51
1 3 61
1 4 57
1 5 35
1 6 64
1 7 28
1 8 71
1 9 67
1 10 50
1 11 48
1 12 47
1 13 33
1 14 70
1 15 47
1 16 52
1 17 85
1 18 67
1 19 74
1 20 56
1 21 66
1 22 55
1 23 52
1 24 38
1 25 48
1 26 63
1 27 54
1 28 43
1 29 35
1 30 60
1 31 49
1 32 47
1 33 46
1 34 54
1 35 67
1 36 60
1 37 57
2 0 46
2 1 51
2 2 99
2 3 49
2 4 34
2 5 26
2 6 47
2 7 26
2 8 52
2 9 47
2 10 36
2 11 37
2 12 32
2 13 19
2 14 48
2 15 32
2 16 34
2 17 53
2 18 59
2 19 53
2 20 86
2 21 72
2 22 31
2 23 32
2 24 30
2 25 31
2 26 45
2 27 50
2 28 29
2 29 30
2 30 48
2 31 52
2 32 35
2 33 34
2 34 57
2 35 70
2 36 77
2 37 50
3 0 57
3 1 61
3 2 49
3 3 100
3 4 45
3 5 36
3 6 53
3 7 35
3 8 57
3 9 47
3 10 38
3 11 44
3 12 43
3 13 28
3 14 58
3 15 39
3 16 46
3 17 63
3 18 62
3 19 63
3 20 56
3 21 78
3 22 46
3 23 40
3 24 39
3 25 40
3 26 52
3 27 60
3 28 38
3 29 39
3 30 54
3 31 43
3 32 37
3 33 47
3 34 57
3 35 59
3 36 61
3 37 56
4 0 59
4 1 57
4 2 34
4 3 45
4 4 99
4 5 40
4 6 71
4 7 28
4 8 54
4 9 39
4 10 51
4 11 50
4 12 50
4 13 54
4 14 59
4 15 58
4 16 63
4 17 62
4 18 48
4 19 50
4 20 39
4 21 48
4 22 61
4 23 81
4 24 54
4 25 63
4 26 52
4 27 43
4 28 57
4 29 41
4 30 58
4 31 53
4 32 61
4 33 64
4 34 63
4 35 46
4 36 42
4 37 66
5 0 37
5 1 35
5 2 26
5 3 36
5 4 40
5 5 99
5 6 41
5 7 32
5 8 36
5 9 27
5 10 34
5 11 41
5 12 45
5 13 49
5 14 40
5 15 52
5 16 43
5 17 42
5 18 36
5 19 27
5 20 31
5 21 34
5 22 45
5 23 35
5 24 37
5 25 39
5 26 38
5 27 36
5 28 61
5 29 90
5 30 40
5 31 44
5 32 44
5 33 50
5 34 39
5 35 33
5 36 34
5 37 58
6 0 74
6 1 64
6 2 47
6 3 53
6 4 71
6 5 41
6 6 100
6 7 41
6 8 70
6 9 56
6 10 55
6 11 52
6 12 52
6 13 48
6 14 73
6 15 66
6 16 63
6 17 71
6 18 53
6 19 61
6 20 54
6 21 60
6 22 52
6 23 66
6 24 51
6 25 51
6 26 61
6 27 55
6 28 60
6 29 40
6 30 71
6 31 63
6 32 57
6 33 57
6 34 66
6 35 54
6 36 54
6 37 70
7 0 38
7 1 28
7 2 26
7 3 35
7 4 28
7 5 32
7 6 41
7 7 100
7 8 30
7 9 19
7 10 28
7 11 33
7 12 45
7 13 30
7 14 32
7 15 21
7 16 29
7 17 29
7 18 32
7 19 30
7 20 29
7 21 37
7 22 36
7 23 28
7 24 36
7 25 29
7 26 23
7 27 43
7 28 27
7 29 31
7 30 34
7 31 27
7 32 39
7 33 42
7 34 33
7 35 27
7 36 31
7 37 38
8 0 90
8 1 71
8 2 52
8 3 57
8 4 54
8 5 36
8 6 70
8 7 30
8 8 99
8 9 64
8 10 56
8 11 50
8 12 46
8 13 29
8 14 69
8 15 49
8 16 52
8 17 75
8 18 53
8 19 70
8 20 62
8 21 66
8 22 52
8 23 56
8 24 38
8 25 48
8 26 64
8 27 56
8 28 46
8 29 35
8 30 67
8 31 53
8 32 42
8 33 41
8 34 62
8 35 56
8 36 62
8 37 59
9 0 62
9 1 67
9 2 47
9 3 47
9 4 39
9 5 27
9 6 56
9 7 19
9 8 64
9 9 100
9 10 46
9 11 45
9 12 38
9 13 25
9 14 61
9 15 45
9 16 41
9 17 62
9 18 51
9 19 60
9 20 51
9 21 56
9 22 38
9 23 43
9 24 29
9 25 36
9 26 67
9 27 51
9 28 37
9 29 24
9 30 64
9 31 51
9 32 33
9 33 31
9 34 43
9 35 57
9 36 56
9 37 48
10 0 58
10 1 50
10 2 36
10 3 38
10 4 51
10 5 34
10 6 55
10 7 28
10 8 56
10 9 46
10 10 99
10 11 42
10 12 57
10 13 32
10 14 57
10 15 39
10 16 42
10 17 55
10 18 45
10 19 47
10 20 42
10 21 47
10 22 49
10 23 51
10 24 39
10 25 47
10 26 44
10 27 43
10 28 34
10 29 35
10 30 60
10 31 42
10 32 43
10 33 42
10 34 55
10 35 41
10 36 49
10 37 51
11 0 52
11 1 48
11 2 37
11 3 44
11 4 50
11 5 41
11 6 52
11 7 33
11 8 50
11 9 45
11 10 42
11 11 100
11 12 42
11 13 43
11 14 50
11 15 48
11 16 40
11 17 51
11 18 49
11 19 51
11 20 46
11 21 46
11 22 39
11 23 51
11 24 45
11 25 57
11 26 47
11 27 47
11 28 49
11 29 42
11 30 49
11 31 50
11 32 53
11 33 57
11 34 48
11 35 50
11 36 49
11 37 56
12 0 48
12 1 47
12 2 32
12 3 43
12 4 50
12 5 45
12 6 52
12 7 45
12 8 46
12 9 38
12 10 57
12 11 42
12 12 100
12 13 36
12 14 55
12 15 44
12 16 51
12 17 53
12 18 45
12 19 42
12 20 35
12 21 46
12 22 61
12 23 50
12 24 47
12 25 53
12 26 50
12 27 50
12 28 43
12 29 46
12 30 55
12 31 43
12 32 52
12 33 52
12 34 54
12 35 42
12 36 40
12 37 62
13 0 33
13 1 33
13 2 19
13 3 28
13 4 54
13 5 49
13 6 48
13 7 30
13 8 29
13 9 25
13 10 32
13 11 43
13 12 36
13 13 100
13 14 36
13 15 45
13 16 48
13 17 39
13 18 31
13 19 28
13 20 25
13 21 28
13 22 44
13 23 53
13 24 51
13 25 56
13 26 32
13 27 31
13 28 56
13 29 43
13 30 30
13 31 30
13 32 44
13 33 61
13 34 48
13 35 28
13 36 27
13 37 48
14 0 67
14 1 70
14 2 48
14 3 58
14 4 59
14 5 40
14 6 73
14 7 32
14 8 69
14 9 61
14 10 57
14 11 50
14 12 55
14 13 36
14 14 100
14 15 61
14 16 58
14 17 81
14 18 60
14 19 70
14 20 59
14 21 63
14 22 57
14 23 54
14 24 45
14 25 50
14 26 68
14 27 60
14 28 49
14 29 44
14 30 68
14 31 58
14 32 52
14 33 50
14 34 63
14 35 56
14 36 58
14 37 67
15 0 48
15 1 47
15 2 32
15 3 39
15 4 58
15 5 52
15 6 66
15 7 21
15 8 49
15 9 45
15 10 39
15 11 48
15 12 44
15 13 45
15 14 61
15 15 100
15 16 56
15 17 57
15 18 41
15 19 46
15 20 40
15 21 41
15 22 49
15 23 55
15 24 40
15 25 47
15 26 56
15 27 39
15 28 58
15 29 52
15 30 60
15 31 67
15 32 57
15 33 54
15 34 51
15 35 48
15 36 40
15 37 69
16 0 54
16 1 52
16 2 34
16 3 46
16 4 63
16 5 43
16 6 63
16 7 29
16 8 52
16 9 41
16 10 42
16 11 40
16 12 51
16 13 48
16 14 58
16 15 56
16 16 100
16 17 59
16 18 47
16 19 51
16 20 39
16 21 47
16 22 60
16 23 65
16 24 49
16 25 53
16 26 51
16 27 49
16 28 59
16 29 43
16 30 51
16 31 51
16 32 52
16 33 57
16 34 57
16 35 46
16 36 43
16 37 64
17 0 72
17 1 85
17 2 53
17 3 63
17 4 62
17 5 42
17 6 71
17 7 29
17 8 75
17 9 62
17 10 55
17 11 51
17 12 53
17 13 39
17 14 81
17 15 57
17 16 59
17 17 100
17 18 67
17 19 77
17 20 62
17 21 69
17 22 57
17 23 60
17 24 43
17 25 52
17 26 67
17 27 59
17 28 49
17 29 43
17 30 64
17 31 54
17 32 52
17 33 55
17 34 66
17 35 64
17 36 63
17 37 69
18 0 51
18 1 67
18 2 59
18 3 62
18 4 48
18 5 36
18 6 53
18 7 32
18 8 53
18 9 51
18 10 45
18 11 49
18 12 45
18 13 31
18 14 60
18 15 41
18 16 47
18 17 67
18 18 100
18 19 60
18 20 55
18 21 65
18 22 49
18 23 42
18 24 43
18 25 46
18 26 47
18 27 49
18 28 38
18 29 39
18 30 52
18 31 48
18 32 41
18 33 44
18 34 58
18 35 63
18 36 66
18 37 63
19 0 68
19 1 74
19 2 53
19 3 63
19 4 50
19 5 27
19 6 61
19 7 30
19 8 70
19 9 60
19 10 47
19 11 51
19 12 42
19 13 28
19 14 70
19 15 46
19 16 51
19 17 77
19 18 60
19 19 99
19 20 61
19 21 68
19 22 51
19 23 51
19 24 42
19 25 47
19 26 65
19 27 59
19 28 42
19 29 30
19 30 58
19 31 49
19 32 45
19 33 44
19 34 59
19 35 62
19 36 63
19 37 55
20 0 55
20 1 56
20 2 86
20 3 56
20 4 39
20 5 31
20 6 54
20 7 29
20 8 62
20 9 51
20 10 42
20 11 46
20 12 35
20 13 25
20 14 59
20 15 40
20 16 39
20 17 62
20 18 55
20 19 61
20 20 99
20 21 76
20 22 36
20 23 39
20 24 31
20 25 32
20 26 50
20 27 56
20 28 34
20 29 35
20 30 55
20 31 57
20 32 42
20 33 39
20 34 62
20 35 71
20 36 77
20 37 55
21 0 65
21 1 66
21 2 72
21 3 78
21 4 48
21 5 34
21 6 60
21 7 37
21 8 66
21 9 56
21 10 47
21 11 46
21 12 46
21 13 28
21 14 63
21 15 41
21 16 47
21 17 69
21 18 65
21 19 68
21 20 76
21 21 100
21 22 51
21 23 48
21 24 40
21 25 41
21 26 59
21 27 58
21 28 36
21 29 39
21 30 60
21 31 51
21 32 41
21 33 45
21 34 68
21 35 67
21 36 77
21 37 59
22 0 52
22 1 55
22 2 31
22 3 46
22 4 61
22 5 45
22 6 52
22 7 36
22 8 52
22 9 38
22 10 49
22 11 39
22 12 61
22 13 44
22 14 57
22 15 49
22 16 60
22 17 57
22 18 49
22 19 51
22 20 36
22 21 51
22 22 100
22 23 61
22 24 48
22 25 58
22 26 49
22 27 41
22 28 44
22 29 48
22 30 51
22 31 47
22 32 51
22 33 53
22 34 53
22 35 45
22 36 41
22 37 58
23 0 60
23 1 52
23 2 32
23 3 40
23 4 81
23 5 35
23 6 66
23 7 28
23 8 56
23 9 43
23 10 51
23 11 51
23 12 50
23 13 53
23 14 54
23 15 55
23 16 65
23 17 60
23 18 42
23 19 51
23 20 39
23 21 48
23 22 61
23 23 100
23 24 55
23 25 69
23 26 52
23 27 46
23 28 56
23 29 35
23 30 55
23 31 48
23 32 53
23 33 60
23 34 60
23 35 45
23 36 42
23 37 63
24 0 42
24 1 38
24 2 30
24 3 39
24 4 54
24 5 37
24 6 51
24 7 36
24 8 38
24 9 29
24 10 39
24 11 45
24 12 47
24 13 51
24 14 45
24 15 40
24 16 49
24 17 43
24 18 43
24 19 42
24 20 31
24 21 40
24 22 48
24 23 55
24 24 100
24 25 57
24 26 39
24 27 44
24 28 55
24 29 37
24 30 39
24 31 38
24 32 43
24 33 58
24 34 51
24 35 33
24 36 36
24 37 58
25 0 50
25 1 48
25 2 31
25 3 40
25 4 63
25 5 39
25 6 51
25 7 29
25 8 48
25 9 36
25 10 47
25 11 57
25 12 53
25 13 56
25 14 50
25 15 47
25 16 53
25 17 52
25 18 46
25 19 47
25 20 32
25 21 41
25 22 58
25 23 69
25 24 57
25 25 100
25 26 43
25 27 46
25 28 55
25 29 39
25 30 45
25 31 43
25 32 51
25 33 64
25 34 57
25 35 39
25 36 41
25 37 55
26 0 64
26 1 63
26 2 45
26 3 52
26 4 52
26 5 38
26 6 61
26 7 23
26 8 64
26 9 67
26 10 44
26 11 47
26 12 50
26 13 32
26 14 68
26 15 56
26 16 51
26 17 67
26 18 47
26 19 65
26 20 50
26 21 59
26 22 49
26 23 52
26 24 39
26 25 43
26 26 99
26 27 51
26 28 46
26 29 37
26 30 65
26 31 56
26 32 48
26 33 46
26 34 52
26 35 54
26 36 52
26 37 58
27 0 58
27 1 54
27 2 50
27 3 60
27 4 43
27 5 36
27 6 55
27 7 43
27 8 56
27 9 51
27 10 43
27 11 47
27 12 50
27 13 31
27 14 60
27 15 39
27 16 49
27 17 59
27 18 49
27 19 59
27 20 56
27 21 58
27 22 41
27 23 46
27 24 44
27 25 46
27 26 51
27 27 100
27 28 40
27 29 36
27 30 54
27 31 49
27 32 46
27 33 50
27 34 52
27 35 54
27 36 58
27 37 57
28 0 46
28 1 43
28 2 29
28 3 38
28 4 57
28 5 61
28 6 60
28 7 27
28 8 46
28 9 37
28 10 34
28 11 49
28 12 43
28 13 56
28 14 49
28 15 58
28 16 59
28 17 49
28 18 38
28 19 42
28 20 34
28 21 36
28 22 44
28 23 56
28 24 55
28 25 55
28 26 46
28 27 40
28 28 99
28 29 60
28 30 46
28 31 54
28 32 48
28 33 58
28 34 51
28 35 43
28 36 41
28 37 68
29 0 35
29 1 35
29 2 30
29 3 39
29 4 41
29 5 90
29 6 40
29 7 31
29 8 35
29 9 24
29 10 35
29 11 42
29 12 46
29 13 43
29 14 44
29 15 52
29 16 43
29 17 43
29 18 39
29 19 30
29 20 35
29 21 39
29 22 48
29 23 35
29 24 37
29 25 39
29 26 37
29 27 36
29 28 60
29 29 99
29 30 42
29 31 49
29 32 46
29 33 50
29 34 40
29 35 39
29 36 39
29 37 62
30 0 70
30 1 60
30 2 48
30 3 54
30 4 58
30 5 40
30 6 71
30 7 34
30 8 67
30 9 64
30 10 60
30 11 49
30 12 55
30 13 30
30 14 68
30 15 60
30 16 51
30 17 64
30 18 52
30 19 58
30 20 55
30 21 60
30 22 51
30 23 55
30 24 39
30 25 45
30 26 65
30 27 54
30 28 46
30 29 42
30 30 100
30 31 66
30 32 52
30 33 47
30 34 64
30 35 57
30 36 56
30 37 66
31 0 53
31 1 49
31 2 52
31 3 43
31 4 53
31 5 44
31 6 63
31 7 27
31 8 53
31 9 51
31 10 42
31 11 50
31 12 43
31 13 30
31 14 58
31 15 67
31 16 51
31 17 54
31 18 48
31 19 49
31 20 57
31 21 51
31 22 47
31 23 48
31 24 38
31 25 43
31 26 56
31 27 49
31 28 54
31 29 49
31 30 66
31 31 99
31 32 60
31 33 48
31 34 55
31 35 60
31 36 57
31 37 67
32 0 43
32 1 47
32 2 35
32 3 37
32 4 61
32 5 44
32 6 57
32 7 39
32 8 42
32 9 33
32 10 43
32 11 53
32 12 52
32 13 44
32 14 52
32 15 57
32 16 52
32 17 52
32 18 41
32 19 45
32 20 42
32 21 41
32 22 51
32 23 53
32 24 43
32 25 51
32 26 48
32 27 46
32 28 48
32 29 46
32 30 52
32 31 60
32 32 100
32 33 58
32 34 53
32 35 50
32 36 45
32 37 65
33 0 45
33 1 46
33 2 34
33 3 47
33 4 64
33 5 50
33 6 57
33 7 42
33 8 41
33 9 31
33 10 42
33 11 57
33 12 52
33 13 61
33 14 50
33 15 54
33 16 57
33 17 55
33 18 44
33 19 44
33 20 39
33 21 45
33 22 53
33 23 60
33 24 58
33 25 64
33 26 46
33 27 50
33 28 58
33 29 50
33 30 47
33 31 48
33 32 58
33 33 99
33 34 57
33 35 48
33 36 40
33 37 66
34 0 65
34 1 54
34 2 57
34 3 57
34 4 63
34 5 39
34 6 66
34 7 33
34 8 62
34 9 43
34 10 55
34 11 48
34 12 54
34 13 48
34 14 63
34 15 51
34 16 57
34 17 66
34 18 58
34 19 59
34 20 62
34 21 68
34 22 53
34 23 60
34 24 51
34 25 57
34 26 52
34 27 52
34 28 51
34 29 40
34 30 64
34 31 55
34 32 53
34 33 57
34 34 100
34 35 61
34 36 69
34 37 69
35 0 54
35 1 67
35 2 70
35 3 59
35 4 46
35 5 33
35 6 54
35 7 27
35 8 56
35 9 57
35 10 41
35 11 50
35 12 42
35 13 28
35 14 56
35 15 48
35 16 46
35 17 64
35 18 63
35 19 62
35 20 71
35 21 67
35 22 45
35 23 45
35 24 33
35 25 39
35 26 54
35 27 54
35 28 43
35 29 39
35 30 57
35 31 60
35 32 50
35 33 48
35 34 61
35 35 100
35 36 77
35 37 64
36 0 59
36 1 60
36 2 77
36 3 61
36 4 42
36 5 34
36 6 54
36 7 31
36 8 62
36 9 56
36 10 49
36 11 49
36 12 40
36 13 27
36 14 58
36 15 40
36 16 43
36 17 63
36 18 66
36 19 63
36 20 77
36 21 77
36 22 41
36 23 42
36 24 36
36 25 41
36 26 52
36 27 58
36 28 41
36 29 39
36 30 56
36 31 57
36 32 45
36 33 40
36 34 69
36 35 77
36 36 99
36 37 59
37 0 57
37 1 57
37 2 50
37 3 56
37 4 66
37 5 58
37 6 70
37 7 38
37 8 59
37 9 48
37 10 51
37 11 56
37 12 62
37 13 48
37 14 67
37 15 69
37 16 64
37 17 69
37 18 63
37 19 55
37 20 55
37 21 59
37 22 58
37 23 63
37 24 58
37 25 55
37 26 58
37 27 57
37 28 68
37 29 62
37 30 66
37 31 67
37 32 65
37 33 66
37 34 69
37 35 64
37 36 59
37 37 99
