0 0 100
0 1 56
0 2 51
0 3 66
0 4 33
0 5 58
0 6 89
0 7 49
0 8 58
0 9 60
0 10 40
0 11 70
0 12 59
0 13 63
0 14 42
0 15 62
0 16 62
0 17 58
0 18 39
0 19 46
0 20 58
0 21 46
0 22 43
0 23 49
0 24 69
0 25 38
0 26 70
1 0 56
1 1 100
1 2 50
1 3 49
1 4 62
1 5 42
1 6 57
1 7 53
1 8 72
1 9 53
1 10 45
1 11 67
1 12 54
1 13 55
1 14 42
1 15 60
1 16 55
1 17 52
1 18 50
1 19 44
1 20 53
1 21 50
1 22 44
1 23 48
1 24 56
1 25 39
1 26 60
2 0 51
2 1 50
2 2 100
2 3 60
2 4 33
2 5 33
2 6 55
2 7 46
2 8 52
2 9 80
2 10 45
2 11 67
2 12 57
2 13 53
2 14 39
2 15 50
2 16 50
2 17 45
2 18 52
2 19 45
2 20 45
2 21 47
2 22 46
2 23 63
2 24 59
2 25 46
2 26 56
3 0 66
3 1 49
3 2 60
3 3 99
3 4 41
3 5 52
3 6 69
3 7 56
3 8 60
3 9 60
3 10 54
3 11 73
3 12 77
3 13 69
3 14 42
3 15 64
3 16 54
3 17 56
3 18 61
3 19 45
3 20 54
3 21 55
3 22 52
3 23 56
3 24 56
3 25 49
3 26 70
4 0 33
4 1 62
4 2 33
4 3 41
4 4 99
4 5 43
4 6 37
4 7 42
4 8 67
4 9 40
4 10 54
4 11 50
4 12 48
4 13 47
4 14 41
4 15 66
4 16 49
4 17 42
4 18 47
4 19 39
4 20 48
4 21 34
4 22 31
4 23 35
4 24 39
4 25 43
4 26 51
5 0 58
5 1 42
5 2 33
5 3 52
5 4 43
5 5 100
5 6 55
5 7 40
5 8 57
5 9 45
5 10 41
5 11 51
5 12 57
5 13 59
5 14 47
5 15 67
5 16 53
5 17 82
5 18 37
5 19 33
5 20 57
5 21 37
5 22 30
5 23 33
5 24 47
5 25 32
5 26 59
6 0 89
6 1 57
6 2 55
6 3 69
6 4 37
6 5 55
6 6 100
6 7 50
6 8 59
6 9 64
6 10 42
6 11 72
6 12 62
6 13 63
6 14 41
6 15 63
6 16 67
6 17 57
6 18 48
6 19 50
6 20 60
6 21 46
6 22 46
6 23 56
6 24 73
6 25 46
6 26 78
7 0 49
7 1 53
7 2 46
7 3 56
7 4 42
7 5 40
7 6 50
7 7 99
7 8 52
7 9 51
7 10 54
7 11 58
7 12 59
7 13 60
7 14 44
7 15 53
7 16 50
7 17 51
7 18 55
7 19 50
7 20 44
7 21 58
7 22 44
7 23 48
7 24 56
7 25 37
7 26 60
8 0 58
8 1 72
8 2 52
8 3 60
8 4 67
8 5 57
8 6 59
8 7 52
8 8 99
8 9 61
8 10 59
8 11 72
8 12 67
8 13 63
8 14 50
8 15 78
8 16 67
8 17 58
8 18 52
8 19 45
8 20 52
8 21 46
8 22 41
8 23 50
8 24 63
8 25 43
8 26 66
9 0 60
9 1 53
9 2 80
9 3 60
9 4 40
9 5 45
9 6 64
9 7 51
9 8 61
9 9 99
9 10 50
9 11 68
9 12 64
9 13 63
9 14 54
9 15 57
9 16 60
9 17 52
9 18 55
9 19 59
9 20 47
9 21 48
9 22 44
9 23 62
9 24 72
9 25 50
9 26 68
10 0 40
10 1 45
10 2 45
10 3 54
10 4 54
10 5 41
10 6 42
10 7 54
10 8 59
10 9 50
10 10 99
10 11 59
10 12 65
10 13 63
10 14 52
10 15 64
10 16 56
10 17 45
10 18 50
10 19 50
10 20 37
10 21 42
10 22 48
10 23 44
10 24 48
10 25 35
10 26 51
11 0 70
11 1 67
11 2 67
11 3 73
11 4 50
11 5 51
11 6 72
11 7 58
11 8 72
11 9 68
11 10 59
11 11 100
11 12 78
11 13 77
11 14 46
11 15 73
11 16 69
11 17 64
11 18 54
11 19 54
11 20 59
11 21 61
11 22 63
11 23 67
11 24 70
11 25 48
11 26 71
12 0 59
12 1 54
12 2 57
12 3 77
12 4 48
12 5 57
12 6 62
12 7 59
12 8 67
12 9 64
12 10 65
12 11 78
12 12 99
12 13 83
12 14 51
12 15 73
12 16 64
12 17 59
12 18 57
12 19 59
12 20 50
12 21 52
12 22 69
12 23 63
12 24 64
12 25 42
12 26 68
13 0 63
13 1 55
13 2 53
13 3 69
13 4 47
13 5 59
13 6 63
13 7 60
13 8 63
13 9 63
13 10 63
13 11 77
13 12 83
13 13 100
13 14 58
13 15 73
13 16 63
13 17 64
13 18 49
13 19 58
13 20 53
13 21 55
13 22 67
13 23 58
13 24 64
13 25 39
13 26 69
14 0 42
14 1 42
14 2 39
14 3 42
14 4 41
14 5 47
14 6 41
14 7 44
14 8 50
14 9 54
14 10 52
14 11 46
14 12 51
14 13 58
14 14 100
14 15 53
14 16 59
14 17 40
14 18 49
14 19 63
14 20 33
14 21 33
14 22 28
14 23 43
14 24 63
14 25 33
14 26 54
15 0 62
15 1 60
15 2 50
15 3 64
15 4 66
15 5 67
15 6 63
15 7 53
15 8 78
15 9 57
15 10 64
15 11 73
15 12 73
15 13 73
15 14 53
15 15 99
15 16 63
15 17 62
15 18 50
15 19 45
15 20 49
15 21 47
15 22 52
15 23 57
15 24 64
15 25 43
15 26 67
16 0 62
16 1 55
16 2 50
16 3 54
16 4 49
16 5 53
16 6 67
16 7 50
16 8 67
16 9 60
16 10 56
16 11 69
16 12 64
16 13 63
16 14 59
16 15 63
16 16 100
16 17 52
16 18 53
16 19 65
16 20 51
16 21 41
16 22 36
16 23 53
16 24 72
16 25 36
16 26 64
17 0 58
17 1 52
17 2 45
17 3 56
17 4 42
17 5 82
17 6 57
17 7 51
17 8 58
17 9 52
17 10 45
17 11 64
17 12 59
17 13 64
17 14 40
17 15 62
17 16 52
17 17 99
17 18 45
17 19 34
17 20 68
17 21 57
17 22 43
17 23 48
17 24 49
17 25 34
17 26 60
18 0 39
18 1 50
18 2 52
18 3 61
18 4 47
18 5 37
18 6 48
18 7 55
18 8 52
18 9 55
18 10 50
18 11 54
18 12 57
18 13 49
18 14 49
18 15 50
18 16 53
18 17 45
18 18 99
18 19 45
18 20 48
18 21 47
18 22 32
18 23 43
18 24 51
18 25 48
18 26 61
19 0 46
19 1 44
19 2 45
19 3 45
19 4 39
19 5 33
19 6 50
19 7 50
19 8 45
19 9 59
19 10 50
19 11 54
19 12 59
19 13 58
19 14 63
19 15 45
19 16 65
19 17 34
19 18 45
19 19 100
19 20 31
19 21 33
19 22 38
19 23 53
19 24 70
19 25 37
19 26 56
20 0 58
20 1 53
20 2 45
20 3 54
20 4 48
20 5 57
20 6 60
20 7 44
20 8 52
20 9 47
20 10 37
20 11 59
20 12 50
20 13 53
20 14 33
20 15 49
20 16 51
20 17 68
20 18 48
20 19 31
20 20 100
20 21 47
20 22 36
20 23 43
20 24 44
20 25 41
20 26 63
21 0 46
21 1 50
21 2 47
21 3 55
21 4 34
21 5 37
21 6 46
21 7 58
21 8 46
21 9 48
21 10 42
21 11 61
21 12 52
21 13 55
21 14 33
21 15 47
21 16 41
21 17 57
21 18 47
21 19 33
21 20 47
21 21 99
21 22 52
21 23 55
21 24 39
21 25 44
21 26 49
22 0 43
22 1 44
22 2 46
22 3 52
22 4 31
22 5 30
22 6 46
22 7 44
22 8 41
22 9 44
22 10 48
22 11 63
22 12 69
22 13 67
22 14 28
22 15 52
22 16 36
22 17 43
22 18 32
22 19 38
22 20 36
22 21 52
22 22 100
22 23 66
22 24 42
22 25 37
22 26 49
23 0 49
23 1 48
23 2 63
23 3 56
23 4 35
23 5 33
23 6 56
23 7 48
23 8 50
23 9 62
23 10 44
23 11 67
23 12 63
23 13 58
23 14 43
23 15 57
23 16 53
23 17 48
23 18 43
23 19 53
23 20 43
23 21 55
23 22 66
23 23 100
23 24 61
23 25 51
23 26 58
24 0 69
24 1 56
24 2 59
24 3 56
24 4 39
24 5 47
24 6 73
24 7 56
24 8 63
24 9 72
24 10 48
24 11 70
24 12 64
24 13 64
24 14 63
24 15 64
24 16 72
24 17 49
24 18 51
24 19 70
24 20 44
24 21 39
24 22 42
24 23 61
24 24 100
24 25 41
24 26 72
25 0 38
25 1 39
25 2 46
25 3 49
25 4 43
25 5 32
25 6 46
25 7 37
25 8 43
25 9 50
25 10 35
25 11 48
25 12 42
25 13 39
25 14 33
25 15 43
25 16 36
25 17 34
25 18 48
25 19 37
25 20 41
25 21 44
25 22 37
25 23 51
25 24 41
25 25 99
25 26 50
26 0 70
26 1 60
26 2 56
26 3 70
26 4 51
26 5 59
26 6 78
26 7 60
26 8 66
26 9 68
26 10 51
26 11 71
26 12 68
26 13 69
26 14 54
26 15 67
26 16 64
26 17 60
26 18 61
26 19 56
26 20 63
26 21 49
26 22 49
26 23 58
26 24 72
26 25 50
26 26 99
