0 0 100
0 1 72
0 2 65
0 3 91
0 4 76
0 5 70
0 6 63
0 7 79
0 8 72
0 9 76
0 10 70
0 11 54
0 12 60
0 13 58
0 14 63
0 15 69
0 16 74
0 17 52
0 18 65
0 19 63
0 20 52
0 21 66
0 22 50
0 23 70
0 24 67
0 25 76
0 26 58
0 27 50
0 28 34
0 29 47
1 0 72
1 1 99
1 2 68
1 3 76
1 4 72
1 5 65
1 6 53
1 7 73
1 8 65
1 9 66
1 10 63
1 11 64
1 12 66
1 13 81
1 14 68
1 15 68
1 16 83
1 17 65
1 18 60
1 19 88
1 20 65
1 21 68
1 22 56
1 23 65
1 24 68
1 25 68
1 26 57
1 27 57
1 28 33
1 29 56
2 0 65
2 1 68
2 2 100
2 3 69
2 4 75
2 5 49
2 6 37
2 7 66
2 8 67
2 9 55
2 10 46
2 11 53
2 12 62
2 13 67
2 14 60
2 15 52
2 16 69
2 17 55
2 18 46
2 19 62
2 20 61
2 21 94
2 22 60
2 23 50
2 24 64
2 25 58
2 26 57
2 27 57
2 28 34
2 29 51
3 0 91
3 1 76
3 2 69
3 3 99
3 4 85
3 5 77
3 6 70
3 7 87
3 8 75
3 9 85
3 10 74
3 11 58
3 12 66
3 13 63
3 14 72
3 15 73
3 16 83
3 17 60
3 18 77
3 19 67
3 20 58
3 21 71
3 22 55
3 23 76
3 24 73
3 25 80
3 26 61
3 27 59
3 28 37
3 29 50
4 0 76
4 1 72
4 2 75
4 3 85
4 4 100
4 5 66
4 6 56
4 7 82
4 8 70
4 9 73
4 10 60
4 11 56
4 12 66
4 13 69
4 14 64
4 15 68
4 16 77
4 17 54
4 18 70
4 19 65
4 20 59
4 21 77
4 22 62
4 23 63
4 24 74
4 25 72
4 26 56
4 27 63
4 28 38
4 29 53
5 0 70
5 1 65
5 2 49
5 3 77
5 4 66
5 5 100
5 6 88
5 7 77
5 8 54
5 9 79
5 10 70
5 11 42
5 12 64
5 13 56
5 14 61
5 15 85
5 16 82
5 17 62
5 18 87
5 19 53
5 20 42
5 21 50
5 22 39
5 23 60
5 24 61
5 25 78
5 26 48
5 27 45
5 28 35
5 29 33
6 0 63
6 1 53
6 2 37
6 3 70
6 4 56
6 5 88
6 6 100
6 7 69
6 8 43
6 9 77
6 10 67
6 11 35
6 12 55
6 13 39
6 14 49
6 15 81
6 16 70
6 17 49
6 18 85
6 19 37
6 20 37
6 21 40
6 22 27
6 23 54
6 24 51
6 25 74
6 26 40
6 27 37
6 28 27
6 29 23
7 0 79
7 1 73
7 2 66
7 3 87
7 4 82
7 5 77
7 6 69
7 7 99
7 8 71
7 9 80
7 10 72
7 11 62
7 12 68
7 13 68
7 14 62
7 15 74
7 16 78
7 17 56
7 18 73
7 19 63
7 20 58
7 21 69
7 22 55
7 23 69
7 24 77
7 25 79
7 26 61
7 27 64
7 28 38
7 29 57
8 0 72
8 1 65
8 2 67
8 3 75
8 4 70
8 5 54
8 6 43
8 7 71
8 8 99
8 9 68
8 10 61
8 11 49
8 12 51
8 13 57
8 14 65
8 15 56
8 16 64
8 17 49
8 18 47
8 19 61
8 20 48
8 21 68
8 22 59
8 23 63
8 24 69
8 25 65
8 26 60
8 27 54
8 28 38
8 29 49
9 0 76
9 1 66
9 2 55
9 3 85
9 4 73
9 5 79
9 6 77
9 7 80
9 8 68
9 9 100
9 10 70
9 11 53
9 12 61
9 13 54
9 14 68
9 15 80
9 16 76
9 17 55
9 18 79
9 19 54
9 20 52
9 21 60
9 22 53
9 23 70
9 24 67
9 25 79
9 26 57
9 27 56
9 28 41
9 29 43
10 0 70
10 1 63
10 2 46
10 3 74
10 4 60
10 5 70
10 6 67
10 7 72
10 8 61
10 9 70
10 10 99
10 11 57
10 12 54
10 13 52
10 14 56
10 15 68
10 16 67
10 17 47
10 18 64
10 19 56
10 20 51
10 21 51
10 22 39
10 23 78
10 24 71
10 25 76
10 26 51
10 27 46
10 28 34
10 29 47
11 0 54
11 1 64
11 2 53
11 3 58
11 4 56
11 5 42
11 6 35
11 7 62
11 8 49
11 9 53
11 10 57
11 11 100
11 12 55
11 13 66
11 14 55
11 15 45
11 16 55
11 17 43
11 18 44
11 19 63
11 20 78
11 21 61
11 22 56
11 23 63
11 24 58
11 25 49
11 26 46
11 27 55
11 28 37
11 29 62
12 0 60
12 1 66
12 2 62
12 3 66
12 4 66
12 5 64
12 6 55
12 7 68
12 8 51
12 9 61
12 10 54
12 11 55
12 12 100
12 13 61
12 14 51
12 15 64
12 16 69
12 17 52
12 18 63
12 19 55
12 20 58
12 21 63
12 22 48
12 23 53
12 24 57
12 25 59
12 26 43
12 27 51
12 28 28
12 29 43
13 0 58
13 1 81
13 2 67
13 3 63
13 4 69
13 5 56
13 6 39
13 7 68
13 8 57
13 9 54
13 10 52
13 11 66
13 12 61
13 13 99
13 14 64
13 15 59
13 16 71
13 17 59
13 18 53
13 19 70
13 20 67
13 21 69
13 22 62
13 23 50
13 24 66
13 25 60
13 26 51
13 27 57
13 28 42
13 29 65
14 0 63
14 1 68
14 2 60
14 3 72
14 4 64
14 5 61
14 6 49
14 7 62
14 8 65
14 9 68
14 10 56
14 11 55
14 12 51
14 13 64
14 14 99
14 15 57
14 16 72
14 17 66
14 18 61
14 19 60
14 20 56
14 21 62
14 22 55
14 23 61
14 24 64
14 25 58
14 26 56
14 27 49
14 28 40
14 29 47
15 0 69
15 1 68
15 2 52
15 3 73
15 4 68
15 5 85
15 6 81
15 7 74
15 8 56
15 9 80
15 10 68
15 11 45
15 12 64
15 13 59
15 14 57
15 15 99
15 16 78
15 17 53
15 18 76
15 19 53
15 20 49
15 21 56
15 22 46
15 23 60
15 24 64
15 25 80
15 26 49
15 27 49
15 28 35
15 29 40
16 0 74
16 1 83
16 2 69
16 3 83
16 4 77
16 5 82
16 6 70
16 7 78
16 8 64
16 9 76
16 10 67
16 11 55
16 12 69
16 13 71
16 14 72
16 15 78
16 16 100
16 17 69
16 18 76
16 19 68
16 20 60
16 21 68
16 22 48
16 23 66
16 24 68
16 25 76
16 26 55
16 27 58
16 28 36
16 29 49
17 0 52
17 1 65
17 2 55
17 3 60
17 4 54
17 5 62
17 6 49
17 7 56
17 8 49
17 9 55
17 10 47
17 11 43
17 12 52
17 13 59
17 14 66
17 15 53
17 16 69
17 17 99
17 18 61
17 19 50
17 20 52
17 21 55
17 22 37
17 23 45
17 24 49
17 25 46
17 26 34
17 27 47
17 28 40
17 29 35
18 0 65
18 1 60
18 2 46
18 3 77
18 4 70
18 5 87
18 6 85
18 7 73
18 8 47
18 9 79
18 10 64
18 11 44
18 12 63
18 13 53
18 14 61
18 15 76
18 16 76
18 17 61
18 18 99
18 19 46
18 20 46
18 21 48
18 22 39
18 23 57
18 24 53
18 25 69
18 26 39
18 27 43
18 28 30
18 29 32
19 0 63
19 1 88
19 2 62
19 3 67
19 4 65
19 5 53
19 6 37
19 7 63
19 8 61
19 9 54
19 10 56
19 11 63
19 12 55
19 13 70
19 14 60
19 15 53
19 16 68
19 17 50
19 18 46
19 19 100
19 20 56
19 21 62
19 22 55
19 23 62
19 24 64
19 25 57
19 26 51
19 27 55
19 28 35
19 29 57
20 0 52
20 1 65
20 2 61
20 3 58
20 4 59
20 5 42
20 6 37
20 7 58
20 8 48
20 9 52
20 10 51
20 11 78
20 12 58
20 13 67
20 14 56
20 15 49
20 16 60
20 17 52
20 18 46
20 19 56
20 20 100
20 21 66
20 22 55
20 23 55
20 24 58
20 25 47
20 26 43
20 27 53
20 28 35
20 29 60
21 0 66
21 1 68
21 2 94
21 3 71
21 4 77
21 5 50
21 6 40
21 7 69
21 8 68
21 9 60
21 10 51
21 11 61
21 12 63
21 13 69
21 14 62
21 15 56
21 16 68
21 17 55
21 18 48
21 19 62
21 20 66
21 21 100
21 22 65
21 23 54
21 24 68
21 25 59
21 26 56
21 27 59
21 28 39
21 29 54
22 0 50
22 1 56
22 2 60
22 3 55
22 4 62
22 5 39
22 6 27
22 7 55
22 8 59
22 9 53
22 10 39
22 11 56
22 12 48
22 13 62
22 14 55
22 15 46
22 16 48
22 17 37
22 18 39
22 19 55
22 20 55
22 21 65
22 22 99
22 23 52
22 24 60
22 25 46
22 26 48
22 27 56
22 28 37
22 29 53
23 0 70
23 1 65
23 2 50
23 3 76
23 4 63
23 5 60
23 6 54
23 7 69
23 8 63
23 9 70
23 10 78
23 11 63
23 12 53
23 13 50
23 14 61
23 15 60
23 16 66
23 17 45
23 18 57
23 19 62
23 20 55
23 21 54
23 22 52
23 23 100
23 24 66
23 25 69
23 26 55
23 27 55
23 28 34
23 29 49
24 0 67
24 1 68
24 2 64
24 3 73
24 4 74
24 5 61
24 6 51
24 7 77
24 8 69
24 9 67
24 10 71
24 11 58
24 12 57
24 13 66
24 14 64
24 15 64
24 16 68
24 17 49
24 18 53
24 19 64
24 20 58
24 21 68
24 22 60
24 23 66
24 24 99
24 25 74
24 26 60
24 27 62
24 28 44
24 29 62
25 0 76
25 1 68
25 2 58
25 3 80
25 4 72
25 5 78
25 6 74
25 7 79
25 8 65
25 9 79
25 10 76
25 11 49
25 12 59
25 13 60
25 14 58
25 15 80
25 16 76
25 17 46
25 18 69
25 19 57
25 20 47
25 21 59
25 22 46
25 23 69
25 24 74
25 25 99
25 26 68
25 27 57
25 28 42
25 29 49
26 0 58
26 1 57
26 2 57
26 3 61
26 4 56
26 5 48
26 6 40
26 7 61
26 8 60
26 9 57
26 10 51
26 11 46
26 12 43
26 13 51
26 14 56
26 15 49
26 16 55
26 17 34
26 18 39
26 19 51
26 20 43
26 21 56
26 22 48
26 23 55
26 24 60
26 25 68
26 26 100
26 27 47
26 28 34
26 29 47
27 0 50
27 1 57
27 2 57
27 3 59
27 4 63
27 5 45
27 6 37
27 7 64
27 8 54
27 9 56
27 10 46
27 11 55
27 12 51
27 13 57
27 14 49
27 15 49
27 16 58
27 17 47
27 18 43
27 19 55
27 20 53
27 21 59
27 22 56
27 23 55
27 24 62
27 25 57
27 26 47
27 27 100
27 28 55
27 29 65
28 0 34
28 1 33
28 2 34
28 3 37
28 4 38
28 5 35
28 6 27
28 7 38
28 8 38
28 9 41
28 10 34
28 11 37
28 12 28
28 13 42
28 14 40
28 15 35
28 16 36
28 17 40
28 18 30
28 19 35
28 20 35
28 21 39
28 22 37
28 23 34
28 24 44
28 25 42
28 26 34
28 27 55
28 28 99
28 29 46
29 0 47
29 1 56
29 2 51
29 3 50
29 4 53
29 5 33
29 6 23
29 7 57
29 8 49
29 9 43
29 10 47
29 11 62
29 12 43
29 13 65
29 14 47
29 15 40
29 16 49
29 17 35
29 18 32
29 19 57
29 20 60
29 21 54
29 22 53
29 23 49
29 24 62
29 25 49
29 26 47
29 27 65
29 28 46
29 29 100
