0 0 100
0 1 70
0 2 59
0 3 56
0 4 50
0 5 53
0 6 54
0 7 93
0 8 58
0 9 46
0 10 50
0 11 56
0 12 65
0 13 62
0 14 62
0 15 60
0 16 64
0 17 72
0 18 48
0 19 56
0 20 39
0 21 51
0 22 57
0 23 57
0 24 71
0 25 63
0 26 65
0 27 67
0 28 69
0 29 49
0 30 43
0 31 64
0 32 32
0 33 46
0 34 56
0 35 57
0 36 46
0 37 61
0 38 32
0 39 37
0 40 38
0 41 52
0 42 66
0 43 52
0 44 68
0 45 22
0 46 47
0 47 48
0 48 39
0 49 60
0 50 66
0 51 44
0 52 40
0 53 38
0 54 54
0 55 50
0 56 49
0 57 61
0 58 36
0 59 50
0 60 37
0 61 42
0 62 41
0 63 38
0 64 46
0 65 44
0 66 30
0 67 39
0 68 60
0 69 42
0 70 51
0 71 42
0 72 42
0 73 48
0 74 54
0 75 66
0 76 44
0 77 56
0 78 45
1 0 70
1 1 100
1 2 54
1 3 62
1 4 47
1 5 53
1 6 54
1 7 71
1 8 58
1 9 63
1 10 62
1 11 53
1 12 56
1 13 57
1 14 57
1 15 60
1 16 60
1 17 59
1 18 64
1 19 53
1 20 47
1 21 58
1 22 50
1 23 49
1 24 57
1 25 72
1 26 66
1 27 75
1 28 69
1 29 50
1 30 48
1 31 70
1 32 41
1 33 56
1 34 50
1 35 58
1 36 47
1 37 58
1 38 35
1 39 45
1 40 47
1 41 53
1 42 54
1 43 38
1 44 68
1 45 28
1 46 58
1 47 53
1 48 45
1 49 49
1 50 66
1 51 56
1 52 48
1 53 52
1 54 54
1 55 62
1 56 56
1 57 59
1 58 52
1 59 62
1 60 56
1 61 47
1 62 49
1 63 45
1 64 56
1 65 60
1 66 42
1 67 53
1 68 60
1 69 47
1 70 67
1 71 54
1 72 54
1 73 68
1 74 52
1 75 58
1 76 59
1 77 52
1 78 54
2 0 59
2 1 54
2 2 100
2 3 59
2 4 48
2 5 50
2 6 53
2 7 58
2 8 48
2 9 37
2 10 33
2 11 86
2 12 61
2 13 58
2 14 56
2 15 47
2 16 48
2 17 60
2 18 45
2 19 36
2 20 37
2 21 41
2 22 41
2 23 38
2 24 54
2 25 57
2 26 61
2 27 55
2 28 62
2 29 52
2 30 47
2 31 49
2 32 33
2 33 33
2 34 50
2 35 57
2 36 38
2 37 47
2 38 37
2 39 29
2 40 26
2 41 54
2 42 66
2 43 37
2 44 51
2 45 32
2 46 35
2 47 36
2 48 31
2 49 42
2 50 54
2 51 31
2 52 26
2 53 25
2 54 47
2 55 38
2 56 52
2 57 41
2 58 36
2 59 41
2 60 33
2 61 51
2 62 31
2 63 52
2 64 40
2 65 41
2 66 27
2 67 40
2 68 44
2 69 28
2 70 36
2 71 38
2 72 30
2 73 39
2 74 42
2 75 43
2 76 35
2 77 47
2 78 31
3 0 56
3 1 62
3 2 59
3 3 100
3 4 52
3 5 45
3 6 50
3 7 56
3 8 48
3 9 38
3 10 45
3 11 61
3 12 80
3 13 55
3 14 68
3 15 55
3 16 47
3 17 59
3 18 48
3 19 39
3 20 39
3 21 44
3 22 46
3 23 35
3 24 51
3 25 52
3 26 65
3 27 61
3 28 59
3 29 52
3 30 51
3 31 56
3 32 37
3 33 46
3 34 57
3 35 55
3 36 50
3 37 53
3 38 43
3 39 38
3 40 36
3 41 42
3 42 53
3 43 30
3 44 52
3 45 32
3 46 45
3 47 48
3 48 38
3 49 39
3 50 57
3 51 42
3 52 33
3 53 37
3 54 50
3 55 46
3 56 41
3 57 53
3 58 44
3 59 48
3 60 40
3 61 45
3 62 40
3 63 50
3 64 52
3 65 48
3 66 36
3 67 43
3 68 50
3 69 42
3 70 50
3 71 44
3 72 42
3 73 52
3 74 45
3 75 47
3 76 47
3 77 37
3 78 41
4 0 50
4 1 47
4 2 48
4 3 52
4 4 99
4 5 39
4 6 36
4 7 51
4 8 57
4 9 36
4 10 42
4 11 44
4 12 55
4 13 44
4 14 76
4 15 67
4 16 40
4 17 48
4 18 47
4 19 41
4 20 27
4 21 44
4 22 38
4 23 40
4 24 48
4 25 44
4 26 43
4 27 53
4 28 49
4 29 36
4 30 31
4 31 58
4 32 26
4 33 46
4 34 42
4 35 40
4 36 42
4 37 45
4 38 33
4 39 41
4 40 40
4 41 39
4 42 51
4 43 36
4 44 51
4 45 43
4 46 36
4 47 46
4 48 40
4 49 37
4 50 49
4 51 41
4 52 39
4 53 30
4 54 35
4 55 47
4 56 37
4 57 48
4 58 43
4 59 47
4 60 31
4 61 29
4 62 48
4 63 36
4 64 41
4 65 36
4 66 33
4 67 38
4 68 42
4 69 34
4 70 45
4 71 34
4 72 36
4 73 48
4 74 42
4 75 42
4 76 42
4 77 47
4 78 43
5 0 53
5 1 53
5 2 50
5 3 45
5 4 39
5 5 99
5 6 28
5 7 53
5 8 53
5 9 31
5 10 43
5 11 41
5 12 47
5 13 39
5 14 51
5 15 57
5 16 39
5 17 74
5 18 43
5 19 41
5 20 38
5 21 53
5 22 35
5 23 34
5 24 49
5 25 53
5 26 50
5 27 58
5 28 61
5 29 31
5 30 23
5 31 56
5 32 33
5 33 34
5 34 34
5 35 45
5 36 37
5 37 50
5 38 25
5 39 30
5 40 27
5 41 53
5 42 54
5 43 31
5 44 51
5 45 23
5 46 39
5 47 40
5 48 31
5 49 35
5 50 53
5 51 38
5 52 33
5 53 36
5 54 32
5 55 38
5 56 43
5 57 48
5 58 34
5 59 39
5 60 29
5 61 33
5 62 36
5 63 33
5 64 32
5 65 30
5 66 32
5 67 35
5 68 40
5 69 44
5 70 39
5 71 32
5 72 34
5 73 41
5 74 58
5 75 59
5 76 40
5 77 54
5 78 32
6 0 54
6 1 54
6 2 53
6 3 50
6 4 36
6 5 28
6 6 99
6 7 54
6 8 39
6 9 29
6 10 35
6 11 59
6 12 50
6 13 52
6 14 50
6 15 39
6 16 40
6 17 44
6 18 41
6 19 33
6 20 31
6 21 35
6 22 32
6 23 32
6 24 45
6 25 45
6 26 51
6 27 49
6 28 55
6 29 73
6 30 76
6 31 39
6 32 22
6 33 33
6 34 51
6 35 45
6 36 41
6 37 35
6 38 28
6 39 23
6 40 26
6 41 40
6 42 47
6 43 20
6 44 49
6 45 24
6 46 32
6 47 36
6 48 20
6 49 33
6 50 43
6 51 30
6 52 25
6 53 29
6 54 55
6 55 35
6 56 41
6 57 45
6 58 33
6 59 29
6 60 32
6 61 46
6 62 29
6 63 40
6 64 42
6 65 44
6 66 22
6 67 30
6 68 37
6 69 32
6 70 37
6 71 30
6 72 32
6 73 36
6 74 36
6 75 37
6 76 36
6 77 27
6 78 31
7 0 93
7 1 71
7 2 58
7 3 56
7 4 51
7 5 53
7 6 54
7 7 100
7 8 59
7 9 51
7 10 52
7 11 56
7 12 65
7 13 66
7 14 60
7 15 61
7 16 67
7 17 68
7 18 52
7 19 57
7 20 45
7 21 54
7 22 59
7 23 62
7 24 73
7 25 64
7 26 67
7 27 69
7 28 69
7 29 46
7 30 42
7 31 66
7 32 34
7 33 46
7 34 57
7 35 62
7 36 49
7 37 60
7 38 32
7 39 38
7 40 42
7 41 51
7 42 70
7 43 51
7 44 67
7 45 24
7 46 51
7 47 48
7 48 39
7 49 65
7 50 69
7 51 47
7 52 41
7 53 38
7 54 52
7 55 53
7 56 50
7 57 64
7 58 37
7 59 51
7 60 41
7 61 42
7 62 43
7 63 41
7 64 49
7 65 47
7 66 32
7 67 39
7 68 62
7 69 44
7 70 54
7 71 44
7 72 45
7 73 52
7 74 54
7 75 65
7 76 46
7 77 53
7 78 45
8 0 58
8 1 58
8 2 48
8 3 48
8 4 57
8 5 53
8 6 39
8 7 59
8 8 99
8 9 47
8 10 54
8 11 44
8 12 52
8 13 50
8 14 60
8 15 65
8 16 51
8 17 54
8 18 56
8 19 44
8 20 40
8 21 49
8 22 44
8 23 49
8 24 57
8 25 53
8 26 52
8 27 63
8 28 57
8 29 40
8 30 38
8 31 68
8 32 34
8 33 54
8 34 49
8 35 50
8 36 55
8 37 56
8 38 31
8 39 45
8 40 46
8 41 44
8 42 55
8 43 47
8 44 58
8 45 36
8 46 47
8 47 51
8 48 45
8 49 45
8 50 61
8 51 52
8 52 46
8 53 44
8 54 41
8 55 59
8 56 50
8 57 58
8 58 45
8 59 51
8 60 40
8 61 37
8 62 47
8 63 40
8 64 47
8 65 47
8 66 40
8 67 43
8 68 54
8 69 47
8 70 56
8 71 50
8 72 51
8 73 57
8 74 46
8 75 58
8 76 48
8 77 47
8 78 52
9 0 46
9 1 63
9 2 37
9 3 38
9 4 36
9 5 31
9 6 29
9 7 51
9 8 47
9 9 100
9 10 51
9 11 34
9 12 42
9 13 42
9 14 37
9 15 39
9 16 53
9 17 37
9 18 53
9 19 43
9 20 38
9 21 36
9 22 51
9 23 49
9 24 47
9 25 52
9 26 52
9 27 58
9 28 38
9 29 34
9 30 37
9 31 51
9 32 37
9 33 45
9 34 42
9 35 49
9 36 39
9 37 44
9 38 32
9 39 42
9 40 46
9 41 27
9 42 36
9 43 25
9 44 64
9 45 23
9 46 52
9 47 46
9 48 45
9 49 50
9 50 54
9 51 53
9 52 45
9 53 42
9 54 42
9 55 56
9 56 30
9 57 49
9 58 41
9 59 51
9 60 46
9 61 34
9 62 49
9 63 42
9 64 48
9 65 56
9 66 45
9 67 46
9 68 52
9 69 43
9 70 58
9 71 56
9 72 51
9 73 57
9 74 34
9 75 33
9 76 53
9 77 22
9 78 48
10 0 50
10 1 62
10 2 33
10 3 45
10 4 42
10 5 43
10 6 35
10 7 52
10 8 54
10 9 51
10 10 99
10 11 34
10 12 41
10 13 39
10 14 42
10 15 53
10 16 34
10 17 42
10 18 70
10 19 57
10 20 40
10 21 33
10 22 36
10 23 28
10 24 36
10 25 54
10 26 48
10 27 76
10 28 48
10 29 36
10 30 34
10 31 73
10 32 47
10 33 62
10 34 56
10 35 48
10 36 50
10 37 55
10 38 38
10 39 82
10 40 70
10 41 38
10 42 38
10 43 23
10 44 63
10 45 31
10 46 68
10 47 75
10 48 72
10 49 25
10 50 49
10 51 92
10 52 79
10 53 74
10 54 54
10 55 82
10 56 36
10 57 78
10 58 61
10 59 81
10 60 71
10 61 40
10 62 81
10 63 41
10 64 63
10 65 63
10 66 58
10 67 65
10 68 49
10 69 74
10 70 84
10 71 59
10 72 75
10 73 78
10 74 46
10 75 51
10 76 68
10 77 36
10 78 81
11 0 56
11 1 53
11 2 86
11 3 61
11 4 44
11 5 41
11 6 59
11 7 56
11 8 44
11 9 34
11 10 34
11 11 99
11 12 64
11 13 67
11 14 56
11 15 43
11 16 48
11 17 53
11 18 45
11 19 34
11 20 40
11 21 42
11 22 41
11 23 36
11 24 55
11 25 48
11 26 64
11 27 57
11 28 58
11 29 64
11 30 53
11 31 43
11 32 31
11 33 30
11 34 52
11 35 61
11 36 43
11 37 48
11 38 41
11 39 31
11 40 29
11 41 49
11 42 65
11 43 30
11 44 49
11 45 26
11 46 33
11 47 38
11 48 27
11 49 39
11 50 55
11 51 34
11 52 28
11 53 28
11 54 49
11 55 38
11 56 46
11 57 45
11 58 32
11 59 38
11 60 31
11 61 55
11 62 33
11 63 53
11 64 41
11 65 46
11 66 24
11 67 36
11 68 48
11 69 27
11 70 40
11 71 34
11 72 30
11 73 37
11 74 38
11 75 37
11 76 34
11 77 39
11 78 36
12 0 65
12 1 56
12 2 61
12 3 80
12 4 55
12 5 47
12 6 50
12 7 65
12 8 52
12 9 42
12 10 41
12 11 64
12 12 100
12 13 63
12 14 68
12 15 57
12 16 53
12 17 61
12 18 46
12 19 45
12 20 39
12 21 49
12 22 51
12 23 45
12 24 67
12 25 51
12 26 65
12 27 63
12 28 64
12 29 53
12 30 49
12 31 52
12 32 28
12 33 43
12 34 55
12 35 65
12 36 49
12 37 51
12 38 40
12 39 36
12 40 33
12 41 44
12 42 68
12 43 41
12 44 56
12 45 33
12 46 40
12 47 45
12 48 35
12 49 49
12 50 61
12 51 39
12 52 34
12 53 33
12 54 50
12 55 45
12 56 40
12 57 53
12 58 38
12 59 44
12 60 36
12 61 49
12 62 39
12 63 51
12 64 51
12 65 50
12 66 33
12 67 43
12 68 56
12 69 34
12 70 49
12 71 42
12 72 40
12 73 47
12 74 45
12 75 49
12 76 45
12 77 39
12 78 40
13 0 62
13 1 57
13 2 58
13 3 55
13 4 44
13 5 39
13 6 52
13 7 66
13 8 50
13 9 42
13 10 39
13 11 67
13 12 63
13 13 99
13 14 59
13 15 51
13 16 59
13 17 52
13 18 47
13 19 47
13 20 38
13 21 39
13 22 50
13 23 51
13 24 64
13 25 46
13 26 62
13 27 60
13 28 63
13 29 58
13 30 46
13 31 47
13 32 34
13 33 35
13 34 47
13 35 54
13 36 47
13 37 47
13 38 38
13 39 31
13 40 35
13 41 43
13 42 70
13 43 37
13 44 50
13 45 22
13 46 35
13 47 39
13 48 25
13 49 54
13 50 63
13 51 41
13 52 33
13 53 36
13 54 49
13 55 45
13 56 48
13 57 48
13 58 34
13 59 38
13 60 31
13 61 44
13 62 37
13 63 48
13 64 41
13 65 47
13 66 32
13 67 35
13 68 60
13 69 28
13 70 47
13 71 36
13 72 36
13 73 41
13 74 43
13 75 44
13 76 42
13 77 33
13 78 38
14 0 62
14 1 57
14 2 56
14 3 68
14 4 76
14 5 51
14 6 50
14 7 60
14 8 60
14 9 37
14 10 42
14 11 56
14 12 68
14 13 59
14 14 99
14 15 72
14 16 48
14 17 65
14 18 50
14 19 43
14 20 40
14 21 47
14 22 43
14 23 41
14 24 61
14 25 47
14 26 60
14 27 59
14 28 69
14 29 56
14 30 51
14 31 61
14 32 27
14 33 45
14 34 44
14 35 55
14 36 57
14 37 60
14 38 43
14 39 39
14 40 34
14 41 51
14 42 65
14 43 40
14 44 55
14 45 36
14 46 35
14 47 48
14 48 38
14 49 43
14 50 56
14 51 38
14 52 31
14 53 31
14 54 39
14 55 45
14 56 46
14 57 55
14 58 42
14 59 45
14 60 29
14 61 42
14 62 43
14 63 42
14 64 45
14 65 43
14 66 30
14 67 35
14 68 55
14 69 39
14 70 44
14 71 38
14 72 38
14 73 50
14 74 52
14 75 55
14 76 44
14 77 50
14 78 41
15 0 60
15 1 60
15 2 47
15 3 55
15 4 67
15 5 57
15 6 39
15 7 61
15 8 65
15 9 39
15 10 53
15 11 43
15 12 57
15 13 51
15 14 72
15 15 100
15 16 47
15 17 59
15 18 56
15 19 51
15 20 41
15 21 55
15 22 41
15 23 41
15 24 55
15 25 52
15 26 56
15 27 63
15 28 65
15 29 40
15 30 32
15 31 70
15 32 31
15 33 47
15 34 43
15 35 54
15 36 49
15 37 56
15 38 36
15 39 47
15 40 44
15 41 57
15 42 61
15 43 39
15 44 61
15 45 39
15 46 46
15 47 50
15 48 43
15 49 40
15 50 61
15 51 49
15 52 39
15 53 38
15 54 38
15 55 52
15 56 45
15 57 60
15 58 45
15 59 54
15 60 35
15 61 35
15 62 47
15 63 37
15 64 42
15 65 42
15 66 36
15 67 36
15 68 55
15 69 48
15 70 55
15 71 39
15 72 42
15 73 56
15 74 56
15 75 60
15 76 51
15 77 58
15 78 45
16 0 64
16 1 60
16 2 48
16 3 47
16 4 40
16 5 39
16 6 40
16 7 67
16 8 51
16 9 53
16 10 34
16 11 48
16 12 53
16 13 59
16 14 48
16 15 47
16 16 100
16 17 48
16 18 41
16 19 43
16 20 36
16 21 45
16 22 76
16 23 84
16 24 66
16 25 55
16 26 65
16 27 57
16 28 55
16 29 38
16 30 39
16 31 49
16 32 33
16 33 40
16 34 39
16 35 54
16 36 43
16 37 47
16 38 21
16 39 26
16 40 37
16 41 42
16 42 56
16 43 43
16 44 52
16 45 26
16 46 35
16 47 41
16 48 19
16 49 85
16 50 69
16 51 38
16 52 33
16 53 33
16 54 49
16 55 50
16 56 49
16 57 38
16 58 34
16 59 35
16 60 27
16 61 32
16 62 30
16 63 32
16 64 38
16 65 38
16 66 25
16 67 30
16 68 69
16 69 26
16 70 46
16 71 44
16 72 40
16 73 48
16 74 41
16 75 46
16 76 37
16 77 39
16 78 41
17 0 72
17 1 59
17 2 60
17 3 59
17 4 48
17 5 74
17 6 44
17 7 68
17 8 54
17 9 37
17 10 42
17 11 53
17 12 61
17 13 52
17 14 65
17 15 59
17 16 48
17 17 99
17 18 46
17 19 56
17 20 37
17 21 51
17 22 41
17 23 39
17 24 54
17 25 62
17 26 55
17 27 57
17 28 68
17 29 46
17 30 37
17 31 59
17 32 38
17 33 34
17 34 43
17 35 53
17 36 41
17 37 56
17 38 33
17 39 33
17 40 32
17 41 56
17 42 67
17 43 51
17 44 55
17 45 27
17 46 42
17 47 46
17 48 32
17 49 40
17 50 57
17 51 41
17 52 36
17 53 42
17 54 44
17 55 43
17 56 49
17 57 54
17 58 36
17 59 42
17 60 34
17 61 39
17 62 37
17 63 39
17 64 41
17 65 36
17 66 34
17 67 41
17 68 45
17 69 38
17 70 42
17 71 42
17 72 39
17 73 45
17 74 56
17 75 63
17 76 42
17 77 58
17 78 37
18 0 48
18 1 64
18 2 45
18 3 48
18 4 47
18 5 43
18 6 41
18 7 52
18 8 56
18 9 53
18 10 70
18 11 45
18 12 46
18 13 47
18 14 50
18 15 56
18 16 41
18 17 46
18 18 100
18 19 64
18 20 53
18 21 35
18 22 38
18 23 35
18 24 41
18 25 58
18 26 51
18 27 71
18 28 55
18 29 42
18 30 51
18 31 68
18 32 52
18 33 65
18 34 53
18 35 57
18 36 49
18 37 57
18 38 45
18 39 66
18 40 63
18 41 43
18 42 46
18 43 26
18 44 65
18 45 32
18 46 66
18 47 66
18 48 68
18 49 32
18 50 50
18 51 71
18 52 60
18 53 61
18 54 48
18 55 73
18 56 39
18 57 72
18 58 62
18 59 74
18 60 63
18 61 54
18 62 67
18 63 53
18 64 61
18 65 67
18 66 54
18 67 69
18 68 56
18 69 62
18 70 72
18 71 60
18 72 65
18 73 73
18 74 50
18 75 52
18 76 70
18 77 30
18 78 69
19 0 56
19 1 53
19 2 36
19 3 39
19 4 41
19 5 41
19 6 33
19 7 57
19 8 44
19 9 43
19 10 57
19 11 34
19 12 45
19 13 47
19 14 43
19 15 51
19 16 43
19 17 56
19 18 64
19 19 99
19 20 38
19 21 29
19 22 39
19 23 35
19 24 39
19 25 51
19 26 49
19 27 60
19 28 54
19 29 35
19 30 36
19 31 60
19 32 47
19 33 49
19 34 44
19 35 48
19 36 39
19 37 48
19 38 34
19 39 49
19 40 48
19 41 47
19 42 50
19 43 33
19 44 56
19 45 26
19 46 55
19 47 57
19 48 45
19 49 34
19 50 48
19 51 58
19 52 48
19 53 46
19 54 43
19 55 58
19 56 41
19 57 67
19 58 52
19 59 55
19 60 47
19 61 40
19 62 50
19 63 42
19 64 47
19 65 50
19 66 46
19 67 49
19 68 48
19 69 51
19 70 59
19 71 49
19 72 54
19 73 59
19 74 50
19 75 54
19 76 64
19 77 29
19 78 56
20 0 39
20 1 47
20 2 37
20 3 39
20 4 27
20 5 38
20 6 31
20 7 45
20 8 40
20 9 38
20 10 40
20 11 40
20 12 39
20 13 38
20 14 40
20 15 41
20 16 36
20 17 37
20 18 53
20 19 38
20 20 100
20 21 38
20 22 35
20 23 31
20 24 41
20 25 35
20 26 50
20 27 52
20 28 42
20 29 38
20 30 34
20 31 38
20 32 35
20 33 28
20 34 31
20 35 49
20 36 35
20 37 34
20 38 33
20 39 31
20 40 35
20 41 41
20 42 39
20 43 24
20 44 47
20 45 15
20 46 42
20 47 35
20 48 22
20 49 37
20 50 44
20 51 40
20 52 30
20 53 34
20 54 31
20 55 43
20 56 31
20 57 45
20 58 36
20 59 39
20 60 38
20 61 43
20 62 32
20 63 38
20 64 31
20 65 37
20 66 30
20 67 36
20 68 45
20 69 36
20 70 42
20 71 33
20 72 32
20 73 44
20 74 39
20 75 43
20 76 40
20 77 21
20 78 39
21 0 51
21 1 58
21 2 41
21 3 44
21 4 44
21 5 53
21 6 35
21 7 54
21 8 49
21 9 36
21 10 33
21 11 42
21 12 49
21 13 39
21 14 47
21 15 55
21 16 45
21 17 51
21 18 35
21 19 29
21 20 38
21 21 99
21 22 38
21 23 42
21 24 51
21 25 54
21 26 53
21 27 55
21 28 53
21 29 30
21 30 23
21 31 52
21 32 23
21 33 36
21 34 33
21 35 45
21 36 31
21 37 37
21 38 16
21 39 32
21 40 28
21 41 52
21 42 53
21 43 36
21 44 46
21 45 22
21 46 39
21 47 29
21 48 28
21 49 41
21 50 53
21 51 32
21 52 27
21 53 27
21 54 29
21 55 35
21 56 42
21 57 38
21 58 32
21 59 42
21 60 31
21 61 30
21 62 30
21 63 28
21 64 32
21 65 33
21 66 22
21 67 29
21 68 39
21 69 28
21 70 45
21 71 30
21 72 32
21 73 45
21 74 44
21 75 45
21 76 30
21 77 56
21 78 29
22 0 57
22 1 50
22 2 41
22 3 46
22 4 38
22 5 35
22 6 32
22 7 59
22 8 44
22 9 51
22 10 36
22 11 41
22 12 51
22 13 50
22 14 43
22 15 41
22 16 76
22 17 41
22 18 38
22 19 39
22 20 35
22 21 38
22 22 100
22 23 69
22 24 62
22 25 56
22 26 58
22 27 55
22 28 45
22 29 35
22 30 36
22 31 42
22 32 41
22 33 36
22 34 38
22 35 48
22 36 44
22 37 41
22 38 32
22 39 28
22 40 37
22 41 35
22 42 49
22 43 37
22 44 53
22 45 28
22 46 40
22 47 40
22 48 27
22 49 72
22 50 64
22 51 39
22 52 35
22 53 34
22 54 46
22 55 48
22 56 35
22 57 36
22 58 40
22 59 37
22 60 33
22 61 31
22 62 33
22 63 35
22 64 36
22 65 37
22 66 38
22 67 32
22 68 63
22 69 34
22 70 47
22 71 46
22 72 39
22 73 48
22 74 43
22 75 39
22 76 44
22 77 29
22 78 44
23 0 57
23 1 49
23 2 38
23 3 35
23 4 40
23 5 34
23 6 32
23 7 62
23 8 49
23 9 49
23 10 28
23 11 36
23 12 45
23 13 51
23 14 41
23 15 41
23 16 84
23 17 39
23 18 35
23 19 35
23 20 31
23 21 42
23 22 69
23 23 100
23 24 72
23 25 50
23 26 55
23 27 51
23 28 42
23 29 27
23 30 33
23 31 43
23 32 27
23 33 39
23 34 35
23 35 46
23 36 40
23 37 41
23 38 21
23 39 24
23 40 31
23 41 34
23 42 55
23 43 46
23 44 45
23 45 31
23 46 35
23 47 33
23 48 20
23 49 87
23 50 62
23 51 33
23 52 34
23 53 30
23 54 42
23 55 48
23 56 36
23 57 32
23 58 32
23 59 33
23 60 22
23 61 25
23 62 28
23 63 26
23 64 33
23 65 34
23 66 26
23 67 26
23 68 58
23 69 20
23 70 43
23 71 39
23 72 39
23 73 42
23 74 34
23 75 39
23 76 30
23 77 36
23 78 38
24 0 71
24 1 57
24 2 54
24 3 51
24 4 48
24 5 49
24 6 45
24 7 73
24 8 57
24 9 47
24 10 36
24 11 55
24 12 67
24 13 64
24 14 61
24 15 55
24 16 66
24 17 54
24 18 41
24 19 39
24 20 41
24 21 51
24 22 62
24 23 72
24 24 100
24 25 53
24 26 68
24 27 64
24 28 63
24 29 47
24 30 44
24 31 51
24 32 22
24 33 40
24 34 41
24 35 56
24 36 51
24 37 52
24 38 33
24 39 29
24 40 28
24 41 49
24 42 70
24 43 54
24 44 57
24 45 31
24 46 32
24 47 35
24 48 29
24 49 64
24 50 65
24 51 33
24 52 32
24 53 33
24 54 44
24 55 44
24 56 42
24 57 45
24 58 30
24 59 38
24 60 27
24 61 36
24 62 34
24 63 37
24 64 38
24 65 42
24 66 26
24 67 29
24 68 63
24 69 28
24 70 46
24 71 38
24 72 36
24 73 40
24 74 45
24 75 53
24 76 36
24 77 46
24 78 39
25 0 63
25 1 72
25 2 57
25 3 52
25 4 44
25 5 53
25 6 45
25 7 64
25 8 53
25 9 52
25 10 54
25 11 48
25 12 51
25 13 46
25 14 47
25 15 52
25 16 55
25 17 62
25 18 58
25 19 51
25 20 35
25 21 54
25 22 56
25 23 50
25 24 53
25 25 100
25 26 55
25 27 72
25 28 61
25 29 37
25 30 39
25 31 65
25 32 48
25 33 51
25 34 48
25 35 54
25 36 44
25 37 59
25 38 35
25 39 47
25 40 46
25 41 45
25 42 52
25 43 36
25 44 68
25 45 26
25 46 67
25 47 52
25 48 46
25 49 49
25 50 68
25 51 54
25 52 46
25 53 45
25 54 51
25 55 59
25 56 59
25 57 55
25 58 53
25 59 60
25 60 55
25 61 42
25 62 48
25 63 44
25 64 50
25 65 55
25 66 50
25 67 51
25 68 52
25 69 49
25 70 63
25 71 56
25 72 54
25 73 65
25 74 48
25 75 57
25 76 57
25 77 57
25 78 52
26 0 65
26 1 66
26 2 61
26 3 65
26 4 43
26 5 50
26 6 51
26 7 67
26 8 52
26 9 52
26 10 48
26 11 64
26 12 65
26 13 62
26 14 60
26 15 56
26 16 65
26 17 55
26 18 51
26 19 49
26 20 50
26 21 53
26 22 58
26 23 55
26 24 68
26 25 55
26 26 99
26 27 68
26 28 66
26 29 51
26 30 50
26 31 57
26 32 36
26 33 43
26 34 50
26 35 64
26 36 55
26 37 53
26 38 39
26 39 38
26 40 38
26 41 57
26 42 64
26 43 38
26 44 58
26 45 31
26 46 44
26 47 51
26 48 33
26 49 57
26 50 67
26 51 46
26 52 36
26 53 39
26 54 52
26 55 53
26 56 47
26 57 55
26 58 51
26 59 48
26 60 40
26 61 50
26 62 40
26 63 49
26 64 46
26 65 53
26 66 33
26 67 36
26 68 63
26 69 43
26 70 57
26 71 49
26 72 44
26 73 56
26 74 56
26 75 51
26 76 46
26 77 39
26 78 49
27 0 67
27 1 75
27 2 55
27 3 61
27 4 53
27 5 58
27 6 49
27 7 69
27 8 63
27 9 58
27 10 76
27 11 57
27 12 63
27 13 60
27 14 59
27 15 63
27 16 57
27 17 57
27 18 71
27 19 60
27 20 52
27 21 55
27 22 55
27 23 51
27 24 64
27 25 72
27 26 68
27 27 100
27 28 65
27 29 49
27 30 50
27 31 78
27 32 51
27 33 64
27 34 66
27 35 65
27 36 60
27 37 67
27 38 48
27 39 63
27 40 59
27 41 51
27 42 61
27 43 36
27 44 75
27 45 33
27 46 69
27 47 66
27 48 59
27 49 52
27 50 69
27 51 71
27 52 64
27 53 63
27 54 57
27 55 78
27 56 51
27 57 78
27 58 57
27 59 74
27 60 58
27 61 56
27 62 70
27 63 57
27 64 64
27 65 65
27 66 62
27 67 61
27 68 68
27 69 63
27 70 81
27 71 66
27 72 64
27 73 76
27 74 59
27 75 62
27 76 67
27 77 49
27 78 68
28 0 69
28 1 69
28 2 62
28 3 59
28 4 49
28 5 61
28 6 55
28 7 69
28 8 57
28 9 38
28 10 48
28 11 58
28 12 64
28 13 63
28 14 69
28 15 65
28 16 55
28 17 68
28 18 55
28 19 54
28 20 42
28 21 53
28 22 45
28 23 42
28 24 63
28 25 61
28 26 66
28 27 65
28 28 99
28 29 55
28 30 48
28 31 63
28 32 38
28 33 46
28 34 51
28 35 58
28 36 44
28 37 55
28 38 29
28 39 37
28 40 34
28 41 63
28 42 70
28 43 42
28 44 63
28 45 33
28 46 41
28 47 54
28 48 34
28 49 43
28 50 59
28 51 42
28 52 33
28 53 37
28 54 49
28 55 47
28 56 60
28 57 56
28 58 47
28 59 47
28 60 42
28 61 49
28 62 43
28 63 45
28 64 49
28 65 51
28 66 32
28 67 40
28 68 55
28 69 43
28 70 50
28 71 41
28 72 42
28 73 51
28 74 55
28 75 61
28 76 49
28 77 56
28 78 43
29 0 49
29 1 50
29 2 52
29 3 52
29 4 36
29 5 31
29 6 73
29 7 46
29 8 40
29 9 34
29 10 36
29 11 64
29 12 53
29 13 58
29 14 56
29 15 40
29 16 38
29 17 46
29 18 42
29 19 35
29 20 38
29 21 30
29 22 35
29 23 27
29 24 47
29 25 37
29 26 51
29 27 49
29 28 55
29 29 99
29 30 62
29 31 38
29 32 28
29 33 30
29 34 48
29 35 50
29 36 40
29 37 37
29 38 35
29 39 24
29 40 27
29 41 39
29 42 51
29 43 20
29 44 49
29 45 28
29 46 28
29 47 35
29 48 22
29 49 27
29 50 39
29 51 31
29 52 24
29 53 28
29 54 46
29 55 34
29 56 39
29 57 39
29 58 33
29 59 30
29 60 32
29 61 45
29 62 30
29 63 48
29 64 38
29 65 44
29 66 29
29 67 29
29 68 42
29 69 34
29 70 35
29 71 30
29 72 27
29 73 34
29 74 37
29 75 38
29 76 43
29 77 24
29 78 33
30 0 43
30 1 48
30 2 47
30 3 51
30 4 31
30 5 23
30 6 76
30 7 42
30 8 38
30 9 37
30 10 34
30 11 53
30 12 49
30 13 46
30 14 51
30 15 32
30 16 39
30 17 37
30 18 51
30 19 36
30 20 34
30 21 23
30 22 36
30 23 33
30 24 44
30 25 39
30 26 50
30 27 50
30 28 48
30 29 62
30 30 100
30 31 39
30 32 33
30 33 43
30 34 51
30 35 48
30 36 52
30 37 48
30 38 47
30 39 28
30 40 27
30 41 35
30 42 43
30 43 24
30 44 48
30 45 28
30 46 35
30 47 39
30 48 28
30 49 34
30 50 40
30 51 33
30 52 25
30 53 35
30 54 57
30 55 40
30 56 36
30 57 45
30 58 42
30 59 34
30 60 35
30 61 54
30 62 29
30 63 52
30 64 43
30 65 52
30 66 34
30 67 40
30 68 53
30 69 40
30 70 40
30 71 39
30 72 39
30 73 46
30 74 33
30 75 32
30 76 46
30 77 17
30 78 40
31 0 64
31 1 70
31 2 49
31 3 56
31 4 58
31 5 56
31 6 39
31 7 66
31 8 68
31 9 51
31 10 73
31 11 43
31 12 52
31 13 47
31 14 61
31 15 70
31 16 49
31 17 59
31 18 68
31 19 60
31 20 38
31 21 52
31 22 42
31 23 43
31 24 51
31 25 65
31 26 57
31 27 78
31 28 63
31 29 38
31 30 39
31 31 99
31 32 46
31 33 69
31 34 65
31 35 59
31 36 61
31 37 67
31 38 40
31 39 62
31 40 59
31 41 52
31 42 55
31 43 38
31 44 70
31 45 43
31 46 66
31 47 66
31 48 64
31 49 41
31 50 62
31 51 68
31 52 60
31 53 55
31 54 52
31 55 72
31 56 52
31 57 74
31 58 63
31 59 75
31 60 54
31 61 47
31 62 64
31 63 48
31 64 63
31 65 61
31 66 57
31 67 65
31 68 59
31 69 67
31 70 71
31 71 64
31 72 64
31 73 74
31 74 56
31 75 65
31 76 66
31 77 57
31 78 61
32 0 32
32 1 41
32 2 33
32 3 37
32 4 26
32 5 33
32 6 22
32 7 34
32 8 34
32 9 37
32 10 47
32 11 31
32 12 28
32 13 34
32 14 27
32 15 31
32 16 33
32 17 38
32 18 52
32 19 47
32 20 35
32 21 23
32 22 41
32 23 27
32 24 22
32 25 48
32 26 36
32 27 51
32 28 38
32 29 28
32 30 33
32 31 46
32 32 99
32 33 40
32 34 53
32 35 40
32 36 37
32 37 42
32 38 37
32 39 44
32 40 37
32 41 29
32 42 35
32 43 16
32 44 41
32 45 26
32 46 67
32 47 43
32 48 42
32 49 29
32 50 39
32 51 47
32 52 36
32 53 36
32 54 45
32 55 49
32 56 35
32 57 44
32 58 44
32 59 47
32 60 38
32 61 42
32 62 41
32 63 53
32 64 39
32 65 38
32 66 64
32 67 40
32 68 39
32 69 59
32 70 48
32 71 44
32 72 39
32 73 50
32 74 40
32 75 41
32 76 59
32 77 21
32 78 43
33 0 46
33 1 56
33 2 33
33 3 46
33 4 46
33 5 34
33 6 33
33 7 46
33 8 54
33 9 45
33 10 62
33 11 30
33 12 43
33 13 35
33 14 45
33 15 47
33 16 40
33 17 34
33 18 65
33 19 49
33 20 28
33 21 36
33 22 36
33 23 39
33 24 40
33 25 51
33 26 43
33 27 64
33 28 46
33 29 30
33 30 43
33 31 69
33 32 40
33 33 99
33 34 59
33 35 40
33 36 54
33 37 53
33 38 40
33 39 54
33 40 53
33 41 39
33 42 39
33 43 23
33 44 56
33 45 40
33 46 57
33 47 56
33 48 61
33 49 37
33 50 43
33 51 62
33 52 53
33 53 49
33 54 45
33 55 62
33 56 26
33 57 62
33 58 52
33 59 59
33 60 48
33 61 38
33 62 55
33 63 36
33 64 58
33 65 66
33 66 46
33 67 60
33 68 47
33 69 60
33 70 68
33 71 55
33 72 59
33 73 65
33 74 45
33 75 45
33 76 59
33 77 35
33 78 62
34 0 56
34 1 50
34 2 50
34 3 57
34 4 42
34 5 34
34 6 51
34 7 57
34 8 49
34 9 42
34 10 56
34 11 52
34 12 55
34 13 47
34 14 44
34 15 43
34 16 39
34 17 43
34 18 53
34 19 44
34 20 31
34 21 33
34 22 38
34 23 35
34 24 41
34 25 48
34 26 50
34 27 66
34 28 51
34 29 48
34 30 51
34 31 65
34 32 53
34 33 59
34 34 100
34 35 49
34 36 46
34 37 47
34 38 43
34 39 48
34 40 46
34 41 30
34 42 47
34 43 23
34 44 60
34 45 30
34 46 65
34 47 50
34 48 49
34 49 38
34 50 45
34 51 52
34 52 46
34 53 41
34 54 62
34 55 57
34 56 32
34 57 65
34 58 44
34 59 56
34 60 45
34 61 54
34 62 50
34 63 58
34 64 67
34 65 53
34 66 55
34 67 52
34 68 43
34 69 59
34 70 58
34 71 58
34 72 55
34 73 55
34 74 45
34 75 41
34 76 52
34 77 30
34 78 46
35 0 57
35 1 58
35 2 57
35 3 55
35 4 40
35 5 45
35 6 45
35 7 62
35 8 50
35 9 49
35 10 48
35 11 61
35 12 65
35 13 54
35 14 55
35 15 54
35 16 54
35 17 53
35 18 57
35 19 48
35 20 49
35 21 45
35 22 48
35 23 46
35 24 56
35 25 54
35 26 64
35 27 65
35 28 58
35 29 50
35 30 48
35 31 59
35 32 40
35 33 40
35 34 49
35 35 99
35 36 51
35 37 58
35 38 42
35 39 41
35 40 44
35 41 47
35 42 60
35 43 37
35 44 58
35 45 25
35 46 46
35 47 49
35 48 40
35 49 51
35 50 57
35 51 48
35 52 40
35 53 40
35 54 47
35 55 57
35 56 48
35 57 55
35 58 45
35 59 49
35 60 42
35 61 53
35 62 43
35 63 50
35 64 46
35 65 56
35 66 35
35 67 42
35 68 64
35 69 50
35 70 55
35 71 56
35 72 41
35 73 56
35 74 49
35 75 50
35 76 48
35 77 40
35 78 53
36 0 46
36 1 47
36 2 38
36 3 50
36 4 42
36 5 37
36 6 41
36 7 49
36 8 55
36 9 39
36 10 50
36 11 43
36 12 49
36 13 47
36 14 57
36 15 49
36 16 43
36 17 41
36 18 49
36 19 39
36 20 35
36 21 31
36 22 44
36 23 40
36 24 51
36 25 44
36 26 55
36 27 60
36 28 44
36 29 40
36 30 52
36 31 61
36 32 37
36 33 54
36 34 46
36 35 51
36 36 100
36 37 65
36 38 55
36 39 41
36 40 41
36 41 35
36 42 52
36 43 28
36 44 47
36 45 44
36 46 44
36 47 47
36 48 41
36 49 38
36 50 53
36 51 45
36 52 38
36 53 40
36 54 41
36 55 52
36 56 36
36 57 63
36 58 46
36 59 44
36 60 32
36 61 42
36 62 41
36 63 41
36 64 40
36 65 53
36 66 43
36 67 35
36 68 57
36 69 55
36 70 51
36 71 48
36 72 43
36 73 55
36 74 38
36 75 46
36 76 50
36 77 24
36 78 50
37 0 61
37 1 58
37 2 47
37 3 53
37 4 45
37 5 50
37 6 35
37 7 60
37 8 56
37 9 44
37 10 55
37 11 48
37 12 51
37 13 47
37 14 60
37 15 56
37 16 47
37 17 56
37 18 57
37 19 48
37 20 34
37 21 37
37 22 41
37 23 41
37 24 52
37 25 59
37 26 53
37 27 67
37 28 55
37 29 37
37 30 48
37 31 67
37 32 42
37 33 53
37 34 47
37 35 58
37 36 65
37 37 99
37 38 55
37 39 46
37 40 49
37 41 43
37 42 54
37 43 41
37 44 61
37 45 25
37 46 50
37 47 65
37 48 50
37 49 44
37 50 61
37 51 53
37 52 45
37 53 46
37 54 47
37 55 58
37 56 44
37 57 63
37 58 42
37 59 54
37 60 41
37 61 42
37 62 47
37 63 42
37 64 48
37 65 55
37 66 46
37 67 44
37 68 70
37 69 55
37 70 59
37 71 50
37 72 48
37 73 57
37 74 50
37 75 64
37 76 57
37 77 48
37 78 58
38 0 32
38 1 35
38 2 37
38 3 43
38 4 33
38 5 25
38 6 28
38 7 32
38 8 31
38 9 32
38 10 38
38 11 41
38 12 40
38 13 38
38 14 43
38 15 36
38 16 21
38 17 33
38 18 45
38 19 34
38 20 33
38 21 16
38 22 32
38 23 21
38 24 33
38 25 35
38 26 39
38 27 48
38 28 29
38 29 35
38 30 47
38 31 40
38 32 37
38 33 40
38 34 43
38 35 42
38 36 55
38 37 55
38 38 99
38 39 31
38 40 34
38 41 24
38 42 36
38 43 23
38 44 43
38 45 24
38 46 45
38 47 35
38 48 37
38 49 22
38 50 41
38 51 38
38 52 33
38 53 34
38 54 38
38 55 42
38 56 19
38 57 44
38 58 32
38 59 38
38 60 29
38 61 39
38 62 37
38 63 45
38 64 38
38 65 46
38 66 49
38 67 40
38 68 49
38 69 42
38 70 44
38 71 40
38 72 34
38 73 41
38 74 27
38 75 30
38 76 49
38 77 15
38 78 37
39 0 37
39 1 45
39 2 29
39 3 38
39 4 41
39 5 30
39 6 23
39 7 38
39 8 45
39 9 42
39 10 82
39 11 31
39 12 36
39 13 31
39 14 39
39 15 47
39 16 26
39 17 33
39 18 66
39 19 49
39 20 31
39 21 32
39 22 28
39 23 24
39 24 29
39 25 47
39 26 38
39 27 63
39 28 37
39 29 24
39 30 28
39 31 62
39 32 44
39 33 54
39 34 48
39 35 41
39 36 41
39 37 46
39 38 31
39 39 100
39 40 66
39 41 35
39 42 33
39 43 23
39 44 50
39 45 31
39 46 58
39 47 63
39 48 75
39 49 19
39 50 39
39 51 84
39 52 73
39 53 66
39 54 39
39 55 74
39 56 27
39 57 71
39 58 52
39 59 80
39 60 60
39 61 31
39 62 78
39 63 37
39 64 54
39 65 53
39 66 49
39 67 57
39 68 40
39 69 57
39 70 77
39 71 48
39 72 74
39 73 73
39 74 40
39 75 40
39 76 57
39 77 37
39 78 72
40 0 38
40 1 47
40 2 26
40 3 36
40 4 40
40 5 27
40 6 26
40 7 42
40 8 46
40 9 46
40 10 70
40 11 29
40 12 33
40 13 35
40 14 34
40 15 44
40 16 37
40 17 32
40 18 63
40 19 48
40 20 35
40 21 28
40 22 37
40 23 31
40 24 28
40 25 46
40 26 38
40 27 59
40 28 34
40 29 27
40 30 27
40 31 59
40 32 37
40 33 53
40 34 46
40 35 44
40 36 41
40 37 49
40 38 34
40 39 66
40 40 99
40 41 23
40 42 30
40 43 23
40 44 51
40 45 29
40 46 53
40 47 59
40 48 51
40 49 29
40 50 43
40 51 77
40 52 70
40 53 57
40 54 42
40 55 71
40 56 29
40 57 59
40 58 46
40 59 63
40 60 44
40 61 32
40 62 66
40 63 34
40 64 50
40 65 51
40 66 43
40 67 52
40 68 52
40 69 48
40 70 72
40 71 47
40 72 66
40 73 68
40 74 31
40 75 38
40 76 55
40 77 24
40 78 68
41 0 52
41 1 53
41 2 54
41 3 42
41 4 39
41 5 53
41 6 40
41 7 51
41 8 44
41 9 27
41 10 38
41 11 49
41 12 44
41 13 43
41 14 51
41 15 57
41 16 42
41 17 56
41 18 43
41 19 47
41 20 41
41 21 52
41 22 35
41 23 34
41 24 49
41 25 45
41 26 57
41 27 51
41 28 63
41 29 39
41 30 35
41 31 52
41 32 29
41 33 39
41 34 30
41 35 47
41 36 35
41 37 43
41 38 24
41 39 35
41 40 23
41 41 100
41 42 58
41 43 38
41 44 47
41 45 29
41 46 28
41 47 37
41 48 26
41 49 32
41 50 46
41 51 39
41 52 27
41 53 34
41 54 30
41 55 36
41 56 46
41 57 41
41 58 37
41 59 40
41 60 32
41 61 41
41 62 31
41 63 31
41 64 28
41 65 36
41 66 18
41 67 29
41 68 39
41 69 31
41 70 45
41 71 27
41 72 34
41 73 42
41 74 52
41 75 52
41 76 38
41 77 57
41 78 37
42 0 66
42 1 54
42 2 66
42 3 53
42 4 51
42 5 54
42 6 47
42 7 70
42 8 55
42 9 36
42 10 38
42 11 65
42 12 68
42 13 70
42 14 65
42 15 61
42 16 56
42 17 67
42 18 46
42 19 50
42 20 39
42 21 53
42 22 49
42 23 55
42 24 70
42 25 52
42 26 64
42 27 61
42 28 70
42 29 51
42 30 43
42 31 55
42 32 35
42 33 39
42 34 47
42 35 60
42 36 52
42 37 54
42 38 36
42 39 33
42 40 30
42 41 58
42 42 100
42 43 56
42 44 50
42 45 39
42 46 38
42 47 43
42 48 29
42 49 54
42 50 64
42 51 38
42 52 29
42 53 34
42 54 46
42 55 42
42 56 47
42 57 49
42 58 38
42 59 39
42 60 30
42 61 47
42 62 35
42 63 45
42 64 40
42 65 43
42 66 33
42 67 33
42 68 55
42 69 34
42 70 43
42 71 39
42 72 35
42 73 42
42 74 51
42 75 55
42 76 37
42 77 52
42 78 38
43 0 52
43 1 38
43 2 37
43 3 30
43 4 36
43 5 31
43 6 20
43 7 51
43 8 47
43 9 25
43 10 23
43 11 30
43 12 41
43 13 37
43 14 40
43 15 39
43 16 43
43 17 51
43 18 26
43 19 33
43 20 24
43 21 36
43 22 37
43 23 46
43 24 54
43 25 36
43 26 38
43 27 36
43 28 42
43 29 20
43 30 24
43 31 38
43 32 16
43 33 23
43 34 23
43 35 37
43 36 28
43 37 41
43 38 23
43 39 23
43 40 23
43 41 38
43 42 56
43 43 100
43 44 37
43 45 30
43 46 22
43 47 31
43 48 21
43 49 39
43 50 40
43 51 24
43 52 25
43 53 25
43 54 29
43 55 31
43 56 35
43 57 32
43 58 20
43 59 27
43 60 21
43 61 16
43 62 21
43 63 17
43 64 25
43 65 23
43 66 15
43 67 20
43 68 47
43 69 13
43 70 34
43 71 33
43 72 27
43 73 29
43 74 32
43 75 37
43 76 20
43 77 44
43 78 32
44 0 68
44 1 68
44 2 51
44 3 52
44 4 51
44 5 51
44 6 49
44 7 67
44 8 58
44 9 64
44 10 63
44 11 49
44 12 56
44 13 50
44 14 55
44 15 61
44 16 52
44 17 55
44 18 65
44 19 56
44 20 47
44 21 46
44 22 53
44 23 45
44 24 57
44 25 68
44 26 58
44 27 75
44 28 63
44 29 49
44 30 48
44 31 70
44 32 41
44 33 56
44 34 60
44 35 58
44 36 47
44 37 61
44 38 43
44 39 50
44 40 51
44 41 47
44 42 50
44 43 37
44 44 99
44 45 33
44 46 58
44 47 58
44 48 50
44 49 46
44 50 58
44 51 59
44 52 50
44 53 48
44 54 58
44 55 64
44 56 45
44 57 66
44 58 52
44 59 61
44 60 55
44 61 49
44 62 53
44 63 54
44 64 60
44 65 63
44 66 51
44 67 53
44 68 59
44 69 53
44 70 66
44 71 57
44 72 55
44 73 65
44 74 53
44 75 59
44 76 65
44 77 45
44 78 56
45 0 22
45 1 28
45 2 32
45 3 32
45 4 43
45 5 23
45 6 24
45 7 24
45 8 36
45 9 23
45 10 31
45 11 26
45 12 33
45 13 22
45 14 36
45 15 39
45 16 26
45 17 27
45 18 32
45 19 26
45 20 15
45 21 22
45 22 28
45 23 31
45 24 31
45 25 26
45 26 31
45 27 33
45 28 33
45 29 28
45 30 28
45 31 43
45 32 26
45 33 40
45 34 30
45 35 25
45 36 44
45 37 25
45 38 24
45 39 31
45 40 29
45 41 29
45 42 39
45 43 30
45 44 33
45 45 100
45 46 27
45 47 32
45 48 27
45 49 21
45 50 31
45 51 30
45 52 26
45 53 26
45 54 35
45 55 33
45 56 25
45 57 28
45 58 41
45 59 30
45 60 22
45 61 28
45 62 30
45 63 33
45 64 27
45 65 29
45 66 37
45 67 22
45 68 26
45 69 29
45 70 34
45 71 30
45 72 33
45 73 38
45 74 24
45 75 23
45 76 31
45 77 21
45 78 34
46 0 47
46 1 58
46 2 35
46 3 45
46 4 36
46 5 39
46 6 32
46 7 51
46 8 47
46 9 52
46 10 68
46 11 33
46 12 40
46 13 35
46 14 35
46 15 46
46 16 35
46 17 42
46 18 66
46 19 55
46 20 42
46 21 39
46 22 40
46 23 35
46 24 32
46 25 67
46 26 44
46 27 69
46 28 41
46 29 28
46 30 35
46 31 66
46 32 67
46 33 57
46 34 65
46 35 46
46 36 44
46 37 50
46 38 45
46 39 58
46 40 53
46 41 28
46 42 38
46 43 22
46 44 58
46 45 27
46 46 100
46 47 57
46 48 60
46 49 36
46 50 51
46 51 65
46 52 57
46 53 50
46 54 49
46 55 69
46 56 32
46 57 69
46 58 52
46 59 71
46 60 58
46 61 43
46 62 60
46 63 51
46 64 60
46 65 60
46 66 71
46 67 57
46 68 45
46 69 66
46 70 70
46 71 61
46 72 63
46 73 68
46 74 45
46 75 48
46 76 65
46 77 31
46 78 56
47 0 48
47 1 53
47 2 36
47 3 48
47 4 46
47 5 40
47 6 36
47 7 48
47 8 51
47 9 46
47 10 75
47 11 38
47 12 45
47 13 39
47 14 48
47 15 50
47 16 41
47 17 46
47 18 66
47 19 57
47 20 35
47 21 29
47 22 40
47 23 33
47 24 35
47 25 52
47 26 51
47 27 66
47 28 54
47 29 35
47 30 39
47 31 66
47 32 43
47 33 56
47 34 50
47 35 49
47 36 47
47 37 65
47 38 35
47 39 63
47 40 59
47 41 37
47 42 43
47 43 31
47 44 58
47 45 32
47 46 57
47 47 99
47 48 57
47 49 33
47 50 48
47 51 75
47 52 63
47 53 59
47 54 53
47 55 70
47 56 39
47 57 68
47 58 65
47 59 69
47 60 60
47 61 41
47 62 67
47 63 40
47 64 58
47 65 55
47 66 51
47 67 57
47 68 56
47 69 63
47 70 73
47 71 55
47 72 64
47 73 71
47 74 50
47 75 52
47 76 63
47 77 34
47 78 75
48 0 39
48 1 45
48 2 31
48 3 38
48 4 40
48 5 31
48 6 20
48 7 39
48 8 45
48 9 45
48 10 72
48 11 27
48 12 35
48 13 25
48 14 38
48 15 43
48 16 19
48 17 32
48 18 68
48 19 45
48 20 22
48 21 28
48 22 27
48 23 20
48 24 29
48 25 46
48 26 33
48 27 59
48 28 34
48 29 22
48 30 28
48 31 64
48 32 42
48 33 61
48 34 49
48 35 40
48 36 41
48 37 50
48 38 37
48 39 75
48 40 51
48 41 26
48 42 29
48 43 21
48 44 50
48 45 27
48 46 60
48 47 57
48 48 99
48 49 14
48 50 35
48 51 67
48 52 60
48 53 55
48 54 37
48 55 61
48 56 23
48 57 66
48 58 52
48 59 78
48 60 65
48 61 31
48 62 68
48 63 38
48 64 58
48 65 60
48 66 49
48 67 60
48 68 35
48 69 67
48 70 63
48 71 53
48 72 60
48 73 65
48 74 42
48 75 42
48 76 58
48 77 33
48 78 61
49 0 60
49 1 49
49 2 42
49 3 39
49 4 37
49 5 35
49 6 33
49 7 65
49 8 45
49 9 50
49 10 25
49 11 39
49 12 49
49 13 54
49 14 43
49 15 40
49 16 85
49 17 40
49 18 32
49 19 34
49 20 37
49 21 41
49 22 72
49 23 87
49 24 64
49 25 49
49 26 57
49 27 52
49 28 43
49 29 27
49 30 34
49 31 41
49 32 29
49 33 37
49 34 38
49 35 51
49 36 38
49 37 44
49 38 22
49 39 19
49 40 29
49 41 32
49 42 54
49 43 39
49 44 46
49 45 21
49 46 36
49 47 33
49 48 14
49 49 100
49 50 66
49 51 29
49 52 29
49 53 25
49 54 42
49 55 46
49 56 35
49 57 33
49 58 28
49 59 29
49 60 22
49 61 31
49 62 24
49 63 30
49 64 33
49 65 34
49 66 25
49 67 26
49 68 61
49 69 23
49 70 41
49 71 40
49 72 34
49 73 41
49 74 38
49 75 38
49 76 31
49 77 34
49 78 34
50 0 66
50 1 66
50 2 54
50 3 57
50 4 49
50 5 53
50 6 43
50 7 69
50 8 61
50 9 54
50 10 49
50 11 55
50 12 61
50 13 63
50 14 56
50 15 61
50 16 69
50 17 57
50 18 50
50 19 48
50 20 44
50 21 53
50 22 64
50 23 62
50 24 65
50 25 68
50 26 67
50 27 69
50 28 59
50 29 39
50 30 40
50 31 62
50 32 39
50 33 43
50 34 45
50 35 57
50 36 53
50 37 61
50 38 41
50 39 39
50 40 43
50 41 46
50 42 64
50 43 40
50 44 58
50 45 31
50 46 51
50 47 48
50 48 35
50 49 66
50 50 99
50 51 49
50 52 42
50 53 44
50 54 55
50 55 57
50 56 52
50 57 54
50 58 41
50 59 48
50 60 34
50 61 39
50 62 44
50 63 38
50 64 39
50 65 45
50 66 45
50 67 38
50 68 67
50 69 43
50 70 58
50 71 50
50 72 48
50 73 55
50 74 49
50 75 58
50 76 48
50 77 47
50 78 51
51 0 44
51 1 56
51 2 31
51 3 42
51 4 41
51 5 38
51 6 30
51 7 47
51 8 52
51 9 53
51 10 92
51 11 34
51 12 39
51 13 41
51 14 38
51 15 49
51 16 38
51 17 41
51 18 71
51 19 58
51 20 40
51 21 32
51 22 39
51 23 33
51 24 33
51 25 54
51 26 46
51 27 71
51 28 42
51 29 31
51 30 33
51 31 68
51 32 47
51 33 62
51 34 52
51 35 48
51 36 45
51 37 53
51 38 38
51 39 84
51 40 77
51 41 39
51 42 38
51 43 24
51 44 59
51 45 30
51 46 65
51 47 75
51 48 67
51 49 29
51 50 49
51 51 100
51 52 85
51 53 77
51 54 52
51 55 84
51 56 35
51 57 74
51 58 62
51 59 79
51 60 65
51 61 37
51 62 82
51 63 42
51 64 59
51 65 60
51 66 54
51 67 67
51 68 50
51 69 64
51 70 88
51 71 58
51 72 81
51 73 80
51 74 46
51 75 47
51 76 65
51 77 36
51 78 84
52 0 40
52 1 48
52 2 26
52 3 33
52 4 39
52 5 33
52 6 25
52 7 41
52 8 46
52 9 45
52 10 79
52 11 28
52 12 34
52 13 33
52 14 31
52 15 39
52 16 33
52 17 36
52 18 60
52 19 48
52 20 30
52 21 27
52 22 35
52 23 34
52 24 32
52 25 46
52 26 36
52 27 64
52 28 33
52 29 24
52 30 25
52 31 60
52 32 36
52 33 53
52 34 46
52 35 40
52 36 38
52 37 45
52 38 33
52 39 73
52 40 70
52 41 27
52 42 29
52 43 25
52 44 50
52 45 26
52 46 57
52 47 63
52 48 60
52 49 29
52 50 42
52 51 85
52 52 99
52 53 73
52 54 42
52 55 81
52 56 27
52 57 65
52 58 45
52 59 70
52 60 50
52 61 27
52 62 77
52 63 32
52 64 56
52 65 51
52 66 47
52 67 64
52 68 42
52 69 46
52 70 79
52 71 54
52 72 75
52 73 72
52 74 40
52 75 40
52 76 54
52 77 28
52 78 72
53 0 38
53 1 52
53 2 25
53 3 37
53 4 30
53 5 36
53 6 29
53 7 38
53 8 44
53 9 42
53 10 74
53 11 28
53 12 33
53 13 36
53 14 31
53 15 38
53 16 33
53 17 42
53 18 61
53 19 46
53 20 34
53 21 27
53 22 34
53 23 30
53 24 33
53 25 45
53 26 39
53 27 63
53 28 37
53 29 28
53 30 35
53 31 55
53 32 36
53 33 49
53 34 41
53 35 40
53 36 40
53 37 46
53 38 34
53 39 66
53 40 57
53 41 34
53 42 34
53 43 25
53 44 48
53 45 26
53 46 50
53 47 59
53 48 55
53 49 25
53 50 44
53 51 77
53 52 73
53 53 100
53 54 53
53 55 76
53 56 27
53 57 61
53 58 50
53 59 65
53 60 50
53 61 29
53 62 73
53 63 31
53 64 51
53 65 48
53 66 45
53 67 56
53 68 41
53 69 49
53 70 72
53 71 55
53 72 72
53 73 67
53 74 45
53 75 43
53 76 54
53 77 29
53 78 72
54 0 54
54 1 54
54 2 47
54 3 50
54 4 35
54 5 32
54 6 55
54 7 52
54 8 41
54 9 42
54 10 54
54 11 49
54 12 50
54 13 49
54 14 39
54 15 38
54 16 49
54 17 44
54 18 48
54 19 43
54 20 31
54 21 29
54 22 46
54 23 42
54 24 44
54 25 51
54 26 52
54 27 57
54 28 49
54 29 46
54 30 57
54 31 52
54 32 45
54 33 45
54 34 62
54 35 47
54 36 41
54 37 47
54 38 38
54 39 39
54 40 42
54 41 30
54 42 46
54 43 29
54 44 58
54 45 35
54 46 49
54 47 53
54 48 37
54 49 42
54 50 55
54 51 52
54 52 42
54 53 53
54 54 99
54 55 57
54 56 36
54 57 50
54 58 52
54 59 43
54 60 44
54 61 48
54 62 44
54 63 50
54 64 51
54 65 47
54 66 51
54 67 44
54 68 48
54 69 53
54 70 52
54 71 47
54 72 49
54 73 50
54 74 38
54 75 40
54 76 51
54 77 28
54 78 56
55 0 50
55 1 62
55 2 38
55 3 46
55 4 47
55 5 38
55 6 35
55 7 53
55 8 59
55 9 56
55 10 82
55 11 38
55 12 45
55 13 45
55 14 45
55 15 52
55 16 50
55 17 43
55 18 73
55 19 58
55 20 43
55 21 35
55 22 48
55 23 48
55 24 44
55 25 59
55 26 53
55 27 78
55 28 47
55 29 34
55 30 40
55 31 72
55 32 49
55 33 62
55 34 57
55 35 57
55 36 52
55 37 58
55 38 42
55 39 74
55 40 71
55 41 36
55 42 42
55 43 31
55 44 64
55 45 33
55 46 69
55 47 70
55 48 61
55 49 46
55 50 57
55 51 84
55 52 81
55 53 76
55 54 57
55 55 99
55 56 44
55 57 73
55 58 57
55 59 76
55 60 57
55 61 44
55 62 76
55 63 45
55 64 64
55 65 64
55 66 63
55 67 67
55 68 60
55 69 58
55 70 87
55 71 70
55 72 81
55 73 82
55 74 48
55 75 52
55 76 69
55 77 33
55 78 80
56 0 49
56 1 56
56 2 52
56 3 41
56 4 37
56 5 43
56 6 41
56 7 50
56 8 50
56 9 30
56 10 36
56 11 46
56 12 40
56 13 48
56 14 46
56 15 45
56 16 49
56 17 49
56 18 39
56 19 41
56 20 31
56 21 42
56 22 35
56 23 36
56 24 42
56 25 59
56 26 47
56 27 51
56 28 60
56 29 39
56 30 36
56 31 52
56 32 35
56 33 26
56 34 32
56 35 48
56 36 36
56 37 44
56 38 19
56 39 27
56 40 29
56 41 46
56 42 47
56 43 35
56 44 45
56 45 25
56 46 32
56 47 39
56 48 23
56 49 35
56 50 52
56 51 35
56 52 27
56 53 27
56 54 36
56 55 44
56 56 100
56 57 36
56 58 42
56 59 36
56 60 26
56 61 42
56 62 27
56 63 40
56 64 30
56 65 32
56 66 33
56 67 26
56 68 45
56 69 32
56 70 39
56 71 31
56 72 35
56 73 45
56 74 43
56 75 56
56 76 43
56 77 48
56 78 37
57 0 61
57 1 59
57 2 41
57 3 53
57 4 48
57 5 48
57 6 45
57 7 64
57 8 58
57 9 49
57 10 78
57 11 45
57 12 53
57 13 48
57 14 55
57 15 60
57 16 38
57 17 54
57 18 72
57 19 67
57 20 45
57 21 38
57 22 36
57 23 32
57 24 45
57 25 55
57 26 55
57 27 78
57 28 56
57 29 39
57 30 45
57 31 74
57 32 44
57 33 62
57 34 65
57 35 55
57 36 63
57 37 63
57 38 44
57 39 71
57 40 59
57 41 41
57 42 49
57 43 32
57 44 66
57 45 28
57 46 69
57 47 68
57 48 66
57 49 33
57 50 54
57 51 74
57 52 65
57 53 61
57 54 50
57 55 73
57 56 36
57 57 100
57 58 53
57 59 72
57 60 57
57 61 52
57 62 72
57 63 50
57 64 65
57 65 64
57 66 53
57 67 62
57 68 54
57 69 66
57 70 77
57 71 57
57 72 68
57 73 73
57 74 58
57 75 57
57 76 66
57 77 37
57 78 67
58 0 36
58 1 52
58 2 36
58 3 44
58 4 43
58 5 34
58 6 33
58 7 37
58 8 45
58 9 41
58 10 61
58 11 32
58 12 38
58 13 34
58 14 42
58 15 45
58 16 34
58 17 36
58 18 62
58 19 52
58 20 36
58 21 32
58 22 40
58 23 32
58 24 30
58 25 53
58 26 51
58 27 57
58 28 47
58 29 33
58 30 42
58 31 63
58 32 44
58 33 52
58 34 44
58 35 45
58 36 46
58 37 42
58 38 32
58 39 52
58 40 46
58 41 37
58 42 38
58 43 20
58 44 52
58 45 41
58 46 52
58 47 65
58 48 52
58 49 28
58 50 41
58 51 62
58 52 45
58 53 50
58 54 52
58 55 57
58 56 42
58 57 53
58 58 99
58 59 60
58 60 69
58 61 41
58 62 51
58 63 41
58 64 52
58 65 58
58 66 44
58 67 47
58 68 42
58 69 62
58 70 61
58 71 58
58 72 52
58 73 67
58 74 48
58 75 37
58 76 54
58 77 32
58 78 64
59 0 50
59 1 62
59 2 41
59 3 48
59 4 47
59 5 39
59 6 29
59 7 51
59 8 51
59 9 51
59 10 81
59 11 38
59 12 44
59 13 38
59 14 45
59 15 54
59 16 35
59 17 42
59 18 74
59 19 55
59 20 39
59 21 42
59 22 37
59 23 33
59 24 38
59 25 60
59 26 48
59 27 74
59 28 47
59 29 30
59 30 34
59 31 75
59 32 47
59 33 59
59 34 56
59 35 49
59 36 44
59 37 54
59 38 38
59 39 80
59 40 63
59 41 40
59 42 39
59 43 27
59 44 61
59 45 30
59 46 71
59 47 69
59 48 78
59 49 29
59 50 48
59 51 79
59 52 70
59 53 65
59 54 43
59 55 76
59 56 36
59 57 72
59 58 60
59 59 99
59 60 67
59 61 39
59 62 75
59 63 45
59 64 61
59 65 59
59 66 56
59 67 63
59 68 49
59 69 60
59 70 79
59 71 58
59 72 75
59 73 82
59 74 46
59 75 53
59 76 65
59 77 44
59 78 69
60 0 37
60 1 56
60 2 33
60 3 40
60 4 31
60 5 29
60 6 32
60 7 41
60 8 40
60 9 46
60 10 71
60 11 31
60 12 36
60 13 31
60 14 29
60 15 35
60 16 27
60 17 34
60 18 63
60 19 47
60 20 38
60 21 31
60 22 33
60 23 22
60 24 27
60 25 55
60 26 40
60 27 58
60 28 42
60 29 32
60 30 35
60 31 54
60 32 38
60 33 48
60 34 45
60 35 42
60 36 32
60 37 41
60 38 29
60 39 60
60 40 44
60 41 32
60 42 30
60 43 21
60 44 55
60 45 22
60 46 58
60 47 60
60 48 65
60 49 22
60 50 34
60 51 65
60 52 50
60 53 50
60 54 44
60 55 57
60 56 26
60 57 57
60 58 69
60 59 67
60 60 100
60 61 40
60 62 56
60 63 42
60 64 64
60 65 66
60 66 42
60 67 57
60 68 38
60 69 60
60 70 64
60 71 61
60 72 56
60 73 66
60 74 34
60 75 33
60 76 54
60 77 27
60 78 60
61 0 42
61 1 47
61 2 51
61 3 45
61 4 29
61 5 33
61 6 46
61 7 42
61 8 37
61 9 34
61 10 40
61 11 55
61 12 49
61 13 44
61 14 42
61 15 35
61 16 32
61 17 39
61 18 54
61 19 40
61 20 43
61 21 30
61 22 31
61 23 25
61 24 36
61 25 42
61 26 50
61 27 56
61 28 49
61 29 45
61 30 54
61 31 47
61 32 42
61 33 38
61 34 54
61 35 53
61 36 42
61 37 42
61 38 39
61 39 31
61 40 32
61 41 41
61 42 47
61 43 16
61 44 49
61 45 28
61 46 43
61 47 41
61 48 31
61 49 31
61 50 39
61 51 37
61 52 27
61 53 29
61 54 48
61 55 44
61 56 42
61 57 52
61 58 41
61 59 39
61 60 40
61 61 99
61 62 32
61 63 69
61 64 45
61 65 51
61 66 35
61 67 42
61 68 39
61 69 42
61 70 42
61 71 39
61 72 35
61 73 47
61 74 39
61 75 38
61 76 49
61 77 19
61 78 40
62 0 41
62 1 49
62 2 31
62 3 40
62 4 48
62 5 36
62 6 29
62 7 43
62 8 47
62 9 49
62 10 81
62 11 33
62 12 39
62 13 37
62 14 43
62 15 47
62 16 30
62 17 37
62 18 67
62 19 50
62 20 32
62 21 30
62 22 33
62 23 28
62 24 34
62 25 48
62 26 40
62 27 70
62 28 43
62 29 30
62 30 29
62 31 64
62 32 41
62 33 55
62 34 50
62 35 43
62 36 41
62 37 47
62 38 37
62 39 78
62 40 66
62 41 31
62 42 35
62 43 21
62 44 53
62 45 30
62 46 60
62 47 67
62 48 68
62 49 24
62 50 44
62 51 82
62 52 77
62 53 73
62 54 44
62 55 76
62 56 27
62 57 72
62 58 51
62 59 75
62 60 56
62 61 32
62 62 100
62 63 38
62 64 55
62 65 56
62 66 51
62 67 64
62 68 41
62 69 57
62 70 77
62 71 54
62 72 71
62 73 71
62 74 41
62 75 41
62 76 59
62 77 34
62 78 71
63 0 38
63 1 45
63 2 52
63 3 50
63 4 36
63 5 33
63 6 40
63 7 41
63 8 40
63 9 42
63 10 41
63 11 53
63 12 51
63 13 48
63 14 42
63 15 37
63 16 32
63 17 39
63 18 53
63 19 42
63 20 38
63 21 28
63 22 35
63 23 26
63 24 37
63 25 44
63 26 49
63 27 57
63 28 45
63 29 48
63 30 52
63 31 48
63 32 53
63 33 36
63 34 58
63 35 50
63 36 41
63 37 42
63 38 45
63 39 37
63 40 34
63 41 31
63 42 45
63 43 17
63 44 54
63 45 33
63 46 51
63 47 40
63 48 38
63 49 30
63 50 38
63 51 42
63 52 32
63 53 31
63 54 50
63 55 45
63 56 40
63 57 50
63 58 41
63 59 45
63 60 42
63 61 69
63 62 38
63 63 99
63 64 46
63 65 52
63 66 59
63 67 43
63 68 41
63 69 45
63 70 46
63 71 40
63 72 39
63 73 52
63 74 37
63 75 35
63 76 62
63 77 20
63 78 37
64 0 46
64 1 56
64 2 40
64 3 52
64 4 41
64 5 32
64 6 42
64 7 49
64 8 47
64 9 48
64 10 63
64 11 41
64 12 51
64 13 41
64 14 45
64 15 42
64 16 38
64 17 41
64 18 61
64 19 47
64 20 31
64 21 32
64 22 36
64 23 33
64 24 38
64 25 50
64 26 46
64 27 64
64 28 49
64 29 38
64 30 43
64 31 63
64 32 39
64 33 58
64 34 67
64 35 46
64 36 40
64 37 48
64 38 38
64 39 54
64 40 50
64 41 28
64 42 40
64 43 25
64 44 60
64 45 27
64 46 60
64 47 58
64 48 58
64 49 33
64 50 39
64 51 59
64 52 56
64 53 51
64 54 51
64 55 64
64 56 30
64 57 65
64 58 52
64 59 61
64 60 64
64 61 45
64 62 55
64 63 46
64 64 100
64 65 69
64 66 43
64 67 65
64 68 48
64 69 50
64 70 67
64 71 68
64 72 64
64 73 68
64 74 44
64 75 42
64 76 55
64 77 30
64 78 55
65 0 44
65 1 60
65 2 41
65 3 48
65 4 36
65 5 30
65 6 44
65 7 47
65 8 47
65 9 56
65 10 63
65 11 46
65 12 50
65 13 47
65 14 43
65 15 42
65 16 38
65 17 36
65 18 67
65 19 50
65 20 37
65 21 33
65 22 37
65 23 34
65 24 42
65 25 55
65 26 53
65 27 65
65 28 51
65 29 44
65 30 52
65 31 61
65 32 38
65 33 66
65 34 53
65 35 56
65 36 53
65 37 55
65 38 46
65 39 53
65 40 51
65 41 36
65 42 43
65 43 23
65 44 63
65 45 29
65 46 60
65 47 55
65 48 60
65 49 34
65 50 45
65 51 60
65 52 51
65 53 48
65 54 47
65 55 64
65 56 32
65 57 64
65 58 58
65 59 59
65 60 66
65 61 51
65 62 56
65 63 52
65 64 69
65 65 99
65 66 45
65 67 60
65 68 52
65 69 57
65 70 69
65 71 60
65 72 60
65 73 67
65 74 39
65 75 40
65 76 63
65 77 27
65 78 62
66 0 30
66 1 42
66 2 27
66 3 36
66 4 33
66 5 32
66 6 22
66 7 32
66 8 40
66 9 45
66 10 58
66 11 24
66 12 33
66 13 32
66 14 30
66 15 36
66 16 25
66 17 34
66 18 54
66 19 46
66 20 30
66 21 22
66 22 38
66 23 26
66 24 26
66 25 50
66 26 33
66 27 62
66 28 32
66 29 29
66 30 34
66 31 57
66 32 64
66 33 46
66 34 55
66 35 35
66 36 43
66 37 46
66 38 49
66 39 49
66 40 43
66 41 18
66 42 33
66 43 15
66 44 51
66 45 37
66 46 71
66 47 51
66 48 49
66 49 25
66 50 45
66 51 54
66 52 47
66 53 45
66 54 51
66 55 63
66 56 33
66 57 53
66 58 44
66 59 56
66 60 42
66 61 35
66 62 51
66 63 59
66 64 43
66 65 45
66 66 99
66 67 48
66 68 40
66 69 60
66 70 58
66 71 50
66 72 48
66 73 56
66 74 32
66 75 39
66 76 69
66 77 16
66 78 48
67 0 39
67 1 53
67 2 40
67 3 43
67 4 38
67 5 35
67 6 30
67 7 39
67 8 43
67 9 46
67 10 65
67 11 36
67 12 43
67 13 35
67 14 35
67 15 36
67 16 30
67 17 41
67 18 69
67 19 49
67 20 36
67 21 29
67 22 32
67 23 26
67 24 29
67 25 51
67 26 36
67 27 61
67 28 40
67 29 29
67 30 40
67 31 65
67 32 40
67 33 60
67 34 52
67 35 42
67 36 35
67 37 44
67 38 40
67 39 57
67 40 52
67 41 29
67 42 33
67 43 20
67 44 53
67 45 22
67 46 57
67 47 57
67 48 60
67 49 26
67 50 38
67 51 67
67 52 64
67 53 56
67 54 44
67 55 67
67 56 26
67 57 62
67 58 47
67 59 63
67 60 57
67 61 42
67 62 64
67 63 43
67 64 65
67 65 60
67 66 48
67 67 100
67 68 43
67 69 49
67 70 68
67 71 60
67 72 61
67 73 67
67 74 36
67 75 38
67 76 60
67 77 27
67 78 58
68 0 60
68 1 60
68 2 44
68 3 50
68 4 42
68 5 40
68 6 37
68 7 62
68 8 54
68 9 52
68 10 49
68 11 48
68 12 56
68 13 60
68 14 55
68 15 55
68 16 69
68 17 45
68 18 56
68 19 48
68 20 45
68 21 39
68 22 63
68 23 58
68 24 63
68 25 52
68 26 63
68 27 68
68 28 55
68 29 42
68 30 53
68 31 59
68 32 39
68 33 47
68 34 43
68 35 64
68 36 57
68 37 70
68 38 49
68 39 40
68 40 52
68 41 39
68 42 55
68 43 47
68 44 59
68 45 26
68 46 45
68 47 56
68 48 35
68 49 61
68 50 67
68 51 50
68 52 42
68 53 41
68 54 48
68 55 60
68 56 45
68 57 54
68 58 42
68 59 49
68 60 38
68 61 39
68 62 41
68 63 41
68 64 48
68 65 52
68 66 40
68 67 43
68 68 100
68 69 43
68 70 62
68 71 57
68 72 46
68 73 59
68 74 44
68 75 52
68 76 55
68 77 36
68 78 59
69 0 42
69 1 47
69 2 28
69 3 42
69 4 34
69 5 44
69 6 32
69 7 44
69 8 47
69 9 43
69 10 74
69 11 27
69 12 34
69 13 28
69 14 39
69 15 48
69 16 26
69 17 38
69 18 62
69 19 51
69 20 36
69 21 28
69 22 34
69 23 20
69 24 28
69 25 49
69 26 43
69 27 63
69 28 43
69 29 34
69 30 40
69 31 67
69 32 59
69 33 60
69 34 59
69 35 50
69 36 55
69 37 55
69 38 42
69 39 57
69 40 48
69 41 31
69 42 34
69 43 13
69 44 53
69 45 29
69 46 66
69 47 63
69 48 67
69 49 23
69 50 43
69 51 64
69 52 46
69 53 49
69 54 53
69 55 58
69 56 32
69 57 66
69 58 62
69 59 60
69 60 60
69 61 42
69 62 57
69 63 45
69 64 50
69 65 57
69 66 60
69 67 49
69 68 43
69 69 100
69 70 60
69 71 52
69 72 53
69 73 63
69 74 50
69 75 52
69 76 69
69 77 24
69 78 66
70 0 51
70 1 67
70 2 36
70 3 50
70 4 45
70 5 39
70 6 37
70 7 54
70 8 56
70 9 58
70 10 84
70 11 40
70 12 49
70 13 47
70 14 44
70 15 55
70 16 46
70 17 42
70 18 72
70 19 59
70 20 42
70 21 45
70 22 47
70 23 43
70 24 46
70 25 63
70 26 57
70 27 81
70 28 50
70 29 35
70 30 40
70 31 71
70 32 48
70 33 68
70 34 58
70 35 55
70 36 51
70 37 59
70 38 44
70 39 77
70 40 72
70 41 45
70 42 43
70 43 34
70 44 66
70 45 34
70 46 70
70 47 73
70 48 63
70 49 41
70 50 58
70 51 88
70 52 79
70 53 72
70 54 52
70 55 87
70 56 39
70 57 77
70 58 61
70 59 79
70 60 64
70 61 42
70 62 77
70 63 46
70 64 67
70 65 69
70 66 58
70 67 68
70 68 62
70 69 60
70 70 100
70 71 67
70 72 80
70 73 84
70 74 51
70 75 51
70 76 70
70 77 40
70 78 83
71 0 42
71 1 54
71 2 38
71 3 44
71 4 34
71 5 32
71 6 30
71 7 44
71 8 50
71 9 56
71 10 59
71 11 34
71 12 42
71 13 36
71 14 38
71 15 39
71 16 44
71 17 42
71 18 60
71 19 49
71 20 33
71 21 30
71 22 46
71 23 39
71 24 38
71 25 56
71 26 49
71 27 66
71 28 41
71 29 30
71 30 39
71 31 64
71 32 44
71 33 55
71 34 58
71 35 56
71 36 48
71 37 50
71 38 40
71 39 48
71 40 47
71 41 27
71 42 39
71 43 33
71 44 57
71 45 30
71 46 61
71 47 55
71 48 53
71 49 40
71 50 50
71 51 58
71 52 54
71 53 55
71 54 47
71 55 70
71 56 31
71 57 57
71 58 58
71 59 58
71 60 61
71 61 39
71 62 54
71 63 40
71 64 68
71 65 60
71 66 50
71 67 60
71 68 57
71 69 52
71 70 67
71 71 100
71 72 60
71 73 66
71 74 40
71 75 39
71 76 51
71 77 23
71 78 62
72 0 42
72 1 54
72 2 30
72 3 42
72 4 36
72 5 34
72 6 32
72 7 45
72 8 51
72 9 51
72 10 75
72 11 30
72 12 40
72 13 36
72 14 38
72 15 42
72 16 40
72 17 39
72 18 65
72 19 54
72 20 32
72 21 32
72 22 39
72 23 39
72 24 36
72 25 54
72 26 44
72 27 64
72 28 42
72 29 27
72 30 39
72 31 64
72 32 39
72 33 59
72 34 55
72 35 41
72 36 43
72 37 48
72 38 34
72 39 74
72 40 66
72 41 34
72 42 35
72 43 27
72 44 55
72 45 33
72 46 63
72 47 64
72 48 60
72 49 34
72 50 48
72 51 81
72 52 75
72 53 72
72 54 49
72 55 81
72 56 35
72 57 68
72 58 52
72 59 75
72 60 56
72 61 35
72 62 71
72 63 39
72 64 64
72 65 60
72 66 48
72 67 61
72 68 46
72 69 53
72 70 80
72 71 60
72 72 99
72 73 81
72 74 41
72 75 46
72 76 60
72 77 30
72 78 73
73 0 48
73 1 68
73 2 39
73 3 52
73 4 48
73 5 41
73 6 36
73 7 52
73 8 57
73 9 57
73 10 78
73 11 37
73 12 47
73 13 41
73 14 50
73 15 56
73 16 48
73 17 45
73 18 73
73 19 59
73 20 44
73 21 45
73 22 48
73 23 42
73 24 40
73 25 65
73 26 56
73 27 76
73 28 51
73 29 34
73 30 46
73 31 74
73 32 50
73 33 65
73 34 55
73 35 56
73 36 55
73 37 57
73 38 41
73 39 73
73 40 68
73 41 42
73 42 42
73 43 29
73 44 65
73 45 38
73 46 68
73 47 71
73 48 65
73 49 41
73 50 55
73 51 80
73 52 72
73 53 67
73 54 50
73 55 82
73 56 45
73 57 73
73 58 67
73 59 82
73 60 66
73 61 47
73 62 71
73 63 52
73 64 68
73 65 67
73 66 56
73 67 67
73 68 59
73 69 63
73 70 84
73 71 66
73 72 81
73 73 100
73 74 52
73 75 54
73 76 73
73 77 35
73 78 74
74 0 54
74 1 52
74 2 42
74 3 45
74 4 42
74 5 58
74 6 36
74 7 54
74 8 46
74 9 34
74 10 46
74 11 38
74 12 45
74 13 43
74 14 52
74 15 56
74 16 41
74 17 56
74 18 50
74 19 50
74 20 39
74 21 44
74 22 43
74 23 34
74 24 45
74 25 48
74 26 56
74 27 59
74 28 55
74 29 37
74 30 33
74 31 56
74 32 40
74 33 45
74 34 45
74 35 49
74 36 38
74 37 50
74 38 27
74 39 40
74 40 31
74 41 52
74 42 51
74 43 32
74 44 53
74 45 24
74 46 45
74 47 50
74 48 42
74 49 38
74 50 49
74 51 46
74 52 40
74 53 45
74 54 38
74 55 48
74 56 43
74 57 58
74 58 48
74 59 46
74 60 34
74 61 39
74 62 41
74 63 37
74 64 44
74 65 39
74 66 32
74 67 36
74 68 44
74 69 50
74 70 51
74 71 40
74 72 41
74 73 52
74 74 100
74 75 59
74 76 50
74 77 49
74 78 46
75 0 66
75 1 58
75 2 43
75 3 47
75 4 42
75 5 59
75 6 37
75 7 65
75 8 58
75 9 33
75 10 51
75 11 37
75 12 49
75 13 44
75 14 55
75 15 60
75 16 46
75 17 63
75 18 52
75 19 54
75 20 43
75 21 45
75 22 39
75 23 39
75 24 53
75 25 57
75 26 51
75 27 62
75 28 61
75 29 38
75 30 32
75 31 65
75 32 41
75 33 45
75 34 41
75 35 50
75 36 46
75 37 64
75 38 30
75 39 40
75 40 38
75 41 52
75 42 55
75 43 37
75 44 59
75 45 23
75 46 48
75 47 52
75 48 42
75 49 38
75 50 58
75 51 47
75 52 40
75 53 43
75 54 40
75 55 52
75 56 56
75 57 57
75 58 37
75 59 53
75 60 33
75 61 38
75 62 41
75 63 35
75 64 42
75 65 40
75 66 39
75 67 38
75 68 52
75 69 52
75 70 51
75 71 39
75 72 46
75 73 54
75 74 59
75 75 99
75 76 54
75 77 50
75 78 52
76 0 44
76 1 59
76 2 35
76 3 47
76 4 42
76 5 40
76 6 36
76 7 46
76 8 48
76 9 53
76 10 68
76 11 34
76 12 45
76 13 42
76 14 44
76 15 51
76 16 37
76 17 42
76 18 70
76 19 64
76 20 40
76 21 30
76 22 44
76 23 30
76 24 36
76 25 57
76 26 46
76 27 67
76 28 49
76 29 43
76 30 46
76 31 66
76 32 59
76 33 59
76 34 52
76 35 48
76 36 50
76 37 57
76 38 49
76 39 57
76 40 55
76 41 38
76 42 37
76 43 20
76 44 65
76 45 31
76 46 65
76 47 63
76 48 58
76 49 31
76 50 48
76 51 65
76 52 54
76 53 54
76 54 51
76 55 69
76 56 43
76 57 66
76 58 54
76 59 65
76 60 54
76 61 49
76 62 59
76 63 62
76 64 55
76 65 63
76 66 69
76 67 60
76 68 55
76 69 69
76 70 70
76 71 51
76 72 60
76 73 73
76 74 50
76 75 54
76 76 99
76 77 25
76 78 68
77 0 56
77 1 52
77 2 47
77 3 37
77 4 47
77 5 54
77 6 27
77 7 53
77 8 47
77 9 22
77 10 36
77 11 39
77 12 39
77 13 33
77 14 50
77 15 58
77 16 39
77 17 58
77 18 30
77 19 29
77 20 21
77 21 56
77 22 29
77 23 36
77 24 46
77 25 57
77 26 39
77 27 49
77 28 56
77 29 24
77 30 17
77 31 57
77 32 21
77 33 35
77 34 30
77 35 40
77 36 24
77 37 48
77 38 15
77 39 37
77 40 24
77 41 57
77 42 52
77 43 44
77 44 45
77 45 21
77 46 31
77 47 34
77 48 33
77 49 34
77 50 47
77 51 36
77 52 28
77 53 29
77 54 28
77 55 33
77 56 48
77 57 37
77 58 32
77 59 44
77 60 27
77 61 19
77 62 34
77 63 20
77 64 30
77 65 27
77 66 16
77 67 27
77 68 36
77 69 24
77 70 40
77 71 23
77 72 30
77 73 35
77 74 49
77 75 50
77 76 25
77 77 100
77 78 30
78 0 45
78 1 54
78 2 31
78 3 41
78 4 43
78 5 32
78 6 31
78 7 45
78 8 52
78 9 48
78 10 81
78 11 36
78 12 40
78 13 38
78 14 41
78 15 45
78 16 41
78 17 37
78 18 69
78 19 56
78 20 39
78 21 29
78 22 44
78 23 38
78 24 39
78 25 52
78 26 49
78 27 68
78 28 43
78 29 33
78 30 40
78 31 61
78 32 43
78 33 62
78 34 46
78 35 53
78 36 50
78 37 58
78 38 37
78 39 72
78 40 68
78 41 37
78 42 38
78 43 32
78 44 56
78 45 34
78 46 56
78 47 75
78 48 61
78 49 34
78 50 51
78 51 84
78 52 72
78 53 72
78 54 56
78 55 80
78 56 37
78 57 67
78 58 64
78 59 69
78 60 60
78 61 40
78 62 71
78 63 37
78 64 55
78 65 62
78 66 48
78 67 58
78 68 59
78 69 66
78 70 83
78 71 62
78 72 73
78 73 74
78 74 46
78 75 52
78 76 68
78 77 30
78 78 100
