0 0 100
0 1 61
0 2 61
0 3 64
0 4 88
0 5 75
0 6 62
0 7 79
0 8 57
0 9 71
0 10 57
0 11 72
0 12 74
0 13 58
0 14 67
0 15 63
0 16 66
0 17 59
0 18 42
0 19 62
0 20 53
0 21 49
0 22 35
0 23 67
0 24 59
0 25 61
0 26 72
0 27 63
0 28 70
0 29 72
0 30 56
0 31 69
0 32 51
0 33 47
0 34 61
0 35 49
0 36 44
0 37 59
0 38 57
0 39 61
0 40 46
0 41 67
0 42 59
0 43 51
0 44 62
0 45 72
0 46 54
0 47 53
1 0 61
1 1 99
1 2 53
1 3 55
1 4 57
1 5 53
1 6 46
1 7 76
1 8 58
1 9 47
1 10 27
1 11 66
1 12 57
1 13 38
1 14 57
1 15 58
1 16 56
1 17 53
1 18 46
1 19 54
1 20 28
1 21 44
1 22 33
1 23 60
1 24 44
1 25 53
1 26 48
1 27 51
1 28 55
1 29 70
1 30 81
1 31 62
1 32 54
1 33 47
1 34 49
1 35 38
1 36 30
1 37 52
1 38 60
1 39 46
1 40 54
1 41 54
1 42 61
1 43 51
1 44 50
1 45 52
1 46 47
1 47 41
2 0 61
2 1 53
2 2 100
2 3 58
2 4 57
2 5 55
2 6 44
2 7 60
2 8 66
2 9 37
2 10 31
2 11 71
2 12 55
2 13 33
2 14 57
2 15 52
2 16 64
2 17 55
2 18 36
2 19 53
2 20 48
2 21 43
2 22 47
2 23 69
2 24 68
2 25 66
2 26 60
2 27 96
2 28 59
2 29 56
2 30 53
2 31 58
2 32 63
2 33 53
2 34 64
2 35 45
2 36 43
2 37 55
2 38 57
2 39 65
2 40 38
2 41 69
2 42 69
2 43 65
2 44 51
2 45 54
2 46 42
2 47 46
3 0 64
3 1 55
3 2 58
3 3 100
3 4 64
3 5 60
3 6 48
3 7 62
3 8 62
3 9 48
3 10 47
3 11 68
3 12 64
3 13 42
3 14 60
3 15 55
3 16 61
3 17 51
3 18 36
3 19 53
3 20 43
3 21 46
3 22 40
3 23 62
3 24 51
3 25 53
3 26 60
3 27 58
3 28 88
3 29 65
3 30 49
3 31 60
3 32 53
3 33 50
3 34 63
3 35 47
3 36 32
3 37 50
3 38 50
3 39 60
3 40 41
3 41 62
3 42 52
3 43 48
3 44 53
3 45 62
3 46 45
3 47 55
4 0 88
4 1 57
4 2 57
4 3 64
4 4 100
4 5 67
4 6 64
4 7 70
4 8 52
4 9 58
4 10 48
4 11 75
4 12 77
4 13 53
4 14 60
4 15 61
4 16 60
4 17 52
4 18 34
4 19 53
4 20 50
4 21 47
4 22 35
4 23 68
4 24 61
4 25 56
4 26 64
4 27 62
4 28 73
4 29 71
4 30 46
4 31 66
4 32 44
4 33 40
4 34 60
4 35 46
4 36 44
4 37 50
4 38 46
4 39 59
4 40 37
4 41 64
4 42 49
4 43 45
4 44 58
4 45 69
4 46 48
4 47 52
5 0 75
5 1 53
5 2 55
5 3 60
5 4 67
5 5 99
5 6 66
5 7 75
5 8 60
5 9 65
5 10 60
5 11 65
5 12 62
5 13 47
5 14 58
5 15 66
5 16 69
5 17 66
5 18 47
5 19 70
5 20 62
5 21 62
5 22 48
5 23 63
5 24 51
5 25 49
5 26 65
5 27 56
5 28 63
5 29 73
5 30 57
5 31 66
5 32 55
5 33 63
5 34 66
5 35 60
5 36 51
5 37 59
5 38 60
5 39 62
5 40 43
5 41 56
5 42 49
5 43 46
5 44 68
5 45 67
5 46 56
5 47 70
6 0 62
6 1 46
6 2 44
6 3 48
6 4 64
6 5 66
6 6 100
6 7 59
6 8 48
6 9 48
6 10 41
6 11 60
6 12 58
6 13 35
6 14 46
6 15 52
6 16 60
6 17 49
6 18 36
6 19 59
6 20 41
6 21 50
6 22 41
6 23 60
6 24 50
6 25 43
6 26 51
6 27 49
6 28 57
6 29 68
6 30 48
6 31 58
6 32 47
6 33 42
6 34 54
6 35 51
6 36 46
6 37 45
6 38 42
6 39 48
6 40 31
6 41 49
6 42 44
6 43 46
6 44 53
6 45 61
6 46 48
6 47 57
7 0 79
7 1 76
7 2 60
7 3 62
7 4 70
7 5 75
7 6 59
7 7 100
7 8 65
7 9 58
7 10 40
7 11 70
7 12 61
7 13 45
7 14 61
7 15 64
7 16 72
7 17 66
7 18 51
7 19 70
7 20 44
7 21 52
7 22 42
7 23 69
7 24 54
7 25 60
7 26 61
7 27 59
7 28 63
7 29 74
7 30 68
7 31 72
7 32 59
7 33 57
7 34 63
7 35 48
7 36 40
7 37 62
7 38 69
7 39 62
7 40 58
7 41 57
7 42 64
7 43 54
7 44 60
7 45 64
7 46 54
7 47 57
8 0 57
8 1 58
8 2 66
8 3 62
8 4 52
8 5 60
8 6 48
8 7 65
8 8 99
8 9 36
8 10 31
8 11 66
8 12 53
8 13 27
8 14 50
8 15 53
8 16 68
8 17 55
8 18 43
8 19 55
8 20 53
8 21 50
8 22 48
8 23 60
8 24 55
8 25 51
8 26 59
8 27 66
8 28 57
8 29 58
8 30 56
8 31 59
8 32 64
8 33 69
8 34 67
8 35 57
8 36 46
8 37 60
8 38 69
8 39 70
8 40 46
8 41 60
8 42 64
8 43 61
8 44 49
8 45 55
8 46 39
8 47 51
9 0 71
9 1 47
9 2 37
9 3 48
9 4 58
9 5 65
9 6 48
9 7 58
9 8 36
9 9 100
9 10 68
9 11 53
9 12 63
9 13 62
9 14 51
9 15 55
9 16 48
9 17 44
9 18 32
9 19 55
9 20 34
9 21 40
9 22 27
9 23 47
9 24 36
9 25 38
9 26 54
9 27 39
9 28 54
9 29 60
9 30 46
9 31 54
9 32 34
9 33 34
9 34 39
9 35 38
9 36 24
9 37 40
9 38 41
9 39 42
9 40 34
9 41 40
9 42 36
9 43 32
9 44 54
9 45 64
9 46 54
9 47 42
10 0 57
10 1 27
10 2 31
10 3 47
10 4 48
10 5 60
10 6 41
10 7 40
10 8 31
10 9 68
10 10 100
10 11 44
10 12 54
10 13 59
10 14 48
10 15 47
10 16 44
10 17 34
10 18 19
10 19 40
10 20 39
10 21 28
10 22 21
10 23 38
10 24 34
10 25 35
10 26 46
10 27 34
10 28 55
10 29 50
10 30 30
10 31 44
10 32 29
10 33 30
10 34 35
10 35 33
10 36 21
10 37 28
10 38 29
10 39 36
10 40 22
10 41 32
10 42 27
10 43 24
10 44 46
10 45 56
10 46 42
10 47 39
11 0 72
11 1 66
11 2 71
11 3 68
11 4 75
11 5 65
11 6 60
11 7 70
11 8 66
11 9 53
11 10 44
11 11 100
11 12 71
11 13 47
11 14 62
11 15 66
11 16 74
11 17 57
11 18 34
11 19 57
11 20 51
11 21 47
11 22 43
11 23 83
11 24 76
11 25 72
11 26 67
11 27 72
11 28 73
11 29 70
11 30 58
11 31 69
11 32 56
11 33 51
11 34 74
11 35 49
11 36 44
11 37 60
11 38 61
11 39 68
11 40 43
11 41 73
11 42 68
11 43 56
11 44 56
11 45 66
11 46 50
11 47 52
12 0 74
12 1 57
12 2 55
12 3 64
12 4 77
12 5 62
12 6 58
12 7 61
12 8 53
12 9 63
12 10 54
12 11 71
12 12 100
12 13 62
12 14 63
12 15 62
12 16 63
12 17 53
12 18 31
12 19 55
12 20 46
12 21 43
12 22 36
12 23 68
12 24 59
12 25 61
12 26 67
12 27 57
12 28 72
12 29 67
12 30 48
12 31 64
12 32 47
12 33 42
12 34 58
12 35 45
12 36 44
12 37 54
12 38 51
12 39 54
12 40 32
12 41 56
12 42 46
12 43 46
12 44 63
12 45 76
12 46 51
12 47 48
13 0 58
13 1 38
13 2 33
13 3 42
13 4 53
13 5 47
13 6 35
13 7 45
13 8 27
13 9 62
13 10 59
13 11 47
13 12 62
13 13 100
13 14 48
13 15 39
13 16 42
13 17 34
13 18 21
13 19 42
13 20 32
13 21 25
13 22 15
13 23 42
13 24 31
13 25 40
13 26 51
13 27 34
13 28 50
13 29 48
13 30 33
13 31 39
13 32 26
13 33 25
13 34 34
13 35 28
13 36 22
13 37 31
13 38 33
13 39 33
13 40 26
13 41 32
13 42 32
13 43 22
13 44 43
13 45 62
13 46 57
13 47 30
14 0 67
14 1 57
14 2 57
14 3 60
14 4 60
14 5 58
14 6 46
14 7 61
14 8 50
14 9 51
14 10 48
14 11 62
14 12 63
14 13 48
14 14 99
14 15 49
14 16 61
14 17 47
14 18 36
14 19 52
14 20 37
14 21 34
14 22 30
14 23 57
14 24 44
14 25 55
14 26 57
14 27 56
14 28 64
14 29 60
14 30 44
14 31 56
14 32 43
14 33 46
14 34 53
14 35 36
14 36 38
14 37 49
14 38 55
14 39 53
14 40 50
14 41 56
14 42 52
14 43 43
14 44 54
14 45 62
14 46 42
14 47 41
15 0 63
15 1 58
15 2 52
15 3 55
15 4 61
15 5 66
15 6 52
15 7 64
15 8 53
15 9 55
15 10 47
15 11 66
15 12 62
15 13 39
15 14 49
15 15 100
15 16 63
15 17 63
15 18 38
15 19 59
15 20 42
15 21 55
15 22 39
15 23 68
15 24 63
15 25 47
15 26 55
15 27 49
15 28 57
15 29 60
15 30 65
15 31 67
15 32 52
15 33 45
15 34 56
15 35 44
15 36 39
15 37 62
15 38 62
15 39 56
15 40 44
15 41 57
15 42 56
15 43 49
15 44 58
15 45 58
15 46 60
15 47 55
16 0 66
16 1 56
16 2 64
16 3 61
16 4 60
16 5 69
16 6 60
16 7 72
16 8 68
16 9 48
16 10 44
16 11 74
16 12 63
16 13 42
16 14 61
16 15 63
16 16 100
16 17 66
16 18 49
16 19 63
16 20 48
16 21 51
16 22 43
16 23 78
16 24 69
16 25 70
16 26 69
16 27 63
16 28 60
16 29 67
16 30 57
16 31 70
16 32 64
16 33 63
16 34 73
16 35 59
16 36 46
16 37 65
16 38 69
16 39 71
16 40 47
16 41 68
16 42 64
16 43 53
16 44 63
16 45 69
16 46 47
16 47 61
17 0 59
17 1 53
17 2 55
17 3 51
17 4 52
17 5 66
17 6 49
17 7 66
17 8 55
17 9 44
17 10 34
17 11 57
17 12 53
17 13 34
17 14 47
17 15 63
17 16 66
17 17 100
17 18 55
17 19 68
17 20 55
17 21 57
17 22 49
17 23 61
17 24 51
17 25 45
17 26 54
17 27 55
17 28 52
17 29 57
17 30 65
17 31 67
17 32 63
17 33 53
17 34 63
17 35 58
17 36 51
17 37 69
17 38 71
17 39 62
17 40 48
17 41 56
17 42 55
17 43 47
17 44 63
17 45 54
17 46 48
17 47 61
18 0 42
18 1 46
18 2 36
18 3 36
18 4 34
18 5 47
18 6 36
18 7 51
18 8 43
18 9 32
18 10 19
18 11 34
18 12 31
18 13 21
18 14 36
18 15 38
18 16 49
18 17 55
18 18 100
18 19 55
18 20 32
18 21 53
18 22 37
18 23 36
18 24 26
18 25 30
18 26 36
18 27 38
18 28 31
18 29 51
18 30 56
18 31 55
18 32 53
18 33 43
18 34 39
18 35 52
18 36 39
18 37 42
18 38 47
18 39 35
18 40 53
18 41 33
18 42 38
18 43 36
18 44 36
18 45 39
18 46 29
18 47 45
19 0 62
19 1 54
19 2 53
19 3 53
19 4 53
19 5 70
19 6 59
19 7 70
19 8 55
19 9 55
19 10 40
19 11 57
19 12 55
19 13 42
19 14 52
19 15 59
19 16 63
19 17 68
19 18 55
19 19 99
19 20 48
19 21 59
19 22 48
19 23 55
19 24 42
19 25 45
19 26 56
19 27 54
19 28 59
19 29 64
19 30 61
19 31 60
19 32 55
19 33 53
19 34 58
19 35 51
19 36 44
19 37 58
19 38 61
19 39 56
19 40 54
19 41 48
19 42 54
19 43 46
19 44 54
19 45 57
19 46 55
19 47 59
20 0 53
20 1 28
20 2 48
20 3 43
20 4 50
20 5 62
20 6 41
20 7 44
20 8 53
20 9 34
20 10 39
20 11 51
20 12 46
20 13 32
20 14 37
20 15 42
20 16 48
20 17 55
20 18 32
20 19 48
20 20 100
20 21 50
20 22 49
20 23 47
20 24 47
20 25 36
20 26 51
20 27 52
20 28 47
20 29 47
20 30 41
20 31 49
20 32 49
20 33 51
20 34 56
20 35 52
20 36 51
20 37 52
20 38 51
20 39 55
20 40 27
20 41 49
20 42 42
20 43 36
20 44 51
20 45 47
20 46 38
20 47 51
21 0 49
21 1 44
21 2 43
21 3 46
21 4 47
21 5 62
21 6 50
21 7 52
21 8 50
21 9 40
21 10 28
21 11 47
21 12 43
21 13 25
21 14 34
21 15 55
21 16 51
21 17 57
21 18 53
21 19 59
21 20 50
21 21 99
21 22 47
21 23 45
21 24 42
21 25 33
21 26 46
21 27 44
21 28 42
21 29 55
21 30 59
21 31 55
21 32 53
21 33 50
21 34 51
21 35 53
21 36 39
21 37 46
21 38 44
21 39 47
21 40 33
21 41 46
21 42 42
21 43 40
21 44 47
21 45 48
21 46 43
21 47 65
22 0 35
22 1 33
22 2 47
22 3 40
22 4 35
22 5 48
22 6 41
22 7 42
22 8 48
22 9 27
22 10 21
22 11 43
22 12 36
22 13 15
22 14 30
22 15 39
22 16 43
22 17 49
22 18 37
22 19 48
22 20 49
22 21 47
22 22 100
22 23 41
22 24 39
22 25 33
22 26 38
22 27 48
22 28 41
22 29 43
22 30 44
22 31 47
22 32 48
22 33 41
22 34 51
22 35 50
22 36 40
22 37 42
22 38 46
22 39 48
22 40 23
22 41 39
22 42 32
22 43 28
22 44 45
22 45 44
22 46 28
22 47 42
23 0 67
23 1 60
23 2 69
23 3 62
23 4 68
23 5 63
23 6 60
23 7 69
23 8 60
23 9 47
23 10 38
23 11 83
23 12 68
23 13 42
23 14 57
23 15 68
23 16 78
23 17 61
23 18 36
23 19 55
23 20 47
23 21 45
23 22 41
23 23 100
23 24 81
23 25 79
23 26 73
23 27 69
23 28 64
23 29 64
23 30 57
23 31 67
23 32 56
23 33 49
23 34 73
23 35 45
23 36 48
23 37 64
23 38 64
23 39 64
23 40 42
23 41 69
23 42 62
23 43 56
23 44 56
23 45 64
23 46 53
23 47 53
24 0 59
24 1 44
24 2 68
24 3 51
24 4 61
24 5 51
24 6 50
24 7 54
24 8 55
24 9 36
24 10 34
24 11 76
24 12 59
24 13 31
24 14 44
24 15 63
24 16 69
24 17 51
24 18 26
24 19 42
24 20 47
24 21 42
24 22 39
24 23 81
24 24 100
24 25 70
24 26 61
24 27 67
24 28 51
24 29 51
24 30 44
24 31 55
24 32 53
24 33 41
24 34 63
24 35 39
24 36 46
24 37 55
24 38 53
24 39 62
24 40 26
24 41 65
24 42 61
24 43 54
24 44 48
24 45 54
24 46 42
24 47 41
25 0 61
25 1 53
25 2 66
25 3 53
25 4 56
25 5 49
25 6 43
25 7 60
25 8 51
25 9 38
25 10 35
25 11 72
25 12 61
25 13 40
25 14 55
25 15 47
25 16 70
25 17 45
25 18 30
25 19 45
25 20 36
25 21 33
25 22 33
25 23 79
25 24 70
25 25 99
25 26 65
25 27 65
25 28 54
25 29 54
25 30 45
25 31 52
25 32 43
25 33 39
25 34 64
25 35 30
25 36 36
25 37 49
25 38 51
25 39 48
25 40 38
25 41 60
25 42 53
25 43 45
25 44 46
25 45 59
25 46 38
25 47 35
26 0 72
26 1 48
26 2 60
26 3 60
26 4 64
26 5 65
26 6 51
26 7 61
26 8 59
26 9 54
26 10 46
26 11 67
26 12 67
26 13 51
26 14 57
26 15 55
26 16 69
26 17 54
26 18 36
26 19 56
26 20 51
26 21 46
26 22 38
26 23 73
26 24 61
26 25 65
26 26 100
26 27 59
26 28 60
26 29 60
26 30 49
26 31 58
26 32 50
26 33 51
26 34 68
26 35 46
26 36 49
26 37 57
26 38 56
26 39 59
26 40 35
26 41 63
26 42 55
26 43 50
26 44 58
26 45 67
26 46 51
26 47 55
27 0 63
27 1 51
27 2 96
27 3 58
27 4 62
27 5 56
27 6 49
27 7 59
27 8 66
27 9 39
27 10 34
27 11 72
27 12 57
27 13 34
27 14 56
27 15 49
27 16 63
27 17 55
27 18 38
27 19 54
27 20 52
27 21 44
27 22 48
27 23 69
27 24 67
27 25 65
27 26 59
27 27 100
27 28 63
27 29 58
27 30 49
27 31 58
27 32 62
27 33 52
27 34 65
27 35 50
27 36 45
27 37 52
27 38 55
27 39 63
27 40 40
27 41 67
27 42 64
27 43 65
27 44 50
27 45 58
27 46 41
27 47 48
28 0 70
28 1 55
28 2 59
28 3 88
28 4 73
28 5 63
28 6 57
28 7 63
28 8 57
28 9 54
28 10 55
28 11 73
28 12 72
28 13 50
28 14 64
28 15 57
28 16 60
28 17 52
28 18 31
28 19 59
28 20 47
28 21 42
28 22 41
28 23 64
28 24 51
28 25 54
28 26 60
28 27 63
28 28 99
28 29 71
28 30 45
28 31 61
28 32 47
28 33 42
28 34 61
28 35 44
28 36 36
28 37 50
28 38 48
28 39 57
28 40 40
28 41 59
28 42 47
28 43 44
28 44 57
28 45 65
28 46 50
28 47 55
29 0 72
29 1 70
29 2 56
29 3 65
29 4 71
29 5 73
29 6 68
29 7 74
29 8 58
29 9 60
29 10 50
29 11 70
29 12 67
29 13 48
29 14 60
29 15 60
29 16 67
29 17 57
29 18 51
29 19 64
29 20 47
29 21 55
29 22 43
29 23 64
29 24 51
29 25 54
29 26 60
29 27 58
29 28 71
29 29 100
29 30 62
29 31 71
29 32 58
29 33 50
29 34 62
29 35 52
29 36 41
29 37 55
29 38 57
29 39 55
29 40 48
29 41 59
29 42 56
29 43 50
29 44 63
29 45 67
29 46 48
29 47 63
30 0 56
30 1 81
30 2 53
30 3 49
30 4 46
30 5 57
30 6 48
30 7 68
30 8 56
30 9 46
30 10 30
30 11 58
30 12 48
30 13 33
30 14 44
30 15 65
30 16 57
30 17 65
30 18 56
30 19 61
30 20 41
30 21 59
30 22 44
30 23 57
30 24 44
30 25 45
30 26 49
30 27 49
30 28 45
30 29 62
30 30 100
30 31 68
30 32 65
30 33 54
30 34 51
30 35 51
30 36 37
30 37 61
30 38 60
30 39 50
30 40 51
30 41 57
30 42 63
30 43 51
30 44 51
30 45 53
30 46 55
30 47 54
31 0 69
31 1 62
31 2 58
31 3 60
31 4 66
31 5 66
31 6 58
31 7 72
31 8 59
31 9 54
31 10 44
31 11 69
31 12 64
31 13 39
31 14 56
31 15 67
31 16 70
31 17 67
31 18 55
31 19 60
31 20 49
31 21 55
31 22 47
31 23 67
31 24 55
31 25 52
31 26 58
31 27 58
31 28 61
31 29 71
31 30 68
31 31 100
31 32 63
31 33 48
31 34 61
31 35 56
31 36 43
31 37 65
31 38 61
31 39 63
31 40 48
31 41 68
31 42 62
31 43 50
31 44 60
31 45 62
31 46 43
31 47 56
32 0 51
32 1 54
32 2 63
32 3 53
32 4 44
32 5 55
32 6 47
32 7 59
32 8 64
32 9 34
32 10 29
32 11 56
32 12 47
32 13 26
32 14 43
32 15 52
32 16 64
32 17 63
32 18 53
32 19 55
32 20 49
32 21 53
32 22 48
32 23 56
32 24 53
32 25 43
32 26 50
32 27 62
32 28 47
32 29 58
32 30 65
32 31 63
32 32 100
32 33 64
32 34 59
32 35 57
32 36 43
32 37 57
32 38 61
32 39 57
32 40 47
32 41 60
32 42 65
32 43 57
32 44 50
32 45 53
32 46 38
32 47 56
33 0 47
33 1 47
33 2 53
33 3 50
33 4 40
33 5 63
33 6 42
33 7 57
33 8 69
33 9 34
33 10 30
33 11 51
33 12 42
33 13 25
33 14 46
33 15 45
33 16 63
33 17 53
33 18 43
33 19 53
33 20 51
33 21 50
33 22 41
33 23 49
33 24 41
33 25 39
33 26 51
33 27 52
33 28 42
33 29 50
33 30 54
33 31 48
33 32 64
33 33 100
33 34 57
33 35 55
33 36 39
33 37 49
33 38 60
33 39 61
33 40 45
33 41 45
33 42 52
33 43 45
33 44 45
33 45 48
33 46 37
33 47 56
34 0 61
34 1 49
34 2 64
34 3 63
34 4 60
34 5 66
34 6 54
34 7 63
34 8 67
34 9 39
34 10 35
34 11 74
34 12 58
34 13 34
34 14 53
34 15 56
34 16 73
34 17 63
34 18 39
34 19 58
34 20 56
34 21 51
34 22 51
34 23 73
34 24 63
34 25 64
34 26 68
34 27 65
34 28 61
34 29 62
34 30 51
34 31 61
34 32 59
34 33 57
34 34 100
34 35 58
34 36 53
34 37 57
34 38 61
34 39 68
34 40 37
34 41 69
34 42 54
34 43 49
34 44 54
34 45 62
34 46 41
34 47 67
35 0 49
35 1 38
35 2 45
35 3 47
35 4 46
35 5 60
35 6 51
35 7 48
35 8 57
35 9 38
35 10 33
35 11 49
35 12 45
35 13 28
35 14 36
35 15 44
35 16 59
35 17 58
35 18 52
35 19 51
35 20 52
35 21 53
35 22 50
35 23 45
35 24 39
35 25 30
35 26 46
35 27 50
35 28 44
35 29 52
35 30 51
35 31 56
35 32 57
35 33 55
35 34 58
35 35 100
35 36 43
35 37 51
35 38 52
35 39 57
35 40 31
35 41 46
35 42 38
35 43 39
35 44 53
35 45 55
35 46 33
35 47 60
36 0 44
36 1 30
36 2 43
36 3 32
36 4 44
36 5 51
36 6 46
36 7 40
36 8 46
36 9 24
36 10 21
36 11 44
36 12 44
36 13 22
36 14 38
36 15 39
36 16 46
36 17 51
36 18 39
36 19 44
36 20 51
36 21 39
36 22 40
36 23 48
36 24 46
36 25 36
36 26 49
36 27 45
36 28 36
36 29 41
36 30 37
36 31 43
36 32 43
36 33 39
36 34 53
36 35 43
36 36 99
36 37 50
36 38 50
36 39 43
36 40 22
36 41 46
36 42 36
36 43 40
36 44 39
36 45 42
36 46 42
36 47 47
37 0 59
37 1 52
37 2 55
37 3 50
37 4 50
37 5 59
37 6 45
37 7 62
37 8 60
37 9 40
37 10 28
37 11 60
37 12 54
37 13 31
37 14 49
37 15 62
37 16 65
37 17 69
37 18 42
37 19 58
37 20 52
37 21 46
37 22 42
37 23 64
37 24 55
37 25 49
37 26 57
37 27 52
37 28 50
37 29 55
37 30 61
37 31 65
37 32 57
37 33 49
37 34 57
37 35 51
37 36 50
37 37 100
37 38 77
37 39 66
37 40 44
37 41 63
37 42 66
37 43 54
37 44 51
37 45 56
37 46 54
37 47 51
38 0 57
38 1 60
38 2 57
38 3 50
38 4 46
38 5 60
38 6 42
38 7 69
38 8 69
38 9 41
38 10 29
38 11 61
38 12 51
38 13 33
38 14 55
38 15 62
38 16 69
38 17 71
38 18 47
38 19 61
38 20 51
38 21 44
38 22 46
38 23 64
38 24 53
38 25 51
38 26 56
38 27 55
38 28 48
38 29 57
38 30 60
38 31 61
38 32 61
38 33 60
38 34 61
38 35 52
38 36 50
38 37 77
38 38 99
38 39 71
38 40 60
38 41 59
38 42 66
38 43 56
38 44 50
38 45 56
38 46 47
38 47 49
39 0 61
39 1 46
39 2 65
39 3 60
39 4 59
39 5 62
39 6 48
39 7 62
39 8 70
39 9 42
39 10 36
39 11 68
39 12 54
39 13 33
39 14 53
39 15 56
39 16 71
39 17 62
39 18 35
39 19 56
39 20 55
39 21 47
39 22 48
39 23 64
39 24 62
39 25 48
39 26 59
39 27 63
39 28 57
39 29 55
39 30 50
39 31 63
39 32 57
39 33 61
39 34 68
39 35 57
39 36 43
39 37 66
39 38 71
39 39 100
39 40 42
39 41 64
39 42 64
39 43 51
39 44 55
39 45 56
39 46 42
39 47 55
40 0 46
40 1 54
40 2 38
40 3 41
40 4 37
40 5 43
40 6 31
40 7 58
40 8 46
40 9 34
40 10 22
40 11 43
40 12 32
40 13 26
40 14 50
40 15 44
40 16 47
40 17 48
40 18 53
40 19 54
40 20 27
40 21 33
40 22 23
40 23 42
40 24 26
40 25 38
40 26 35
40 27 40
40 28 40
40 29 48
40 30 51
40 31 48
40 32 47
40 33 45
40 34 37
40 35 31
40 36 22
40 37 44
40 38 60
40 39 42
40 40 99
40 41 35
40 42 54
40 43 44
40 44 33
40 45 37
40 46 37
40 47 30
41 0 67
41 1 54
41 2 69
41 3 62
41 4 64
41 5 56
41 6 49
41 7 57
41 8 60
41 9 40
41 10 32
41 11 73
41 12 56
41 13 32
41 14 56
41 15 57
41 16 68
41 17 56
41 18 33
41 19 48
41 20 49
41 21 46
41 22 39
41 23 69
41 24 65
41 25 60
41 26 63
41 27 67
41 28 59
41 29 59
41 30 57
41 31 68
41 32 60
41 33 45
41 34 69
41 35 46
41 36 46
41 37 63
41 38 59
41 39 64
41 40 35
41 41 100
41 42 73
41 43 58
41 44 50
41 45 57
41 46 40
41 47 53
42 0 59
42 1 61
42 2 69
42 3 52
42 4 49
42 5 49
42 6 44
42 7 64
42 8 64
42 9 36
42 10 27
42 11 68
42 12 46
42 13 32
42 14 52
42 15 56
42 16 64
42 17 55
42 18 38
42 19 54
42 20 42
42 21 42
42 22 32
42 23 62
42 24 61
42 25 53
42 26 55
42 27 64
42 28 47
42 29 56
42 30 63
42 31 62
42 32 65
42 33 52
42 34 54
42 35 38
42 36 36
42 37 66
42 38 66
42 39 64
42 40 54
42 41 73
42 42 100
42 43 68
42 44 43
42 45 44
42 46 45
42 47 41
43 0 51
43 1 51
43 2 65
43 3 48
43 4 45
43 5 46
43 6 46
43 7 54
43 8 61
43 9 32
43 10 24
43 11 56
43 12 46
43 13 22
43 14 43
43 15 49
43 16 53
43 17 47
43 18 36
43 19 46
43 20 36
43 21 40
43 22 28
43 23 56
43 24 54
43 25 45
43 26 50
43 27 65
43 28 44
43 29 50
43 30 51
43 31 50
43 32 57
43 33 45
43 34 49
43 35 39
43 36 40
43 37 54
43 38 56
43 39 51
43 40 44
43 41 58
43 42 68
43 43 100
43 44 38
43 45 48
43 46 37
43 47 39
44 0 62
44 1 50
44 2 51
44 3 53
44 4 58
44 5 68
44 6 53
44 7 60
44 8 49
44 9 54
44 10 46
44 11 56
44 12 63
44 13 43
44 14 54
44 15 58
44 16 63
44 17 63
44 18 36
44 19 54
44 20 51
44 21 47
44 22 45
44 23 56
44 24 48
44 25 46
44 26 58
44 27 50
44 28 57
44 29 63
44 30 51
44 31 60
44 32 50
44 33 45
44 34 54
44 35 53
44 36 39
44 37 51
44 38 50
44 39 55
44 40 33
44 41 50
44 42 43
44 43 38
44 44 99
44 45 62
44 46 43
44 47 51
45 0 72
45 1 52
45 2 54
45 3 62
45 4 69
45 5 67
45 6 61
45 7 64
45 8 55
45 9 64
45 10 56
45 11 66
45 12 76
45 13 62
45 14 62
45 15 58
45 16 69
45 17 54
45 18 39
45 19 57
45 20 47
45 21 48
45 22 44
45 23 64
45 24 54
45 25 59
45 26 67
45 27 58
45 28 65
45 29 67
45 30 53
45 31 62
45 32 53
45 33 48
45 34 62
45 35 55
45 36 42
45 37 56
45 38 56
45 39 56
45 40 37
45 41 57
45 42 44
45 43 48
45 44 62
45 45 100
45 46 46
45 47 57
46 0 54
46 1 47
46 2 42
46 3 45
46 4 48
46 5 56
46 6 48
46 7 54
46 8 39
46 9 54
46 10 42
46 11 50
46 12 51
46 13 57
46 14 42
46 15 60
46 16 47
46 17 48
46 18 29
46 19 55
46 20 38
46 21 43
46 22 28
46 23 53
46 24 42
46 25 38
46 26 51
46 27 41
46 28 50
46 29 48
46 30 55
46 31 43
46 32 38
46 33 37
46 34 41
46 35 33
46 36 42
46 37 54
46 38 47
46 39 42
46 40 37
46 41 40
46 42 45
46 43 37
46 44 43
46 45 46
46 46 100
46 47 52
47 0 53
47 1 41
47 2 46
47 3 55
47 4 52
47 5 70
47 6 57
47 7 57
47 8 51
47 9 42
47 10 39
47 11 52
47 12 48
47 13 30
47 14 41
47 15 55
47 16 61
47 17 61
47 18 45
47 19 59
47 20 51
47 21 65
47 22 42
47 23 53
47 24 41
47 25 35
47 26 55
47 27 48
47 28 55
47 29 63
47 30 54
47 31 56
47 32 56
47 33 56
47 34 67
47 35 60
47 36 47
47 37 51
47 38 49
47 39 55
47 40 30
47 41 53
47 42 41
47 43 39
47 44 51
47 45 57
47 46 52
47 47 99
