0 0 99
0 1 78
0 2 53
0 3 56
0 4 97
0 5 78
0 6 79
0 7 69
0 8 54
0 9 57
0 10 52
0 11 37
0 12 68
0 13 55
0 14 63
0 15 46
0 16 40
0 17 46
0 18 53
0 19 66
0 20 64
0 21 54
0 22 53
0 23 48
0 24 45
0 25 66
0 26 62
0 27 77
0 28 55
0 29 55
0 30 54
1 0 78
1 1 99
1 2 54
1 3 51
1 4 79
1 5 93
1 6 78
1 7 50
1 8 53
1 9 67
1 10 59
1 11 36
1 12 68
1 13 56
1 14 65
1 15 42
1 16 39
1 17 36
1 18 51
1 19 64
1 20 62
1 21 59
1 22 55
1 23 42
1 24 46
1 25 69
1 26 68
1 27 79
1 28 54
1 29 55
1 30 58
2 0 53
2 1 54
2 2 99
2 3 43
2 4 53
2 5 58
2 6 40
2 7 30
2 8 26
2 9 36
2 10 64
2 11 24
2 12 41
2 13 93
2 14 59
2 15 26
2 16 25
2 17 21
2 18 30
2 19 41
2 20 38
2 21 28
2 22 40
2 23 21
2 24 20
2 25 60
2 26 48
2 27 53
2 28 42
2 29 32
2 30 50
3 0 56
3 1 51
3 2 43
3 3 99
3 4 55
3 5 54
3 6 57
3 7 34
3 8 41
3 9 37
3 10 42
3 11 33
3 12 55
3 13 49
3 14 75
3 15 56
3 16 29
3 17 68
3 18 47
3 19 57
3 20 55
3 21 32
3 22 57
3 23 39
3 24 33
3 25 45
3 26 40
3 27 60
3 28 32
3 29 44
3 30 41
4 0 97
4 1 79
4 2 53
4 3 55
4 4 99
4 5 79
4 6 78
4 7 70
4 8 54
4 9 58
4 10 52
4 11 36
4 12 66
4 13 55
4 14 63
4 15 44
4 16 37
4 17 44
4 18 52
4 19 67
4 20 63
4 21 53
4 22 53
4 23 47
4 24 45
4 25 66
4 26 62
4 27 78
4 28 54
4 29 55
4 30 54
5 0 78
5 1 93
5 2 58
5 3 54
5 4 79
5 5 99
5 6 77
5 7 48
5 8 52
5 9 67
5 10 61
5 11 35
5 12 66
5 13 60
5 14 67
5 15 40
5 16 41
5 17 35
5 18 51
5 19 59
5 20 60
5 21 57
5 22 57
5 23 40
5 24 46
5 25 68
5 26 73
5 27 76
5 28 52
5 29 51
5 30 54
6 0 79
6 1 78
6 2 40
6 3 57
6 4 78
6 5 77
6 6 99
6 7 52
6 8 51
6 9 60
6 10 55
6 11 37
6 12 69
6 13 43
6 14 63
6 15 53
6 16 39
6 17 51
6 18 61
6 19 60
6 20 71
6 21 60
6 22 57
6 23 46
6 24 51
6 25 59
6 26 58
6 27 74
6 28 45
6 29 53
6 30 46
7 0 69
7 1 50
7 2 30
7 3 34
7 4 70
7 5 48
7 6 52
7 7 99
7 8 34
7 9 28
7 10 29
7 11 22
7 12 38
7 13 34
7 14 37
7 15 29
7 16 18
7 17 35
7 18 40
7 19 47
7 20 40
7 21 38
7 22 27
7 23 36
7 24 24
7 25 42
7 26 37
7 27 47
7 28 29
7 29 39
7 30 29
8 0 54
8 1 53
8 2 26
8 3 41
8 4 54
8 5 52
8 6 51
8 7 34
8 8 100
8 9 50
8 10 32
8 11 34
8 12 49
8 13 29
8 14 41
8 15 34
8 16 35
8 17 33
8 18 37
8 19 50
8 20 43
8 21 29
8 22 44
8 23 40
8 24 37
8 25 37
8 26 44
8 27 46
8 28 41
8 29 38
8 30 35
9 0 57
9 1 67
9 2 36
9 3 37
9 4 58
9 5 67
9 6 60
9 7 28
9 8 50
9 9 100
9 10 43
9 11 34
9 12 59
9 13 40
9 14 46
9 15 35
9 16 35
9 17 28
9 18 38
9 19 47
9 20 47
9 21 34
9 22 46
9 23 35
9 24 44
9 25 43
9 26 54
9 27 56
9 28 39
9 29 36
9 30 38
10 0 52
10 1 59
10 2 64
10 3 42
10 4 52
10 5 61
10 6 55
10 7 29
10 8 32
10 9 43
10 10 99
10 11 32
10 12 44
10 13 70
10 14 59
10 15 35
10 16 29
10 17 25
10 18 40
10 19 46
10 20 49
10 21 40
10 22 47
10 23 32
10 24 33
10 25 62
10 26 51
10 27 55
10 28 46
10 29 32
10 30 45
11 0 37
11 1 36
11 2 24
11 3 33
11 4 36
11 5 35
11 6 37
11 7 22
11 8 34
11 9 34
11 10 32
11 11 99
11 12 38
11 13 30
11 14 37
11 15 54
11 16 41
11 17 40
11 18 63
11 19 38
11 20 60
11 21 39
11 22 38
11 23 49
11 24 41
11 25 26
11 26 22
11 27 35
11 28 37
11 29 29
11 30 25
12 0 68
12 1 68
12 2 41
12 3 55
12 4 66
12 5 66
12 6 69
12 7 38
12 8 49
12 9 59
12 10 44
12 11 38
12 12 99
12 13 46
12 14 56
12 15 44
12 16 35
12 17 46
12 18 56
12 19 60
12 20 54
12 21 38
12 22 48
12 23 41
12 24 45
12 25 51
12 26 45
12 27 66
12 28 42
12 29 41
12 30 44
13 0 55
13 1 56
13 2 93
13 3 49
13 4 55
13 5 60
13 6 43
13 7 34
13 8 29
13 9 40
13 10 70
13 11 30
13 12 46
13 13 99
13 14 62
13 15 33
13 16 28
13 17 24
13 18 34
13 19 47
13 20 43
13 21 29
13 22 45
13 23 27
13 24 24
13 25 63
13 26 48
13 27 57
13 28 40
13 29 33
13 30 47
14 0 63
14 1 65
14 2 59
14 3 75
14 4 63
14 5 67
14 6 63
14 7 37
14 8 41
14 9 46
14 10 59
14 11 37
14 12 56
14 13 62
14 14 99
14 15 50
14 16 34
14 17 46
14 18 51
14 19 59
14 20 58
14 21 45
14 22 60
14 23 39
14 24 43
14 25 61
14 26 52
14 27 68
14 28 47
14 29 48
14 30 52
15 0 46
15 1 42
15 2 26
15 3 56
15 4 44
15 5 40
15 6 53
15 7 29
15 8 34
15 9 35
15 10 35
15 11 54
15 12 44
15 13 33
15 14 50
15 15 100
15 16 61
15 17 65
15 18 62
15 19 49
15 20 68
15 21 52
15 22 53
15 23 62
15 24 48
15 25 34
15 26 34
15 27 42
15 28 43
15 29 46
15 30 38
16 0 40
16 1 39
16 2 25
16 3 29
16 4 37
16 5 41
16 6 39
16 7 18
16 8 35
16 9 35
16 10 29
16 11 41
16 12 35
16 13 28
16 14 34
16 15 61
16 16 100
16 17 33
16 18 45
16 19 34
16 20 57
16 21 49
16 22 39
16 23 53
16 24 53
16 25 29
16 26 35
16 27 32
16 28 47
16 29 43
16 30 31
17 0 46
17 1 36
17 2 21
17 3 68
17 4 44
17 5 35
17 6 51
17 7 35
17 8 33
17 9 28
17 10 25
17 11 40
17 12 46
17 13 24
17 14 46
17 15 65
17 16 33
17 17 99
17 18 55
17 19 41
17 20 51
17 21 34
17 22 38
17 23 41
17 24 34
17 25 27
17 26 26
17 27 45
17 28 27
17 29 38
17 30 31
18 0 53
18 1 51
18 2 30
18 3 47
18 4 52
18 5 51
18 6 61
18 7 40
18 8 37
18 9 38
18 10 40
18 11 63
18 12 56
18 13 34
18 14 51
18 15 62
18 16 45
18 17 55
18 18 99
18 19 60
18 20 66
18 21 54
18 22 46
18 23 54
18 24 51
18 25 39
18 26 35
18 27 52
18 28 40
18 29 42
18 30 33
19 0 66
19 1 64
19 2 41
19 3 57
19 4 67
19 5 59
19 6 60
19 7 47
19 8 50
19 9 47
19 10 46
19 11 38
19 12 60
19 13 47
19 14 59
19 15 49
19 16 34
19 17 41
19 18 60
19 19 100
19 20 60
19 21 40
19 22 59
19 23 64
19 24 50
19 25 47
19 26 44
19 27 58
19 28 44
19 29 46
19 30 42
20 0 64
20 1 62
20 2 38
20 3 55
20 4 63
20 5 60
20 6 71
20 7 40
20 8 43
20 9 47
20 10 49
20 11 60
20 12 54
20 13 43
20 14 58
20 15 68
20 16 57
20 17 51
20 18 66
20 19 60
20 20 99
20 21 63
20 22 59
20 23 67
20 24 59
20 25 50
20 26 49
20 27 62
20 28 54
20 29 49
20 30 43
21 0 54
21 1 59
21 2 28
21 3 32
21 4 53
21 5 57
21 6 60
21 7 38
21 8 29
21 9 34
21 10 40
21 11 39
21 12 38
21 13 29
21 14 45
21 15 52
21 16 49
21 17 34
21 18 54
21 19 40
21 20 63
21 21 99
21 22 41
21 23 43
21 24 42
21 25 52
21 26 49
21 27 54
21 28 48
21 29 47
21 30 36
22 0 53
22 1 55
22 2 40
22 3 57
22 4 53
22 5 57
22 6 57
22 7 27
22 8 44
22 9 46
22 10 47
22 11 38
22 12 48
22 13 45
22 14 60
22 15 53
22 16 39
22 17 38
22 18 46
22 19 59
22 20 59
22 21 41
22 22 100
22 23 55
22 24 53
22 25 40
22 26 40
22 27 49
22 28 47
22 29 48
22 30 39
23 0 48
23 1 42
23 2 21
23 3 39
23 4 47
23 5 40
23 6 46
23 7 36
23 8 40
23 9 35
23 10 32
23 11 49
23 12 41
23 13 27
23 14 39
23 15 62
23 16 53
23 17 41
23 18 54
23 19 64
23 20 67
23 21 43
23 22 55
23 23 100
23 24 59
23 25 27
23 26 32
23 27 37
23 28 42
23 29 39
23 30 30
24 0 45
24 1 46
24 2 20
24 3 33
24 4 45
24 5 46
24 6 51
24 7 24
24 8 37
24 9 44
24 10 33
24 11 41
24 12 45
24 13 24
24 14 43
24 15 48
24 16 53
24 17 34
24 18 51
24 19 50
24 20 59
24 21 42
24 22 53
24 23 59
24 24 99
24 25 27
24 26 31
24 27 42
24 28 37
24 29 35
24 30 29
25 0 66
25 1 69
25 2 60
25 3 45
25 4 66
25 5 68
25 6 59
25 7 42
25 8 37
25 9 43
25 10 62
25 11 26
25 12 51
25 13 63
25 14 61
25 15 34
25 16 29
25 17 27
25 18 39
25 19 47
25 20 50
25 21 52
25 22 40
25 23 27
25 24 27
25 25 100
25 26 61
25 27 68
25 28 50
25 29 45
25 30 52
26 0 62
26 1 68
26 2 48
26 3 40
26 4 62
26 5 73
26 6 58
26 7 37
26 8 44
26 9 54
26 10 51
26 11 22
26 12 45
26 13 48
26 14 52
26 15 34
26 16 35
26 17 26
26 18 35
26 19 44
26 20 49
26 21 49
26 22 40
26 23 32
26 24 31
26 25 61
26 26 99
26 27 57
26 28 50
26 29 34
26 30 44
27 0 77
27 1 79
27 2 53
27 3 60
27 4 78
27 5 76
27 6 74
27 7 47
27 8 46
27 9 56
27 10 55
27 11 35
27 12 66
27 13 57
27 14 68
27 15 42
27 16 32
27 17 45
27 18 52
27 19 58
27 20 62
27 21 54
27 22 49
27 23 37
27 24 42
27 25 68
27 26 57
27 27 100
27 28 47
27 29 52
27 30 56
28 0 55
28 1 54
28 2 42
28 3 32
28 4 54
28 5 52
28 6 45
28 7 29
28 8 41
28 9 39
28 10 46
28 11 37
28 12 42
28 13 40
28 14 47
28 15 43
28 16 47
28 17 27
28 18 40
28 19 44
28 20 54
28 21 48
28 22 47
28 23 42
28 24 37
28 25 50
28 26 50
28 27 47
28 28 99
28 29 53
28 30 54
29 0 55
29 1 55
29 2 32
29 3 44
29 4 55
29 5 51
29 6 53
29 7 39
29 8 38
29 9 36
29 10 32
29 11 29
29 12 41
29 13 33
29 14 48
29 15 46
29 16 43
29 17 38
29 18 42
29 19 46
29 20 49
29 21 47
29 22 48
29 23 39
29 24 35
29 25 45
29 26 34
29 27 52
29 28 53
29 29 100
29 30 59
30 0 54
30 1 58
30 2 50
30 3 41
30 4 54
30 5 54
30 6 46
30 7 29
30 8 35
30 9 38
30 10 45
30 11 25
30 12 44
30 13 47
30 14 52
30 15 38
30 16 31
30 17 31
30 18 33
30 19 42
30 20 43
30 21 36
30 22 39
30 23 30
30 24 29
30 25 52
30 26 44
30 27 56
30 28 54
30 29 59
30 30 100
