0 0 100
0 1 37
0 2 52
0 3 59
0 4 76
0 5 52
0 6 41
0 7 62
0 8 81
0 9 74
0 10 66
0 11 59
0 12 38
0 13 57
0 14 45
0 15 60
0 16 48
0 17 55
0 18 65
0 19 51
0 20 58
0 21 68
0 22 60
0 23 72
0 24 40
0 25 63
0 26 58
0 27 37
0 28 59
0 29 64
0 30 58
0 31 64
0 32 63
0 33 44
0 34 49
0 35 41
0 36 50
0 37 71
0 38 61
0 39 71
0 40 60
0 41 39
0 42 40
0 43 62
0 44 63
0 45 48
0 46 68
0 47 43
0 48 55
0 49 44
0 50 40
0 51 55
0 52 46
0 53 46
0 54 63
0 55 50
0 56 51
0 57 44
0 58 48
0 59 35
0 60 42
0 61 45
0 62 51
0 63 55
0 64 36
0 65 43
0 66 34
0 67 46
0 68 38
0 69 41
0 70 41
0 71 33
0 72 41
0 73 38
0 74 40
0 75 59
0 76 70
0 77 35
0 78 32
0 79 41
0 80 53
0 81 43
0 82 18
0 83 44
0 84 28
0 85 41
0 86 47
0 87 47
0 88 43
0 89 25
0 90 42
0 91 37
0 92 55
0 93 39
0 94 36
0 95 60
0 96 50
0 97 40
0 98 30
0 99 18
0 100 17
1 0 37
1 1 99
1 2 19
1 3 25
1 4 28
1 5 27
1 6 21
1 7 40
1 8 42
1 9 52
1 10 25
1 11 24
1 12 25
1 13 45
1 14 30
1 15 37
1 16 34
1 17 39
1 18 39
1 19 44
1 20 39
1 21 39
1 22 45
1 23 25
1 24 18
1 25 39
1 26 25
1 27 11
1 28 24
1 29 29
1 30 26
1 31 46
1 32 37
1 33 23
1 34 36
1 35 46
1 36 23
1 37 30
1 38 38
1 39 29
1 40 19
1 41 30
1 42 30
1 43 38
1 44 25
1 45 40
1 46 38
1 47 34
1 48 42
1 49 37
1 50 10
1 51 30
1 52 45
1 53 43
1 54 37
1 55 29
1 56 38
1 57 35
1 58 37
1 59 26
1 60 41
1 61 41
1 62 43
1 63 42
1 64 43
1 65 47
1 66 41
1 67 41
1 68 31
1 69 41
1 70 32
1 71 20
1 72 44
1 73 40
1 74 26
1 75 32
1 76 39
1 77 18
1 78 18
1 79 21
1 80 49
1 81 46
1 82 39
1 83 44
1 84 39
1 85 31
1 86 27
1 87 46
1 88 42
1 89 51
1 90 48
1 91 47
1 92 40
1 93 34
1 94 38
1 95 41
1 96 48
1 97 37
1 98 44
1 99 2
1 100 1
2 0 52
2 1 19
2 2 100
2 3 42
2 4 48
2 5 52
2 6 35
2 7 37
2 8 45
2 9 56
2 10 71
2 11 57
2 12 13
2 13 35
2 14 31
2 15 37
2 16 28
2 17 32
2 18 37
2 19 36
2 20 44
2 21 48
2 22 58
2 23 48
2 24 52
2 25 30
2 26 57
2 27 43
2 28 41
2 29 45
2 30 50
2 31 55
2 32 37
2 33 25
2 34 37
2 35 28
2 36 40
2 37 47
2 38 41
2 39 54
2 40 54
2 41 36
2 42 23
2 43 57
2 44 39
2 45 37
2 46 63
2 47 50
2 48 35
2 49 31
2 50 44
2 51 27
2 52 27
2 53 25
2 54 44
2 55 31
2 56 39
2 57 26
2 58 32
2 59 27
2 60 29
2 61 33
2 62 27
2 63 32
2 64 25
2 65 31
2 66 30
2 67 40
2 68 30
2 69 23
2 70 21
2 71 25
2 72 29
2 73 29
2 74 32
2 75 30
2 76 45
2 77 18
2 78 17
2 79 22
2 80 37
2 81 29
2 82 24
2 83 29
2 84 23
2 85 32
2 86 24
2 87 32
2 88 25
2 89 25
2 90 32
2 91 28
2 92 28
2 93 32
2 94 25
2 95 38
2 96 41
2 97 32
2 98 24
2 99 4
2 100 4
3 0 59
3 1 25
3 2 42
3 3 99
3 4 59
3 5 45
3 6 35
3 7 44
3 8 54
3 9 58
3 10 47
3 11 57
3 12 51
3 13 50
3 14 47
3 15 45
3 16 45
3 17 67
3 18 56
3 19 42
3 20 47
3 21 51
3 22 56
3 23 60
3 24 36
3 25 41
3 26 64
3 27 48
3 28 54
3 29 52
3 30 83
3 31 56
3 32 42
3 33 34
3 34 32
3 35 25
3 36 29
3 37 65
3 38 38
3 39 50
3 40 42
3 41 32
3 42 23
3 43 52
3 44 68
3 45 52
3 46 59
3 47 39
3 48 45
3 49 52
3 50 35
3 51 48
3 52 37
3 53 49
3 54 61
3 55 68
3 56 56
3 57 37
3 58 49
3 59 38
3 60 39
3 61 51
3 62 34
3 63 55
3 64 27
3 65 35
3 66 25
3 67 35
3 68 30
3 69 34
3 70 33
3 71 26
3 72 32
3 73 29
3 74 27
3 75 54
3 76 50
3 77 32
3 78 32
3 79 53
3 80 39
3 81 49
3 82 16
3 83 40
3 84 15
3 85 25
3 86 33
3 87 43
3 88 24
3 89 20
3 90 30
3 91 28
3 92 34
3 93 27
3 94 31
3 95 48
3 96 36
3 97 38
3 98 20
3 99 6
3 100 5
4 0 76
4 1 28
4 2 48
4 3 59
4 4 99
4 5 49
4 6 40
4 7 65
4 8 70
4 9 65
4 10 56
4 11 57
4 12 35
4 13 50
4 14 39
4 15 58
4 16 47
4 17 43
4 18 62
4 19 46
4 20 55
4 21 62
4 22 59
4 23 95
4 24 47
4 25 58
4 26 54
4 27 33
4 28 48
4 29 77
4 30 59
4 31 65
4 32 62
4 33 43
4 34 45
4 35 41
4 36 40
4 37 74
4 38 45
4 39 58
4 40 52
4 41 36
4 42 42
4 43 61
4 44 68
4 45 49
4 46 61
4 47 37
4 48 53
4 49 40
4 50 33
4 51 50
4 52 38
4 53 47
4 54 63
4 55 45
4 56 51
4 57 41
4 58 51
4 59 40
4 60 43
4 61 38
4 62 48
4 63 50
4 64 36
4 65 34
4 66 25
4 67 40
4 68 38
4 69 32
4 70 33
4 71 24
4 72 29
4 73 33
4 74 25
4 75 61
4 76 69
4 77 26
4 78 28
4 79 38
4 80 43
4 81 39
4 82 21
4 83 35
4 84 24
4 85 38
4 86 47
4 87 42
4 88 33
4 89 24
4 90 39
4 91 33
4 92 55
4 93 40
4 94 32
4 95 58
4 96 45
4 97 37
4 98 27
4 99 14
4 100 12
5 0 52
5 1 27
5 2 52
5 3 45
5 4 49
5 5 99
5 6 35
5 7 46
5 8 46
5 9 51
5 10 54
5 11 46
5 12 28
5 13 41
5 14 34
5 15 40
5 16 37
5 17 33
5 18 39
5 19 45
5 20 51
5 21 51
5 22 51
5 23 49
5 24 45
5 25 41
5 26 56
5 27 36
5 28 37
5 29 47
5 30 50
5 31 66
5 32 38
5 33 24
5 34 43
5 35 22
5 36 34
5 37 56
5 38 44
5 39 58
5 40 53
5 41 36
5 42 32
5 43 51
5 44 38
5 45 39
5 46 54
5 47 32
5 48 32
5 49 32
5 50 29
5 51 35
5 52 25
5 53 25
5 54 43
5 55 31
5 56 40
5 57 37
5 58 42
5 59 28
5 60 24
5 61 30
5 62 40
5 63 30
5 64 29
5 65 28
5 66 22
5 67 30
5 68 22
5 69 20
5 70 20
5 71 14
5 72 23
5 73 26
5 74 20
5 75 34
5 76 40
5 77 30
5 78 22
5 79 26
5 80 34
5 81 37
5 82 16
5 83 29
5 84 20
5 85 31
5 86 25
5 87 28
5 88 22
5 89 22
5 90 28
5 91 24
5 92 25
5 93 26
5 94 29
5 95 42
5 96 38
5 97 28
5 98 17
5 99 6
5 100 5
6 0 41
6 1 21
6 2 35
6 3 35
6 4 40
6 5 35
6 6 100
6 7 41
6 8 40
6 9 47
6 10 40
6 11 39
6 12 11
6 13 33
6 14 32
6 15 39
6 16 34
6 17 34
6 18 45
6 19 39
6 20 31
6 21 34
6 22 39
6 23 34
6 24 24
6 25 34
6 26 39
6 27 23
6 28 39
6 29 46
6 30 34
6 31 37
6 32 47
6 33 27
6 34 46
6 35 38
6 36 32
6 37 42
6 38 44
6 39 33
6 40 53
6 41 74
6 42 67
6 43 38
6 44 42
6 45 32
6 46 36
6 47 32
6 48 31
6 49 27
6 50 22
6 51 16
6 52 26
6 53 32
6 54 40
6 55 22
6 56 28
6 57 30
6 58 32
6 59 32
6 60 35
6 61 23
6 62 35
6 63 33
6 64 32
6 65 32
6 66 20
6 67 25
6 68 26
6 69 26
6 70 22
6 71 10
6 72 23
6 73 26
6 74 21
6 75 32
6 76 34
6 77 13
6 78 13
6 79 13
6 80 36
6 81 28
6 82 17
6 83 25
6 84 18
6 85 25
6 86 25
6 87 27
6 88 26
6 89 21
6 90 36
6 91 27
6 92 27
6 93 35
6 94 23
6 95 41
6 96 31
6 97 24
6 98 29
6 99 11
6 100 11
7 0 62
7 1 40
7 2 37
7 3 44
7 4 65
7 5 46
7 6 41
7 7 100
7 8 53
7 9 58
7 10 49
7 11 44
7 12 28
7 13 44
7 14 39
7 15 57
7 16 34
7 17 45
7 18 60
7 19 46
7 20 44
7 21 53
7 22 60
7 23 57
7 24 36
7 25 49
7 26 43
7 27 30
7 28 47
7 29 61
7 30 42
7 31 52
7 32 54
7 33 38
7 34 51
7 35 41
7 36 34
7 37 57
7 38 43
7 39 52
7 40 42
7 41 37
7 42 41
7 43 44
7 44 57
7 45 43
7 46 46
7 47 38
7 48 39
7 49 38
7 50 22
7 51 40
7 52 43
7 53 41
7 54 53
7 55 32
7 56 43
7 57 38
7 58 41
7 59 35
7 60 39
7 61 36
7 62 46
7 63 47
7 64 36
7 65 38
7 66 25
7 67 37
7 68 29
7 69 38
7 70 34
7 71 23
7 72 29
7 73 30
7 74 25
7 75 52
7 76 50
7 77 28
7 78 20
7 79 28
7 80 45
7 81 40
7 82 18
7 83 37
7 84 22
7 85 36
7 86 34
7 87 40
7 88 31
7 89 18
7 90 35
7 91 31
7 92 33
7 93 31
7 94 28
7 95 47
7 96 40
7 97 31
7 98 27
7 99 11
7 100 10
8 0 81
8 1 42
8 2 45
8 3 54
8 4 70
8 5 46
8 6 40
8 7 53
8 8 99
8 9 74
8 10 59
8 11 57
8 12 38
8 13 60
8 14 47
8 15 58
8 16 50
8 17 54
8 18 65
8 19 57
8 20 65
8 21 72
8 22 61
8 23 68
8 24 32
8 25 61
8 26 53
8 27 30
8 28 50
8 29 61
8 30 56
8 31 68
8 32 63
8 33 41
8 34 46
8 35 54
8 36 49
8 37 71
8 38 60
8 39 67
8 40 58
8 41 40
8 42 42
8 43 68
8 44 56
8 45 54
8 46 66
8 47 43
8 48 59
8 49 46
8 50 36
8 51 53
8 52 55
8 53 57
8 54 59
8 55 53
8 56 46
8 57 51
8 58 54
8 59 39
8 60 51
8 61 46
8 62 52
8 63 62
8 64 45
8 65 50
8 66 39
8 67 52
8 68 39
8 69 51
8 70 45
8 71 32
8 72 48
8 73 44
8 74 38
8 75 62
8 76 74
8 77 25
8 78 32
8 79 42
8 80 53
8 81 49
8 82 28
8 83 47
8 84 36
8 85 42
8 86 48
8 87 51
8 88 38
8 89 30
8 90 53
8 91 48
8 92 59
8 93 51
8 94 47
8 95 63
8 96 57
8 97 44
8 98 40
8 99 9
8 100 8
9 0 74
9 1 52
9 2 56
9 3 58
9 4 65
9 5 51
9 6 47
9 7 58
9 8 74
9 9 99
9 10 70
9 11 59
9 12 38
9 13 56
9 14 47
9 15 58
9 16 45
9 17 54
9 18 61
9 19 53
9 20 61
9 21 69
9 22 63
9 23 63
9 24 46
9 25 51
9 26 60
9 27 42
9 28 52
9 29 59
9 30 57
9 31 69
9 32 55
9 33 39
9 34 53
9 35 45
9 36 50
9 37 67
9 38 56
9 39 66
9 40 59
9 41 47
9 42 43
9 43 62
9 44 55
9 45 58
9 46 69
9 47 54
9 48 59
9 49 47
9 50 34
9 51 49
9 52 53
9 53 51
9 54 58
9 55 50
9 56 50
9 57 45
9 58 53
9 59 40
9 60 52
9 61 52
9 62 48
9 63 63
9 64 45
9 65 55
9 66 45
9 67 53
9 68 43
9 69 47
9 70 45
9 71 37
9 72 48
9 73 46
9 74 41
9 75 59
9 76 62
9 77 29
9 78 32
9 79 42
9 80 57
9 81 50
9 82 28
9 83 50
9 84 35
9 85 41
9 86 47
9 87 53
9 88 40
9 89 37
9 90 48
9 91 46
9 92 50
9 93 46
9 94 44
9 95 57
9 96 60
9 97 50
9 98 40
9 99 7
9 100 6
10 0 66
10 1 25
10 2 71
10 3 47
10 4 56
10 5 54
10 6 40
10 7 49
10 8 59
10 9 70
10 10 100
10 11 57
10 12 21
10 13 45
10 14 44
10 15 49
10 16 34
10 17 48
10 18 52
10 19 44
10 20 54
10 21 60
10 22 62
10 23 52
10 24 43
10 25 44
10 26 59
10 27 45
10 28 53
10 29 52
10 30 49
10 31 57
10 32 51
10 33 36
10 34 45
10 35 34
10 36 49
10 37 57
10 38 53
10 39 65
10 40 60
10 41 38
10 42 36
10 43 57
10 44 49
10 45 40
10 46 68
10 47 51
10 48 44
10 49 36
10 50 45
10 51 36
10 52 36
10 53 34
10 54 51
10 55 38
10 56 49
10 57 34
10 58 40
10 59 33
10 60 40
10 61 40
10 62 37
10 63 43
10 64 30
10 65 38
10 66 33
10 67 39
10 68 32
10 69 30
10 70 33
10 71 27
10 72 33
10 73 36
10 74 36
10 75 46
10 76 55
10 77 23
10 78 29
10 79 33
10 80 51
10 81 37
10 82 23
10 83 37
10 84 26
10 85 34
10 86 31
10 87 38
10 88 33
10 89 25
10 90 38
10 91 30
10 92 37
10 93 42
10 94 29
10 95 46
10 96 50
10 97 34
10 98 25
10 99 6
10 100 6
11 0 59
11 1 24
11 2 57
11 3 57
11 4 57
11 5 46
11 6 39
11 7 44
11 8 57
11 9 59
11 10 57
11 11 99
11 12 39
11 13 50
11 14 42
11 15 53
11 16 50
11 17 49
11 18 53
11 19 41
11 20 54
11 21 62
11 22 65
11 23 58
11 24 49
11 25 46
11 26 61
11 27 43
11 28 42
11 29 53
11 30 63
11 31 66
11 32 42
11 33 44
11 34 37
11 35 39
11 36 34
11 37 58
11 38 40
11 39 49
11 40 59
11 41 36
11 42 36
11 43 62
11 44 58
11 45 58
11 46 64
11 47 48
11 48 56
11 49 42
11 50 45
11 51 47
11 52 50
11 53 54
11 54 67
11 55 50
11 56 43
11 57 46
11 58 54
11 59 58
11 60 47
11 61 44
11 62 37
11 63 61
11 64 37
11 65 42
11 66 34
11 67 46
11 68 55
11 69 39
11 70 47
11 71 48
11 72 38
11 73 39
11 74 32
11 75 54
11 76 53
11 77 29
11 78 32
11 79 36
11 80 39
11 81 42
11 82 18
11 83 39
11 84 25
11 85 33
11 86 43
11 87 43
11 88 35
11 89 21
11 90 40
11 91 36
11 92 43
11 93 42
11 94 39
11 95 53
11 96 51
11 97 44
11 98 30
11 99 10
11 100 9
12 0 38
12 1 25
12 2 13
12 3 51
12 4 35
12 5 28
12 6 11
12 7 28
12 8 38
12 9 38
12 10 21
12 11 39
12 12 100
12 13 62
12 14 24
12 15 32
12 16 30
12 17 43
12 18 40
12 19 34
12 20 48
12 21 43
12 22 30
12 23 35
12 24 22
12 25 41
12 26 33
12 27 53
12 28 32
12 29 28
12 30 47
12 31 43
12 32 26
12 33 16
12 34 12
12 35 18
12 36 3
12 37 35
12 38 23
12 39 25
12 40 23
12 41 10
12 42 13
12 43 43
12 44 34
12 45 51
12 46 35
12 47 22
12 48 34
12 49 33
12 50 27
12 51 71
12 52 33
12 53 43
12 54 44
12 55 62
12 56 37
12 57 32
12 58 47
12 59 34
12 60 26
12 61 28
12 62 27
12 63 51
12 64 19
12 65 34
12 66 22
12 67 25
12 68 26
12 69 32
12 70 29
12 71 29
12 72 18
12 73 17
12 74 22
12 75 44
12 76 32
12 77 57
12 78 45
12 79 63
12 80 24
12 81 31
12 82 -2
12 83 26
12 84 6
12 85 20
12 86 23
12 87 22
12 88 13
12 89 11
12 90 19
12 91 23
12 92 29
12 93 17
12 94 24
12 95 31
12 96 24
12 97 22
12 98 12
12 99 6
12 100 5
13 0 57
13 1 45
13 2 35
13 3 50
13 4 50
13 5 41
13 6 33
13 7 44
13 8 60
13 9 56
13 10 45
13 11 50
13 12 62
13 13 99
13 14 37
13 15 47
13 16 41
13 17 48
13 18 51
13 19 55
13 20 67
13 21 57
13 22 52
13 23 47
13 24 30
13 25 52
13 26 44
13 27 40
13 28 40
13 29 50
13 30 50
13 31 58
13 32 47
13 33 29
13 34 38
13 35 45
13 36 26
13 37 51
13 38 43
13 39 40
13 40 37
13 41 40
13 42 34
13 43 73
13 44 52
13 45 53
13 46 50
13 47 42
13 48 48
13 49 44
13 50 28
13 51 59
13 52 48
13 53 57
13 54 57
13 55 56
13 56 50
13 57 50
13 58 53
13 59 35
13 60 43
13 61 42
13 62 55
13 63 53
13 64 40
13 65 52
13 66 40
13 67 46
13 68 38
13 69 46
13 70 33
13 71 32
13 72 38
13 73 44
13 74 35
13 75 45
13 76 62
13 77 43
13 78 33
13 79 41
13 80 58
13 81 49
13 82 29
13 83 44
13 84 31
13 85 35
13 86 41
13 87 43
13 88 40
13 89 58
13 90 47
13 91 46
13 92 57
13 93 42
13 94 41
13 95 47
13 96 50
13 97 38
13 98 37
13 99 5
13 100 4
14 0 45
14 1 30
14 2 31
14 3 47
14 4 39
14 5 34
14 6 32
14 7 39
14 8 47
14 9 47
14 10 44
14 11 42
14 12 24
14 13 37
14 14 99
14 15 55
14 16 34
14 17 56
14 18 58
14 19 36
14 20 58
14 21 53
14 22 49
14 23 35
14 24 28
14 25 40
14 26 36
14 27 28
14 28 40
14 29 38
14 30 47
14 31 44
14 32 35
14 33 18
14 34 37
14 35 38
14 36 34
14 37 51
14 38 40
14 39 41
14 40 44
14 41 30
14 42 26
14 43 42
14 44 48
14 45 43
14 46 46
14 47 35
14 48 39
14 49 35
14 50 44
14 51 36
14 52 39
14 53 44
14 54 47
14 55 30
14 56 63
14 57 40
14 58 47
14 59 34
14 60 46
14 61 46
14 62 39
14 63 53
14 64 37
14 65 37
14 66 31
14 67 34
14 68 32
14 69 39
14 70 44
14 71 33
14 72 37
14 73 36
14 74 26
14 75 45
14 76 42
14 77 31
14 78 33
14 79 27
14 80 51
14 81 51
14 82 23
14 83 30
14 84 33
14 85 32
14 86 37
14 87 41
14 88 28
14 89 23
14 90 39
14 91 34
14 92 36
14 93 39
14 94 42
14 95 52
14 96 45
14 97 35
14 98 33
14 99 15
14 100 14
15 0 60
15 1 37
15 2 37
15 3 45
15 4 58
15 5 40
15 6 39
15 7 57
15 8 58
15 9 58
15 10 49
15 11 53
15 12 32
15 13 47
15 14 55
15 15 100
15 16 53
15 17 56
15 18 67
15 19 49
15 20 64
15 21 61
15 22 58
15 23 52
15 24 31
15 25 57
15 26 47
15 27 26
15 28 39
15 29 63
15 30 43
15 31 53
15 32 44
15 33 32
15 34 40
15 35 43
15 36 26
15 37 56
15 38 44
15 39 51
15 40 48
15 41 42
15 42 38
15 43 54
15 44 54
15 45 50
15 46 55
15 47 42
15 48 49
15 49 44
15 50 35
15 51 43
15 52 60
15 53 60
15 54 60
15 55 42
15 56 55
15 57 55
15 58 62
15 59 42
15 60 54
15 61 42
15 62 61
15 63 60
15 64 58
15 65 47
15 66 34
15 67 47
15 68 47
15 69 46
15 70 42
15 71 35
15 72 40
15 73 44
15 74 27
15 75 62
15 76 57
15 77 26
15 78 30
15 79 32
15 80 53
15 81 48
15 82 22
15 83 42
15 84 34
15 85 39
15 86 44
15 87 46
15 88 38
15 89 25
15 90 48
15 91 37
15 92 42
15 93 44
15 94 41
15 95 63
15 96 52
15 97 38
15 98 35
15 99 10
15 100 9
16 0 48
16 1 34
16 2 28
16 3 45
16 4 47
16 5 37
16 6 34
16 7 34
16 8 50
16 9 45
16 10 34
16 11 50
16 12 30
16 13 41
16 14 34
16 15 53
16 16 100
16 17 46
16 18 47
16 19 45
16 20 43
16 21 51
16 22 53
16 23 48
16 24 40
16 25 52
16 26 52
16 27 16
16 28 34
16 29 52
16 30 54
16 31 58
16 32 38
16 33 38
16 34 27
16 35 39
16 36 19
16 37 47
16 38 33
16 39 35
16 40 34
16 41 34
16 42 39
16 43 42
16 44 48
16 45 42
16 46 52
16 47 27
16 48 49
16 49 41
16 50 21
16 51 46
16 52 44
16 53 58
16 54 50
16 55 39
16 56 40
16 57 42
16 58 52
16 59 34
16 60 50
16 61 40
16 62 42
16 63 46
16 64 51
16 65 37
16 66 27
16 67 42
16 68 44
16 69 34
16 70 38
16 71 27
16 72 32
16 73 33
16 74 23
16 75 50
16 76 48
16 77 30
16 78 31
16 79 35
16 80 36
16 81 45
16 82 16
16 83 33
16 84 24
16 85 34
16 86 36
16 87 42
16 88 35
16 89 27
16 90 35
16 91 33
16 92 45
16 93 30
16 94 36
16 95 55
16 96 47
16 97 31
16 98 30
16 99 9
16 100 7
17 0 55
17 1 39
17 2 32
17 3 67
17 4 43
17 5 33
17 6 34
17 7 45
17 8 54
17 9 54
17 10 48
17 11 49
17 12 43
17 13 48
17 14 56
17 15 56
17 16 46
17 17 100
17 18 67
17 19 53
17 20 61
17 21 55
17 22 56
17 23 40
17 24 27
17 25 50
17 26 51
17 27 35
17 28 49
17 29 39
17 30 57
17 31 56
17 32 36
17 33 31
17 34 32
17 35 41
17 36 22
17 37 57
17 38 44
17 39 46
17 40 39
17 41 29
17 42 31
17 43 47
17 44 60
17 45 55
17 46 55
17 47 48
17 48 50
17 49 64
17 50 44
17 51 51
17 52 54
17 53 58
17 54 64
17 55 70
17 56 66
17 57 49
17 58 56
17 59 43
17 60 51
17 61 59
17 62 44
17 63 62
17 64 42
17 65 46
17 66 36
17 67 42
17 68 37
17 69 49
17 70 45
17 71 30
17 72 41
17 73 40
17 74 34
17 75 55
17 76 53
17 77 29
17 78 42
17 79 49
17 80 58
17 81 59
17 82 25
17 83 55
17 84 29
17 85 36
17 86 36
17 87 53
17 88 39
17 89 30
17 90 42
17 91 37
17 92 41
17 93 37
17 94 38
17 95 61
17 96 52
17 97 39
17 98 32
17 99 2
17 100 1
18 0 65
18 1 39
18 2 37
18 3 56
18 4 62
18 5 39
18 6 45
18 7 60
18 8 65
18 9 61
18 10 52
18 11 53
18 12 40
18 13 51
18 14 58
18 15 67
18 16 47
18 17 67
18 18 100
18 19 57
18 20 67
18 21 65
18 22 60
18 23 55
18 24 31
18 25 69
18 26 50
18 27 34
18 28 47
18 29 58
18 30 54
18 31 61
18 32 53
18 33 36
18 34 50
18 35 50
18 36 29
18 37 61
18 38 52
18 39 52
18 40 50
18 41 41
18 42 46
18 43 56
18 44 64
18 45 55
18 46 61
18 47 45
18 48 51
18 49 52
18 50 39
18 51 55
18 52 56
18 53 58
18 54 70
18 55 60
18 56 56
18 57 59
18 58 57
18 59 46
18 60 52
18 61 44
18 62 62
18 63 69
18 64 48
18 65 48
18 66 34
18 67 50
18 68 43
18 69 53
18 70 51
18 71 37
18 72 40
18 73 40
18 74 34
18 75 69
18 76 65
18 77 30
18 78 43
18 79 47
18 80 58
18 81 58
18 82 25
18 83 48
18 84 37
18 85 45
18 86 53
18 87 46
18 88 37
18 89 27
18 90 47
18 91 40
18 92 49
18 93 47
18 94 42
18 95 66
18 96 56
18 97 39
18 98 43
18 99 10
18 100 9
19 0 51
19 1 44
19 2 36
19 3 42
19 4 46
19 5 45
19 6 39
19 7 46
19 8 57
19 9 53
19 10 44
19 11 41
19 12 34
19 13 55
19 14 36
19 15 49
19 16 45
19 17 53
19 18 57
19 19 99
19 20 61
19 21 60
19 22 56
19 23 43
19 24 27
19 25 54
19 26 43
19 27 20
19 28 39
19 29 46
19 30 40
19 31 56
19 32 47
19 33 24
19 34 37
19 35 39
19 36 23
19 37 47
19 38 46
19 39 57
19 40 36
19 41 40
19 42 34
19 43 55
19 44 42
19 45 40
19 46 52
19 47 38
19 48 43
19 49 52
19 50 25
19 51 40
19 52 47
19 53 45
19 54 51
19 55 50
19 56 45
19 57 51
19 58 49
19 59 33
19 60 41
19 61 43
19 62 60
19 63 42
19 64 39
19 65 44
19 66 33
19 67 42
19 68 28
19 69 43
19 70 35
19 71 15
19 72 38
19 73 39
19 74 33
19 75 45
19 76 58
19 77 18
19 78 23
19 79 34
19 80 49
19 81 51
19 82 29
19 83 45
19 84 29
19 85 38
19 86 36
19 87 47
19 88 29
19 89 53
19 90 47
19 91 38
19 92 45
19 93 41
19 94 35
19 95 56
19 96 46
19 97 44
19 98 30
19 99 5
19 100 4
20 0 58
20 1 39
20 2 44
20 3 47
20 4 55
20 5 51
20 6 31
20 7 44
20 8 65
20 9 61
20 10 54
20 11 54
20 12 48
20 13 67
20 14 58
20 15 64
20 16 43
20 17 61
20 18 67
20 19 61
20 20 100
20 21 74
20 22 58
20 23 54
20 24 36
20 25 56
20 26 50
20 27 42
20 28 45
20 29 50
20 30 49
20 31 67
20 32 41
20 33 26
20 34 40
20 35 48
20 36 26
20 37 59
20 38 47
20 39 54
20 40 52
20 41 40
20 42 33
20 43 72
20 44 52
20 45 57
20 46 65
20 47 50
20 48 55
20 49 53
20 50 48
20 51 55
20 52 57
20 53 54
20 54 62
20 55 57
20 56 66
20 57 58
20 58 69
20 59 43
20 60 57
20 61 49
20 62 54
20 63 64
20 64 53
20 65 53
20 66 40
20 67 49
20 68 43
20 69 49
20 70 46
20 71 34
20 72 42
20 73 45
20 74 41
20 75 59
20 76 76
20 77 36
20 78 43
20 79 49
20 80 69
20 81 60
20 82 25
20 83 48
20 84 43
20 85 47
20 86 48
20 87 50
20 88 40
20 89 49
20 90 50
20 91 43
20 92 54
20 93 46
20 94 45
20 95 66
20 96 63
20 97 44
20 98 40
20 99 3
20 100 2
21 0 68
21 1 39
21 2 48
21 3 51
21 4 62
21 5 51
21 6 34
21 7 53
21 8 72
21 9 69
21 10 60
21 11 62
21 12 43
21 13 57
21 14 53
21 15 61
21 16 51
21 17 55
21 18 65
21 19 60
21 20 74
21 21 100
21 22 68
21 23 63
21 24 44
21 25 54
21 26 55
21 27 37
21 28 47
21 29 54
21 30 57
21 31 69
21 32 50
21 33 36
21 34 43
21 35 48
21 36 38
21 37 68
21 38 50
21 39 63
21 40 59
21 41 38
21 42 36
21 43 67
21 44 52
21 45 58
21 46 67
21 47 55
21 48 62
21 49 47
21 50 34
21 51 52
21 52 59
21 53 60
21 54 61
21 55 51
21 56 55
21 57 53
21 58 55
21 59 43
21 60 51
21 61 54
21 62 45
21 63 63
21 64 50
21 65 53
21 66 42
21 67 55
21 68 48
21 69 50
21 70 48
21 71 40
21 72 46
21 73 47
21 74 41
21 75 60
21 76 67
21 77 28
21 78 38
21 79 39
21 80 57
21 81 49
21 82 24
21 83 47
21 84 34
21 85 65
21 86 49
21 87 54
21 88 43
21 89 34
21 90 51
21 91 49
21 92 52
21 93 51
21 94 48
21 95 64
21 96 66
21 97 49
21 98 41
21 99 7
21 100 7
22 0 60
22 1 45
22 2 58
22 3 56
22 4 59
22 5 51
22 6 39
22 7 60
22 8 61
22 9 63
22 10 62
22 11 65
22 12 30
22 13 52
22 14 49
22 15 58
22 16 53
22 17 56
22 18 60
22 19 56
22 20 58
22 21 68
22 22 99
22 23 56
22 24 43
22 25 52
22 26 56
22 27 28
22 28 44
22 29 61
22 30 66
22 31 70
22 32 56
22 33 44
22 34 45
22 35 48
22 36 39
22 37 60
22 38 48
22 39 58
22 40 50
22 41 39
22 42 43
22 43 66
22 44 61
22 45 57
22 46 68
22 47 48
22 48 51
22 49 45
22 50 37
22 51 47
22 52 52
22 53 55
22 54 63
22 55 48
22 56 57
22 57 49
22 58 54
22 59 45
22 60 51
22 61 53
22 62 49
22 63 59
22 64 47
22 65 44
22 66 35
22 67 54
22 68 46
22 69 43
22 70 39
22 71 36
22 72 43
22 73 40
22 74 33
22 75 57
22 76 62
22 77 26
22 78 28
22 79 28
22 80 51
22 81 54
22 82 31
22 83 42
22 84 30
22 85 44
22 86 41
22 87 50
22 88 40
22 89 37
22 90 48
22 91 42
22 92 50
22 93 41
22 94 41
22 95 63
22 96 59
22 97 49
22 98 37
22 99 -3
22 100 -3
23 0 72
23 1 25
23 2 48
23 3 60
23 4 95
23 5 49
23 6 34
23 7 57
23 8 68
23 9 63
23 10 52
23 11 58
23 12 35
23 13 47
23 14 35
23 15 52
23 16 48
23 17 40
23 18 55
23 19 43
23 20 54
23 21 63
23 22 56
23 23 99
23 24 50
23 25 50
23 26 53
23 27 33
23 28 41
23 29 73
23 30 60
23 31 64
23 32 52
23 33 40
23 34 39
23 35 37
23 36 37
23 37 75
23 38 41
23 39 57
23 40 49
23 41 34
23 42 35
23 43 61
23 44 67
23 45 50
23 46 61
23 47 37
23 48 54
23 49 40
23 50 32
23 51 47
23 52 38
23 53 45
23 54 62
23 55 44
23 56 48
23 57 41
23 58 50
23 59 38
23 60 39
23 61 37
23 62 37
23 63 49
23 64 34
23 65 32
23 66 23
23 67 40
23 68 38
23 69 30
23 70 32
23 71 27
23 72 27
23 73 29
23 74 22
23 75 61
23 76 69
23 77 24
23 78 26
23 79 38
23 80 38
23 81 37
23 82 18
23 83 33
23 84 22
23 85 35
23 86 47
23 87 41
23 88 32
23 89 20
23 90 36
23 91 30
23 92 55
23 93 38
23 94 30
23 95 56
23 96 42
23 97 37
23 98 25
23 99 10
23 100 9
24 0 40
24 1 18
24 2 52
24 3 36
24 4 47
24 5 45
24 6 24
24 7 36
24 8 32
24 9 46
24 10 43
24 11 49
24 12 22
24 13 30
24 14 28
24 15 31
24 16 40
24 17 27
24 18 31
24 19 27
24 20 36
24 21 44
24 22 43
24 23 50
24 24 100
24 25 33
24 26 59
24 27 42
24 28 35
24 29 35
24 30 50
24 31 48
24 32 26
24 33 22
24 34 30
24 35 20
24 36 24
24 37 41
24 38 32
24 39 32
24 40 45
24 41 28
24 42 18
24 43 43
24 44 33
24 45 34
24 46 48
24 47 29
24 48 28
24 49 24
24 50 30
24 51 32
24 52 22
24 53 33
24 54 42
24 55 32
24 56 33
24 57 28
24 58 28
24 59 19
24 60 26
24 61 24
24 62 25
24 63 29
24 64 22
24 65 16
24 66 15
24 67 28
24 68 30
24 69 12
24 70 20
24 71 32
24 72 10
24 73 16
24 74 21
24 75 31
24 76 33
24 77 22
24 78 16
24 79 25
24 80 26
24 81 25
24 82 11
24 83 16
24 84 8
24 85 34
24 86 27
24 87 21
24 88 16
24 89 22
24 90 15
24 91 15
24 92 20
24 93 14
24 94 14
24 95 26
24 96 26
24 97 19
24 98 6
24 99 6
24 100 5
25 0 63
25 1 39
25 2 30
25 3 41
25 4 58
25 5 41
25 6 34
25 7 49
25 8 61
25 9 51
25 10 44
25 11 46
25 12 41
25 13 52
25 14 40
25 15 57
25 16 52
25 17 50
25 18 69
25 19 54
25 20 56
25 21 54
25 22 52
25 23 50
25 24 33
25 25 100
25 26 44
25 27 23
25 28 43
25 29 51
25 30 45
25 31 60
25 32 54
25 33 30
25 34 38
25 35 39
25 36 22
25 37 51
25 38 43
25 39 41
25 40 41
25 41 28
25 42 35
25 43 55
25 44 48
25 45 47
25 46 61
25 47 34
25 48 51
25 49 42
25 50 35
25 51 60
25 52 46
25 53 46
25 54 59
25 55 51
25 56 45
25 57 57
25 58 49
25 59 32
25 60 39
25 61 41
25 62 74
25 63 57
25 64 40
25 65 38
25 66 32
25 67 38
25 68 39
25 69 42
25 70 38
25 71 28
25 72 38
25 73 39
25 74 30
25 75 53
25 76 61
25 77 25
25 78 32
25 79 38
25 80 47
25 81 47
25 82 17
25 83 42
25 84 21
25 85 37
25 86 46
25 87 41
25 88 35
25 89 28
25 90 40
25 91 39
25 92 58
25 93 37
25 94 45
25 95 62
25 96 52
25 97 38
25 98 32
25 99 6
25 100 5
26 0 58
26 1 25
26 2 57
26 3 64
26 4 54
26 5 56
26 6 39
26 7 43
26 8 53
26 9 60
26 10 59
26 11 61
26 12 33
26 13 44
26 14 36
26 15 47
26 16 52
26 17 51
26 18 50
26 19 43
26 20 50
26 21 55
26 22 56
26 23 53
26 24 59
26 25 44
26 26 99
26 27 39
26 28 67
26 29 49
26 30 65
26 31 65
26 32 38
26 33 33
26 34 38
26 35 30
26 36 35
26 37 59
26 38 46
26 39 55
26 40 57
26 41 39
26 42 30
26 43 52
26 44 51
26 45 42
26 46 62
26 47 40
26 48 40
26 49 42
26 50 31
26 51 41
26 52 34
26 53 46
26 54 52
26 55 52
26 56 41
26 57 39
26 58 42
26 59 37
26 60 37
26 61 40
26 62 38
26 63 47
26 64 33
26 65 30
26 66 23
26 67 36
26 68 34
26 69 27
26 70 32
26 71 27
26 72 28
26 73 28
26 74 29
26 75 49
26 76 49
26 77 23
26 78 25
26 79 36
26 80 41
26 81 37
26 82 20
26 83 38
26 84 20
26 85 30
26 86 26
26 87 35
26 88 26
26 89 25
26 90 32
26 91 27
26 92 30
26 93 28
26 94 29
26 95 45
26 96 42
26 97 31
26 98 20
26 99 7
26 100 6
27 0 37
27 1 11
27 2 43
27 3 48
27 4 33
27 5 36
27 6 23
27 7 30
27 8 30
27 9 42
27 10 45
27 11 43
27 12 53
27 13 40
27 14 28
27 15 26
27 16 16
27 17 35
27 18 34
27 19 20
27 20 42
27 21 37
27 22 28
27 23 33
27 24 42
27 25 23
27 26 39
27 27 99
27 28 35
27 29 29
27 30 40
27 31 38
27 32 33
27 33 18
27 34 19
27 35 15
27 36 21
27 37 33
27 38 30
27 39 34
27 40 51
27 41 22
27 42 17
27 43 40
27 44 33
27 45 38
27 46 37
27 47 35
27 48 21
27 49 23
27 50 40
27 51 43
27 52 24
27 53 24
27 54 46
27 55 42
27 56 34
27 57 19
27 58 32
27 59 26
27 60 27
27 61 24
27 62 16
27 63 33
27 64 15
27 65 18
27 66 11
27 67 13
27 68 19
27 69 17
27 70 26
27 71 31
27 72 7
27 73 8
27 74 25
27 75 28
27 76 26
27 77 39
27 78 28
27 79 44
27 80 25
27 81 23
27 82 -1
27 83 15
27 84 4
27 85 16
27 86 15
27 87 13
27 88 8
27 89 6
27 90 9
27 91 9
27 92 13
27 93 15
27 94 8
27 95 24
27 96 19
27 97 12
27 98 3
27 99 7
27 100 7
28 0 59
28 1 24
28 2 41
28 3 54
28 4 48
28 5 37
28 6 39
28 7 47
28 8 50
28 9 52
28 10 53
28 11 42
28 12 32
28 13 40
28 14 40
28 15 39
28 16 34
28 17 49
28 18 47
28 19 39
28 20 45
28 21 47
28 22 44
28 23 41
28 24 35
28 25 43
28 26 67
28 27 35
28 28 99
28 29 38
28 30 46
28 31 47
28 32 43
28 33 21
28 34 32
28 35 28
28 36 33
28 37 50
28 38 46
28 39 48
28 40 48
28 41 29
28 42 28
28 43 42
28 44 46
28 45 33
28 46 51
28 47 37
28 48 36
28 49 46
28 50 30
28 51 42
28 52 33
28 53 37
28 54 49
28 55 46
28 56 41
28 57 35
28 58 34
28 59 22
28 60 29
28 61 44
28 62 38
28 63 40
28 64 27
28 65 33
28 66 25
28 67 32
28 68 21
28 69 33
28 70 30
28 71 13
28 72 29
28 73 27
28 74 31
28 75 45
28 76 41
28 77 27
28 78 22
28 79 33
28 80 49
28 81 39
28 82 14
28 83 37
28 84 18
28 85 25
28 86 21
28 87 35
28 88 21
28 89 16
28 90 32
28 91 27
28 92 28
28 93 29
28 94 30
28 95 38
28 96 36
28 97 27
28 98 23
28 99 6
28 100 6
29 0 64
29 1 29
29 2 45
29 3 52
29 4 77
29 5 47
29 6 46
29 7 61
29 8 61
29 9 59
29 10 52
29 11 53
29 12 28
29 13 50
29 14 38
29 15 63
29 16 52
29 17 39
29 18 58
29 19 46
29 20 50
29 21 54
29 22 61
29 23 73
29 24 35
29 25 51
29 26 49
29 27 29
29 28 38
29 29 99
29 30 52
29 31 55
29 32 58
29 33 48
29 34 48
29 35 43
29 36 36
29 37 65
29 38 40
29 39 51
29 40 46
29 41 45
29 42 46
29 43 58
29 44 62
29 45 45
29 46 56
29 47 36
29 48 48
29 49 37
29 50 29
29 51 42
29 52 40
29 53 47
29 54 55
29 55 35
29 56 40
29 57 42
29 58 52
29 59 42
29 60 46
29 61 34
29 62 45
29 63 47
29 64 38
29 65 36
29 66 26
29 67 41
29 68 42
29 69 32
29 70 32
29 71 24
29 72 32
29 73 34
29 74 23
29 75 51
29 76 62
29 77 23
29 78 23
29 79 30
29 80 40
29 81 38
29 82 21
29 83 32
29 84 24
29 85 30
29 86 40
29 87 42
29 88 39
29 89 25
29 90 42
29 91 34
29 92 46
29 93 43
29 94 33
29 95 56
29 96 45
29 97 37
29 98 30
29 99 9
29 100 8
30 0 58
30 1 26
30 2 50
30 3 83
30 4 59
30 5 50
30 6 34
30 7 42
30 8 56
30 9 57
30 10 49
30 11 63
30 12 47
30 13 50
30 14 47
30 15 43
30 16 54
30 17 57
30 18 54
30 19 40
30 20 49
30 21 57
30 22 66
30 23 60
30 24 50
30 25 45
30 26 65
30 27 40
30 28 46
30 29 52
30 30 100
30 31 62
30 32 42
30 33 36
30 34 34
30 35 30
30 36 31
30 37 66
30 38 37
30 39 44
30 40 45
30 41 30
30 42 27
30 43 60
30 44 63
30 45 53
30 46 61
30 47 35
30 48 45
30 49 40
30 50 36
30 51 51
30 52 34
30 53 51
30 54 58
30 55 59
30 56 56
30 57 36
30 58 44
30 59 34
30 60 37
30 61 45
30 62 37
30 63 54
30 64 32
30 65 32
30 66 26
30 67 41
30 68 34
30 69 29
30 70 35
30 71 32
30 72 33
30 73 29
30 74 25
30 75 54
30 76 52
30 77 36
30 78 37
30 79 48
30 80 39
30 81 49
30 82 13
30 83 32
30 84 17
30 85 35
30 86 36
30 87 38
30 88 29
30 89 22
30 90 28
30 91 31
30 92 41
30 93 27
30 94 31
30 95 48
30 96 43
30 97 36
30 98 21
30 99 8
30 100 7
31 0 64
31 1 46
31 2 55
31 3 56
31 4 65
31 5 66
31 6 37
31 7 52
31 8 68
31 9 69
31 10 57
31 11 66
31 12 43
31 13 58
31 14 44
31 15 53
31 16 58
31 17 56
31 18 61
31 19 56
31 20 67
31 21 69
31 22 70
31 23 64
31 24 48
31 25 60
31 26 65
31 27 38
31 28 47
31 29 55
31 30 62
31 31 100
31 32 52
31 33 37
31 34 48
31 35 47
31 36 34
31 37 68
31 38 47
31 39 58
31 40 53
31 41 40
31 42 39
31 43 65
31 44 57
31 45 62
31 46 72
31 47 53
31 48 66
31 49 53
31 50 31
31 51 59
31 52 56
31 53 58
31 54 64
31 55 56
31 56 55
31 57 52
31 58 58
31 59 46
31 60 50
31 61 55
31 62 52
31 63 64
31 64 55
31 65 53
31 66 47
31 67 55
31 68 51
31 69 48
31 70 43
31 71 39
31 72 52
31 73 50
31 74 40
31 75 59
31 76 64
31 77 35
31 78 36
31 79 39
31 80 54
31 81 60
31 82 36
31 83 54
31 84 32
31 85 39
31 86 44
31 87 59
31 88 49
31 89 39
31 90 54
31 91 55
31 92 58
31 93 48
31 94 58
31 95 62
31 96 70
31 97 59
31 98 47
31 99 2
31 100 0
32 0 63
32 1 37
32 2 37
32 3 42
32 4 62
32 5 38
32 6 47
32 7 54
32 8 63
32 9 55
32 10 51
32 11 42
32 12 26
32 13 47
32 14 35
32 15 44
32 16 38
32 17 36
32 18 53
32 19 47
32 20 41
32 21 50
32 22 56
32 23 52
32 24 26
32 25 54
32 26 38
32 27 33
32 28 43
32 29 58
32 30 42
32 31 52
32 32 100
32 33 54
32 34 49
32 35 50
32 36 51
32 37 54
32 38 51
32 39 45
32 40 47
32 41 33
32 42 45
32 43 52
32 44 46
32 45 34
32 46 49
32 47 33
32 48 42
32 49 28
32 50 27
32 51 44
32 52 35
32 53 38
32 54 49
32 55 30
32 56 40
32 57 32
32 58 36
32 59 26
32 60 39
32 61 32
32 62 47
32 63 40
32 64 39
32 65 32
32 66 26
32 67 36
32 68 26
32 69 32
32 70 23
32 71 19
32 72 30
32 73 34
32 74 24
32 75 44
32 76 56
32 77 22
32 78 20
32 79 23
32 80 42
32 81 36
32 82 26
32 83 29
32 84 23
32 85 41
32 86 35
32 87 34
32 88 35
32 89 25
32 90 38
32 91 31
32 92 49
32 93 35
32 94 26
32 95 44
32 96 44
32 97 30
32 98 30
32 99 6
32 100 5
33 0 44
33 1 23
33 2 25
33 3 34
33 4 43
33 5 24
33 6 27
33 7 38
33 8 41
33 9 39
33 10 36
33 11 44
33 12 16
33 13 29
33 14 18
33 15 32
33 16 38
33 17 31
33 18 36
33 19 24
33 20 26
33 21 36
33 22 44
33 23 40
33 24 22
33 25 30
33 26 33
33 27 18
33 28 21
33 29 48
33 30 36
33 31 37
33 32 54
33 33 100
33 34 43
33 35 40
33 36 27
33 37 45
33 38 20
33 39 27
33 40 22
33 41 27
33 42 37
33 43 31
33 44 37
33 45 25
33 46 38
33 47 23
33 48 39
33 49 19
33 50 29
33 51 34
33 52 28
33 53 35
33 54 38
33 55 25
33 56 28
33 57 23
33 58 32
33 59 22
33 60 36
33 61 22
33 62 25
33 63 31
33 64 27
33 65 25
33 66 21
33 67 33
33 68 30
33 69 24
33 70 19
33 71 23
33 72 23
33 73 26
33 74 14
33 75 34
33 76 46
33 77 18
33 78 19
33 79 19
33 80 27
33 81 24
33 82 20
33 83 22
33 84 15
33 85 31
33 86 25
33 87 26
33 88 46
33 89 20
33 90 30
33 91 25
33 92 41
33 93 32
33 94 20
33 95 34
33 96 33
33 97 22
33 98 24
33 99 18
33 100 17
34 0 49
34 1 36
34 2 37
34 3 32
34 4 45
34 5 43
34 6 46
34 7 51
34 8 46
34 9 53
34 10 45
34 11 37
34 12 12
34 13 38
34 14 37
34 15 40
34 16 27
34 17 32
34 18 50
34 19 37
34 20 40
34 21 43
34 22 45
34 23 39
34 24 30
34 25 38
34 26 38
34 27 19
34 28 32
34 29 48
34 30 34
34 31 48
34 32 49
34 33 43
34 34 100
34 35 50
34 36 39
34 37 47
34 38 46
34 39 40
34 40 38
34 41 42
34 42 44
34 43 41
34 44 44
34 45 33
34 46 41
34 47 37
34 48 38
34 49 31
34 50 23
34 51 28
34 52 34
34 53 33
34 54 43
34 55 27
34 56 38
34 57 39
34 58 30
34 59 23
34 60 34
34 61 30
34 62 44
34 63 40
34 64 36
34 65 39
34 66 33
34 67 37
34 68 30
34 69 32
34 70 26
34 71 18
34 72 36
34 73 38
34 74 30
34 75 35
34 76 42
34 77 14
34 78 17
34 79 17
34 80 45
34 81 36
34 82 29
34 83 38
34 84 37
34 85 41
34 86 34
34 87 37
34 88 46
34 89 32
34 90 38
34 91 39
34 92 37
34 93 36
34 94 33
34 95 37
34 96 48
34 97 32
34 98 37
34 99 4
34 100 3
35 0 41
35 1 46
35 2 28
35 3 25
35 4 41
35 5 22
35 6 38
35 7 41
35 8 54
35 9 45
35 10 34
35 11 39
35 12 18
35 13 45
35 14 38
35 15 43
35 16 39
35 17 41
35 18 50
35 19 39
35 20 48
35 21 48
35 22 48
35 23 37
35 24 20
35 25 39
35 26 30
35 27 15
35 28 28
35 29 43
35 30 30
35 31 47
35 32 50
35 33 40
35 34 50
35 35 100
35 36 38
35 37 43
35 38 49
35 39 29
35 40 32
35 41 37
35 42 45
35 43 51
35 44 38
35 45 40
35 46 42
35 47 46
35 48 48
35 49 36
35 50 21
35 51 31
35 52 49
35 53 49
35 54 45
35 55 29
35 56 37
35 57 44
35 58 40
35 59 31
35 60 46
35 61 41
35 62 43
35 63 46
35 64 54
35 65 47
35 66 39
35 67 50
35 68 41
35 69 43
35 70 31
35 71 25
35 72 44
35 73 47
35 74 33
35 75 40
35 76 49
35 77 16
35 78 17
35 79 13
35 80 51
35 81 45
35 82 40
35 83 40
35 84 54
35 85 45
35 86 46
35 87 48
35 88 52
35 89 42
35 90 58
35 91 49
35 92 53
35 93 46
35 94 40
35 95 50
35 96 58
35 97 36
35 98 56
35 99 0
35 100 -1
36 0 50
36 1 23
36 2 40
36 3 29
36 4 40
36 5 34
36 6 32
36 7 34
36 8 49
36 9 50
36 10 49
36 11 34
36 12 3
36 13 26
36 14 34
36 15 26
36 16 19
36 17 22
36 18 29
36 19 23
36 20 26
36 21 38
36 22 39
36 23 37
36 24 24
36 25 22
36 26 35
36 27 21
36 28 33
36 29 36
36 30 31
36 31 34
36 32 51
36 33 27
36 34 39
36 35 38
36 36 100
36 37 44
36 38 51
36 39 40
36 40 46
36 41 30
36 42 32
36 43 37
36 44 28
36 45 20
36 46 32
36 47 29
36 48 23
36 49 17
36 50 24
36 51 14
36 52 21
36 53 21
36 54 27
36 55 16
36 56 28
36 57 16
36 58 16
36 59 17
36 60 25
36 61 29
36 62 23
36 63 23
36 64 24
36 65 21
36 66 23
36 67 23
36 68 13
36 69 15
36 70 13
36 71 10
36 72 22
36 73 24
36 74 19
36 75 26
36 76 35
36 77 13
36 78 10
36 79 8
36 80 35
36 81 23
36 82 20
36 83 18
36 84 24
36 85 31
36 86 22
36 87 26
36 88 28
36 89 19
36 90 27
36 91 25
36 92 26
36 93 25
36 94 19
36 95 31
36 96 34
36 97 23
36 98 20
36 99 2
36 100 2
37 0 71
37 1 30
37 2 47
37 3 65
37 4 74
37 5 56
37 6 42
37 7 57
37 8 71
37 9 67
37 10 57
37 11 58
37 12 35
37 13 51
37 14 51
37 15 56
37 16 47
37 17 57
37 18 61
37 19 47
37 20 59
37 21 68
37 22 60
37 23 75
37 24 41
37 25 51
37 26 59
37 27 33
37 28 50
37 29 65
37 30 66
37 31 68
37 32 54
37 33 45
37 34 47
37 35 43
37 36 44
37 37 99
37 38 47
37 39 59
37 40 56
37 41 42
37 42 36
37 43 60
37 44 71
37 45 53
37 46 65
37 47 45
37 48 56
37 49 45
37 50 34
37 51 48
37 52 46
37 53 54
37 54 64
37 55 48
37 56 55
37 57 41
37 58 48
37 59 36
37 60 45
37 61 48
37 62 41
37 63 59
37 64 41
37 65 40
37 66 35
37 67 42
37 68 38
37 69 40
37 70 34
37 71 27
37 72 39
37 73 40
37 74 35
37 75 60
37 76 69
37 77 26
37 78 33
37 79 34
37 80 51
37 81 51
37 82 24
37 83 42
37 84 27
37 85 34
37 86 45
37 87 48
37 88 42
37 89 22
37 90 41
37 91 40
37 92 55
37 93 38
37 94 40
37 95 59
37 96 50
37 97 41
37 98 32
37 99 4
37 100 3
38 0 61
38 1 38
38 2 41
38 3 38
38 4 45
38 5 44
38 6 44
38 7 43
38 8 60
38 9 56
38 10 53
38 11 40
38 12 23
38 13 43
38 14 40
38 15 44
38 16 33
38 17 44
38 18 52
38 19 46
38 20 47
38 21 50
38 22 48
38 23 41
38 24 32
38 25 43
38 26 46
38 27 30
38 28 46
38 29 40
38 30 37
38 31 47
38 32 51
38 33 20
38 34 46
38 35 49
38 36 51
38 37 47
38 38 100
38 39 52
38 40 50
38 41 36
38 42 42
38 43 51
38 44 42
38 45 39
38 46 47
38 47 38
38 48 34
38 49 36
38 50 26
38 51 35
38 52 40
38 53 35
38 54 47
38 55 36
38 56 40
38 57 45
38 58 37
38 59 26
38 60 31
38 61 35
38 62 43
38 63 39
38 64 34
38 65 36
38 66 28
38 67 37
38 68 26
38 69 34
38 70 29
38 71 21
38 72 32
38 73 30
38 74 37
38 75 44
38 76 45
38 77 23
38 78 20
38 79 23
38 80 52
38 81 36
38 82 25
38 83 35
38 84 37
38 85 34
38 86 40
38 87 36
38 88 34
38 89 30
38 90 41
38 91 30
38 92 35
38 93 35
38 94 27
38 95 46
38 96 43
38 97 28
38 98 30
38 99 8
38 100 7
39 0 71
39 1 29
39 2 54
39 3 50
39 4 58
39 5 58
39 6 33
39 7 52
39 8 67
39 9 66
39 10 65
39 11 49
39 12 25
39 13 40
39 14 41
39 15 51
39 16 35
39 17 46
39 18 52
39 19 57
39 20 54
39 21 63
39 22 58
39 23 57
39 24 32
39 25 41
39 26 55
39 27 34
39 28 48
39 29 51
39 30 44
39 31 58
39 32 45
39 33 27
39 34 40
39 35 29
39 36 40
39 37 59
39 38 52
39 39 99
39 40 60
39 41 37
39 42 31
39 43 45
39 44 49
39 45 40
39 46 54
39 47 37
39 48 35
39 49 38
39 50 30
39 51 33
39 52 35
39 53 34
39 54 45
39 55 36
39 56 47
39 57 36
39 58 42
39 59 35
39 60 36
39 61 36
39 62 39
39 63 40
39 64 29
39 65 30
39 66 21
39 67 28
39 68 22
39 69 31
39 70 30
39 71 16
39 72 26
39 73 26
39 74 29
39 75 47
39 76 53
39 77 17
39 78 18
39 79 32
39 80 43
39 81 38
39 82 17
39 83 30
39 84 26
39 85 31
39 86 31
39 87 34
39 88 23
39 89 25
39 90 34
39 91 23
39 92 30
39 93 32
39 94 26
39 95 54
39 96 37
39 97 31
39 98 16
39 99 10
39 100 9
40 0 60
40 1 19
40 2 54
40 3 42
40 4 52
40 5 53
40 6 53
40 7 42
40 8 58
40 9 59
40 10 60
40 11 59
40 12 23
40 13 37
40 14 44
40 15 48
40 16 34
40 17 39
40 18 50
40 19 36
40 20 52
40 21 59
40 22 50
40 23 49
40 24 45
40 25 41
40 26 57
40 27 51
40 28 48
40 29 46
40 30 45
40 31 53
40 32 47
40 33 22
40 34 38
40 35 32
40 36 46
40 37 56
40 38 50
40 39 60
40 40 99
40 41 47
40 42 47
40 43 53
40 44 47
40 45 45
40 46 53
40 47 43
40 48 37
40 49 33
40 50 42
40 51 33
40 52 36
40 53 34
40 54 51
40 55 35
40 56 35
40 57 37
40 58 40
40 59 37
40 60 34
40 61 32
40 62 34
40 63 44
40 64 32
40 65 30
40 66 24
40 67 30
40 68 32
40 69 26
40 70 36
40 71 24
40 72 25
40 73 27
40 74 27
40 75 43
40 76 43
40 77 21
40 78 24
40 79 30
40 80 38
40 81 30
40 82 14
40 83 27
40 84 21
40 85 30
40 86 34
40 87 30
40 88 23
40 89 14
40 90 34
40 91 26
40 92 27
40 93 35
40 94 29
40 95 51
40 96 40
40 97 30
40 98 23
40 99 10
40 100 9
41 0 39
41 1 30
41 2 36
41 3 32
41 4 36
41 5 36
41 6 74
41 7 37
41 8 40
41 9 47
41 10 38
41 11 36
41 12 10
41 13 40
41 14 30
41 15 42
41 16 34
41 17 29
41 18 41
41 19 40
41 20 40
41 21 38
41 22 39
41 23 34
41 24 28
41 25 28
41 26 39
41 27 22
41 28 29
41 29 45
41 30 30
41 31 40
41 32 33
41 33 27
41 34 42
41 35 37
41 36 30
41 37 42
41 38 36
41 39 37
41 40 47
41 41 100
41 42 48
41 43 41
41 44 38
41 45 32
41 46 36
41 47 38
41 48 31
41 49 31
41 50 22
41 51 12
41 52 30
41 53 38
41 54 40
41 55 23
41 56 31
41 57 37
41 58 41
41 59 34
41 60 40
41 61 26
41 62 38
41 63 29
41 64 37
41 65 34
41 66 24
41 67 27
41 68 26
41 69 27
41 70 20
41 71 11
41 72 26
41 73 31
41 74 21
41 75 28
41 76 40
41 77 10
41 78 11
41 79 13
41 80 39
41 81 30
41 82 27
41 83 30
41 84 27
41 85 26
41 86 25
41 87 33
41 88 34
41 89 43
41 90 45
41 91 34
41 92 32
41 93 42
41 94 28
41 95 50
41 96 36
41 97 29
41 98 33
41 99 9
41 100 9
42 0 40
42 1 30
42 2 23
42 3 23
42 4 42
42 5 32
42 6 67
42 7 41
42 8 42
42 9 43
42 10 36
42 11 36
42 12 13
42 13 34
42 14 26
42 15 38
42 16 39
42 17 31
42 18 46
42 19 34
42 20 33
42 21 36
42 22 43
42 23 35
42 24 18
42 25 35
42 26 30
42 27 17
42 28 28
42 29 46
42 30 27
42 31 39
42 32 45
42 33 37
42 34 44
42 35 45
42 36 32
42 37 36
42 38 42
42 39 31
42 40 47
42 41 48
42 42 99
42 43 35
42 44 39
42 45 38
42 46 30
42 47 27
42 48 37
42 49 22
42 50 16
42 51 23
42 52 30
42 53 39
42 54 41
42 55 23
42 56 28
42 57 30
42 58 36
42 59 34
42 60 36
42 61 22
42 62 36
42 63 39
42 64 34
42 65 35
42 66 23
42 67 33
42 68 37
42 69 31
42 70 26
42 71 13
42 72 25
42 73 28
42 74 20
42 75 32
42 76 39
42 77 13
42 78 14
42 79 12
42 80 32
42 81 29
42 82 20
42 83 25
42 84 29
42 85 26
42 86 35
42 87 27
42 88 34
42 89 30
42 90 36
42 91 29
42 92 33
42 93 32
42 94 22
42 95 38
42 96 36
42 97 22
42 98 33
42 99 5
42 100 4
43 0 62
43 1 38
43 2 57
43 3 52
43 4 61
43 5 51
43 6 38
43 7 44
43 8 68
43 9 62
43 10 57
43 11 62
43 12 43
43 13 73
43 14 42
43 15 54
43 16 42
43 17 47
43 18 56
43 19 55
43 20 72
43 21 67
43 22 66
43 23 61
43 24 43
43 25 55
43 26 52
43 27 40
43 28 42
43 29 58
43 30 60
43 31 65
43 32 52
43 33 31
43 34 41
43 35 51
43 36 37
43 37 60
43 38 51
43 39 45
43 40 53
43 41 41
43 42 35
43 43 100
43 44 49
43 45 60
43 46 67
43 47 52
43 48 53
43 49 44
43 50 46
43 51 52
43 52 53
43 53 51
43 54 62
43 55 54
43 56 49
43 57 56
43 58 57
43 59 39
43 60 45
43 61 45
43 62 53
43 63 59
43 64 42
43 65 52
43 66 40
43 67 56
43 68 43
43 69 47
43 70 38
43 71 37
43 72 43
43 73 45
43 74 35
43 75 52
43 76 70
43 77 32
43 78 31
43 79 34
43 80 56
43 81 50
43 82 27
43 83 45
43 84 35
43 85 42
43 86 45
43 87 50
43 88 39
43 89 48
43 90 48
43 91 42
43 92 55
43 93 43
43 94 42
43 95 57
43 96 56
43 97 53
43 98 37
43 99 0
43 100 0
44 0 63
44 1 25
44 2 39
44 3 68
44 4 68
44 5 38
44 6 42
44 7 57
44 8 56
44 9 55
44 10 49
44 11 58
44 12 34
44 13 52
44 14 48
44 15 54
44 16 48
44 17 60
44 18 64
44 19 42
44 20 52
44 21 52
44 22 61
44 23 67
44 24 33
44 25 48
44 26 51
44 27 33
44 28 46
44 29 62
44 30 63
44 31 57
44 32 46
44 33 37
44 34 44
44 35 38
44 36 28
44 37 71
44 38 42
44 39 49
44 40 47
44 41 38
44 42 39
44 43 49
44 44 100
44 45 55
44 46 57
44 47 39
44 48 51
44 49 51
44 50 32
44 51 48
44 52 42
44 53 53
44 54 76
44 55 56
44 56 62
44 57 47
44 58 54
44 59 49
44 60 44
44 61 47
44 62 41
44 63 60
44 64 34
44 65 36
44 66 25
44 67 38
44 68 47
44 69 37
44 70 33
44 71 28
44 72 32
44 73 30
44 74 28
44 75 56
44 76 59
44 77 28
44 78 27
44 79 34
44 80 46
44 81 54
44 82 20
44 83 37
44 84 29
44 85 29
44 86 44
44 87 44
44 88 33
44 89 25
44 90 34
44 91 31
44 92 48
44 93 31
44 94 31
44 95 57
44 96 43
44 97 38
44 98 29
44 99 4
44 100 3
45 0 48
45 1 40
45 2 37
45 3 52
45 4 49
45 5 39
45 6 32
45 7 43
45 8 54
45 9 58
45 10 40
45 11 58
45 12 51
45 13 53
45 14 43
45 15 50
45 16 42
45 17 55
45 18 55
45 19 40
45 20 57
45 21 58
45 22 57
45 23 50
45 24 34
45 25 47
45 26 42
45 27 38
45 28 33
45 29 45
45 30 53
45 31 62
45 32 34
45 33 25
45 34 33
45 35 40
45 36 20
45 37 53
45 38 39
45 39 40
45 40 45
45 41 32
45 42 38
45 43 60
45 44 55
45 45 100
45 46 58
45 47 43
45 48 53
45 49 47
45 50 36
45 51 52
45 52 51
45 53 59
45 54 61
45 55 52
45 56 48
45 57 45
45 58 63
45 59 54
45 60 43
45 61 47
45 62 37
45 63 71
45 64 37
45 65 52
45 66 40
45 67 49
45 68 57
45 69 54
45 70 47
45 71 39
45 72 43
45 73 38
45 74 33
45 75 55
45 76 46
45 77 30
45 78 30
45 79 35
45 80 42
45 81 53
45 82 21
45 83 43
45 84 27
45 85 30
45 86 38
45 87 49
45 88 38
45 89 26
45 90 40
45 91 44
45 92 39
45 93 35
45 94 49
45 95 54
45 96 47
45 97 50
45 98 33
45 99 2
45 100 2
46 0 68
46 1 38
46 2 63
46 3 59
46 4 61
46 5 54
46 6 36
46 7 46
46 8 66
46 9 69
46 10 68
46 11 64
46 12 35
46 13 50
46 14 46
46 15 55
46 16 52
46 17 55
46 18 61
46 19 52
46 20 65
46 21 67
46 22 68
46 23 61
46 24 48
46 25 61
46 26 62
46 27 37
46 28 51
46 29 56
46 30 61
46 31 72
46 32 49
46 33 38
46 34 41
46 35 42
46 36 32
46 37 65
46 38 47
46 39 54
46 40 53
46 41 36
46 42 30
46 43 67
46 44 57
46 45 58
46 46 99
46 47 53
46 48 60
46 49 52
46 50 46
46 51 54
46 52 53
46 53 50
46 54 67
46 55 55
46 56 49
46 57 51
46 58 57
46 59 39
46 60 49
46 61 52
46 62 47
46 63 63
46 64 39
46 65 48
46 66 39
46 67 53
46 68 50
46 69 49
46 70 46
46 71 38
46 72 47
46 73 42
46 74 40
46 75 62
46 76 68
46 77 27
46 78 35
46 79 39
46 80 56
46 81 59
46 82 30
46 83 47
46 84 29
46 85 39
46 86 46
46 87 51
46 88 42
46 89 33
46 90 45
46 91 39
46 92 53
46 93 42
46 94 43
46 95 57
46 96 57
46 97 48
46 98 35
46 99 1
46 100 1
47 0 43
47 1 34
47 2 50
47 3 39
47 4 37
47 5 32
47 6 32
47 7 38
47 8 43
47 9 54
47 10 51
47 11 48
47 12 22
47 13 42
47 14 35
47 15 42
47 16 27
47 17 48
47 18 45
47 19 38
47 20 50
47 21 55
47 22 48
47 23 37
47 24 29
47 25 34
47 26 40
47 27 35
47 28 37
47 29 36
47 30 35
47 31 53
47 32 33
47 33 23
47 34 37
47 35 46
47 36 29
47 37 45
47 38 38
47 39 37
47 40 43
47 41 38
47 42 27
47 43 52
47 44 39
47 45 43
47 46 53
47 47 99
47 48 66
47 49 61
47 50 36
47 51 32
47 52 68
47 53 38
47 54 52
47 55 42
47 56 39
47 57 43
47 58 38
47 59 35
47 60 41
47 61 69
47 62 33
47 63 46
47 64 56
47 65 68
47 66 67
47 67 63
47 68 37
47 69 51
47 70 39
47 71 29
47 72 64
47 73 67
47 74 53
47 75 40
47 76 41
47 77 14
47 78 25
47 79 25
47 80 63
47 81 41
47 82 32
47 83 71
47 84 30
47 85 35
47 86 38
47 87 75
47 88 48
47 89 33
47 90 62
47 91 63
47 92 40
47 93 53
47 94 55
47 95 54
47 96 71
47 97 61
47 98 58
47 99 1
47 100 2
48 0 55
48 1 42
48 2 35
48 3 45
48 4 53
48 5 32
48 6 31
48 7 39
48 8 59
48 9 59
48 10 44
48 11 56
48 12 34
48 13 48
48 14 39
48 15 49
48 16 49
48 17 50
48 18 51
48 19 43
48 20 55
48 21 62
48 22 51
48 23 54
48 24 28
48 25 51
48 26 40
48 27 21
48 28 36
48 29 48
48 30 45
48 31 66
48 32 42
48 33 39
48 34 38
48 35 48
48 36 23
48 37 56
48 38 34
48 39 35
48 40 37
48 41 31
48 42 37
48 43 53
48 44 51
48 45 53
48 46 60
48 47 66
48 48 99
48 49 54
48 50 26
48 51 50
48 52 71
48 53 51
48 54 62
48 55 50
48 56 43
48 57 47
48 58 50
48 59 40
48 60 52
48 61 68
48 62 38
48 63 64
48 64 57
48 65 79
48 66 76
48 67 74
48 68 59
48 69 61
48 70 52
48 71 39
48 72 81
48 73 78
48 74 56
48 75 53
48 76 58
48 77 21
48 78 29
48 79 35
48 80 53
48 81 49
48 82 33
48 83 73
48 84 31
48 85 35
48 86 48
48 87 78
48 88 53
48 89 31
48 90 70
48 91 75
48 92 60
48 93 60
48 94 70
48 95 57
48 96 73
48 97 71
48 98 63
48 99 2
48 100 0
49 0 44
49 1 37
49 2 31
49 3 52
49 4 40
49 5 32
49 6 27
49 7 38
49 8 46
49 9 47
49 10 36
49 11 42
49 12 33
49 13 44
49 14 35
49 15 44
49 16 41
49 17 64
49 18 52
49 19 52
49 20 53
49 21 47
49 22 45
49 23 40
49 24 24
49 25 42
49 26 42
49 27 23
49 28 46
49 29 37
49 30 40
49 31 53
49 32 28
49 33 19
49 34 31
49 35 36
49 36 17
49 37 45
49 38 36
49 39 38
49 40 33
49 41 31
49 42 22
49 43 44
49 44 51
49 45 47
49 46 52
49 47 61
49 48 54
49 49 100
49 50 30
49 51 39
49 52 58
49 53 49
49 54 58
49 55 64
49 56 45
49 57 56
49 58 46
49 59 33
49 60 36
49 61 57
49 62 45
49 63 53
49 64 48
49 65 58
49 66 51
49 67 53
49 68 35
49 69 50
49 70 36
49 71 20
49 72 51
49 73 51
49 74 42
49 75 47
49 76 44
49 77 21
49 78 28
49 79 36
49 80 56
49 81 56
49 82 33
49 83 69
49 84 34
49 85 33
49 86 36
49 87 71
49 88 37
49 89 39
49 90 50
49 91 52
49 92 37
49 93 40
49 94 53
49 95 51
49 96 52
49 97 51
49 98 46
49 99 -3
49 100 -3
50 0 40
50 1 10
50 2 44
50 3 35
50 4 33
50 5 29
50 6 22
50 7 22
50 8 36
50 9 34
50 10 45
50 11 45
50 12 27
50 13 28
50 14 44
50 15 35
50 16 21
50 17 44
50 18 39
50 19 25
50 20 48
50 21 34
50 22 37
50 23 32
50 24 30
50 25 35
50 26 31
50 27 40
50 28 30
50 29 29
50 30 36
50 31 31
50 32 27
50 33 29
50 34 23
50 35 21
50 36 24
50 37 34
50 38 26
50 39 30
50 40 42
50 41 22
50 42 16
50 43 46
50 44 32
50 45 36
50 46 46
50 47 36
50 48 26
50 49 30
50 50 100
50 51 35
50 52 25
50 53 16
50 54 42
50 55 37
50 56 41
50 57 26
50 58 44
50 59 32
50 60 36
50 61 28
50 62 25
50 63 41
50 64 17
50 65 20
50 66 15
50 67 23
50 68 23
50 69 21
50 70 25
50 71 21
50 72 17
50 73 15
50 74 15
50 75 33
50 76 36
50 77 22
50 78 36
50 79 32
50 80 34
50 81 21
50 82 2
50 83 22
50 84 26
50 85 22
50 86 20
50 87 21
50 88 17
50 89 13
50 90 19
50 91 13
50 92 26
50 93 24
50 94 18
50 95 42
50 96 30
50 97 19
50 98 13
50 99 13
50 100 14
51 0 55
51 1 30
51 2 27
51 3 48
51 4 50
51 5 35
51 6 16
51 7 40
51 8 53
51 9 49
51 10 36
51 11 47
51 12 71
51 13 59
51 14 36
51 15 43
51 16 46
51 17 51
51 18 55
51 19 40
51 20 55
51 21 52
51 22 47
51 23 47
51 24 32
51 25 60
51 26 41
51 27 43
51 28 42
51 29 42
51 30 51
51 31 59
51 32 44
51 33 34
51 34 28
51 35 31
51 36 14
51 37 48
51 38 35
51 39 33
51 40 33
51 41 12
51 42 23
51 43 52
51 44 48
51 45 52
51 46 54
51 47 32
51 48 50
51 49 39
51 50 35
51 51 100
51 52 53
51 53 46
51 54 60
51 55 61
51 56 45
51 57 43
51 58 50
51 59 35
51 60 39
51 61 37
51 62 39
51 63 58
51 64 31
51 65 37
51 66 30
51 67 42
51 68 35
51 69 40
51 70 42
51 71 40
51 72 33
51 73 30
51 74 27
51 75 56
51 76 51
51 77 52
51 78 52
51 79 57
51 80 39
51 81 42
51 82 8
51 83 37
51 84 17
51 85 29
51 86 35
51 87 36
51 88 32
51 89 18
51 90 30
51 91 33
51 92 49
51 93 28
51 94 32
51 95 47
51 96 44
51 97 33
51 98 25
51 99 7
51 100 6
52 0 46
52 1 45
52 2 27
52 3 37
52 4 38
52 5 25
52 6 26
52 7 43
52 8 55
52 9 53
52 10 36
52 11 50
52 12 33
52 13 48
52 14 39
52 15 60
52 16 44
52 17 54
52 18 56
52 19 47
52 20 57
52 21 59
52 22 52
52 23 38
52 24 22
52 25 46
52 26 34
52 27 24
52 28 33
52 29 40
52 30 34
52 31 56
52 32 35
52 33 28
52 34 34
52 35 49
52 36 21
52 37 46
52 38 40
52 39 35
52 40 36
52 41 30
52 42 30
52 43 53
52 44 42
52 45 51
52 46 53
52 47 68
52 48 71
52 49 58
52 50 25
52 51 53
52 52 100
52 53 60
52 54 61
52 55 47
52 56 35
52 57 65
52 58 55
52 59 38
52 60 56
52 61 66
52 62 46
52 63 62
52 64 65
52 65 73
52 66 66
52 67 69
52 68 49
52 69 66
52 70 56
52 71 45
52 72 67
52 73 66
52 74 50
52 75 59
52 76 51
52 77 25
52 78 30
52 79 32
52 80 63
52 81 52
52 82 29
52 83 70
52 84 34
52 85 34
52 86 44
52 87 73
52 88 51
52 89 32
52 90 64
52 91 64
52 92 51
52 93 52
52 94 61
52 95 57
52 96 67
52 97 60
52 98 57
52 99 -5
52 100 -5
53 0 46
53 1 43
53 2 25
53 3 49
53 4 47
53 5 25
53 6 32
53 7 41
53 8 57
53 9 51
53 10 34
53 11 54
53 12 43
53 13 57
53 14 44
53 15 60
53 16 58
53 17 58
53 18 58
53 19 45
53 20 54
53 21 60
53 22 55
53 23 45
53 24 33
53 25 46
53 26 46
53 27 24
53 28 37
53 29 47
53 30 51
53 31 58
53 32 38
53 33 35
53 34 33
53 35 49
53 36 21
53 37 54
53 38 35
53 39 34
53 40 34
53 41 38
53 42 39
53 43 51
53 44 53
53 45 59
53 46 50
53 47 38
53 48 51
53 49 49
53 50 16
53 51 46
53 52 60
53 53 100
53 54 60
53 55 53
53 56 48
53 57 57
53 58 63
53 59 42
53 60 58
53 61 42
53 62 52
53 63 61
53 64 56
53 65 47
53 66 35
53 67 46
53 68 53
53 69 55
53 70 49
53 71 38
53 72 40
53 73 39
53 74 29
53 75 59
53 76 56
53 77 29
53 78 34
53 79 35
53 80 50
53 81 58
53 82 29
53 83 41
53 84 25
53 85 39
53 86 39
53 87 45
53 88 41
53 89 38
53 90 45
53 91 45
53 92 48
53 93 39
53 94 44
53 95 47
53 96 50
53 97 36
53 98 39
53 99 0
53 100 -1
54 0 63
54 1 37
54 2 44
54 3 61
54 4 63
54 5 43
54 6 40
54 7 53
54 8 59
54 9 58
54 10 51
54 11 67
54 12 44
54 13 57
54 14 47
54 15 60
54 16 50
54 17 64
54 18 70
54 19 51
54 20 62
54 21 61
54 22 63
54 23 62
54 24 42
54 25 59
54 26 52
54 27 46
54 28 49
54 29 55
54 30 58
54 31 64
54 32 49
54 33 38
54 34 43
54 35 45
54 36 27
54 37 64
54 38 47
54 39 45
54 40 51
54 41 40
54 42 41
54 43 62
54 44 76
54 45 61
54 46 67
54 47 52
54 48 62
54 49 58
54 50 42
54 51 60
54 52 61
54 53 60
54 54 100
54 55 61
54 56 57
54 57 58
54 58 65
54 59 53
54 60 51
54 61 56
54 62 51
54 63 68
54 64 45
54 65 51
54 66 40
54 67 50
54 68 57
54 69 51
54 70 50
54 71 40
54 72 44
54 73 43
54 74 35
54 75 62
54 76 64
54 77 35
54 78 40
54 79 39
54 80 53
54 81 61
54 82 23
54 83 52
54 84 32
54 85 37
54 86 47
54 87 55
54 88 41
54 89 32
54 90 44
54 91 43
54 92 57
54 93 39
54 94 41
54 95 63
54 96 55
54 97 46
54 98 39
54 99 6
54 100 5
55 0 50
55 1 29
55 2 31
55 3 68
55 4 45
55 5 31
55 6 22
55 7 32
55 8 53
55 9 50
55 10 38
55 11 50
55 12 62
55 13 56
55 14 30
55 15 42
55 16 39
55 17 70
55 18 60
55 19 50
55 20 57
55 21 51
55 22 48
55 23 44
55 24 32
55 25 51
55 26 52
55 27 42
55 28 46
55 29 35
55 30 59
55 31 56
55 32 30
55 33 25
55 34 27
55 35 29
55 36 16
55 37 48
55 38 36
55 39 36
55 40 35
55 41 23
55 42 23
55 43 54
55 44 56
55 45 52
55 46 55
55 47 42
55 48 50
55 49 64
55 50 37
55 51 61
55 52 47
55 53 53
55 54 61
55 55 99
55 56 50
55 57 52
55 58 49
55 59 38
55 60 35
55 61 43
55 62 43
55 63 59
55 64 27
55 65 42
55 66 35
55 67 45
55 68 38
55 69 43
55 70 41
55 71 33
55 72 39
55 73 35
55 74 35
55 75 54
55 76 53
55 77 35
55 78 43
55 79 64
55 80 44
55 81 47
55 82 19
55 83 51
55 84 22
55 85 28
55 86 42
55 87 42
55 88 23
55 89 33
55 90 36
55 91 35
55 92 43
55 93 31
55 94 37
55 95 45
55 96 45
55 97 44
55 98 25
55 99 -7
55 100 -8
56 0 51
56 1 38
56 2 39
56 3 56
56 4 51
56 5 40
56 6 28
56 7 43
56 8 46
56 9 50
56 10 49
56 11 43
56 12 37
56 13 50
56 14 63
56 15 55
56 16 40
56 17 66
56 18 56
56 19 45
56 20 66
56 21 55
56 22 57
56 23 48
56 24 33
56 25 45
56 26 41
56 27 34
56 28 41
56 29 40
56 30 56
56 31 55
56 32 40
56 33 28
56 34 38
56 35 37
56 36 28
56 37 55
56 38 40
56 39 47
56 40 35
56 41 31
56 42 28
56 43 49
56 44 62
56 45 48
56 46 49
56 47 39
56 48 43
56 49 45
56 50 41
56 51 45
56 52 35
56 53 48
56 54 57
56 55 50
56 56 99
56 57 40
56 58 53
56 59 33
56 60 46
56 61 47
56 62 46
56 63 49
56 64 39
56 65 37
56 66 31
56 67 33
56 68 31
56 69 33
56 70 29
56 71 19
56 72 29
56 73 35
56 74 28
56 75 43
56 76 54
56 77 33
56 78 36
56 79 38
56 80 58
56 81 57
56 82 27
56 83 36
56 84 33
56 85 40
56 86 42
56 87 42
56 88 35
56 89 43
56 90 37
56 91 33
56 92 40
56 93 32
56 94 30
56 95 51
56 96 46
56 97 36
56 98 26
56 99 9
56 100 8
57 0 44
57 1 35
57 2 26
57 3 37
57 4 41
57 5 37
57 6 30
57 7 38
57 8 51
57 9 45
57 10 34
57 11 46
57 12 32
57 13 50
57 14 40
57 15 55
57 16 42
57 17 49
57 18 59
57 19 51
57 20 58
57 21 53
57 22 49
57 23 41
57 24 28
57 25 57
57 26 39
57 27 19
57 28 35
57 29 42
57 30 36
57 31 52
57 32 32
57 33 23
57 34 39
57 35 44
57 36 16
57 37 41
57 38 45
57 39 36
57 40 37
57 41 37
57 42 30
57 43 56
57 44 47
57 45 45
57 46 51
57 47 43
57 48 47
57 49 56
57 50 26
57 51 43
57 52 65
57 53 57
57 54 58
57 55 52
57 56 40
57 57 100
57 58 55
57 59 29
57 60 41
57 61 38
57 62 63
57 63 54
57 64 42
57 65 48
57 66 38
57 67 49
57 68 43
57 69 46
57 70 40
57 71 36
57 72 44
57 73 42
57 74 38
57 75 52
57 76 52
57 77 25
57 78 28
57 79 30
57 80 48
57 81 49
57 82 27
57 83 48
57 84 34
57 85 34
57 86 51
57 87 45
57 88 34
57 89 40
57 90 48
57 91 42
57 92 44
57 93 40
57 94 46
57 95 46
57 96 52
57 97 43
57 98 37
57 99 -6
57 100 -7
58 0 48
58 1 37
58 2 32
58 3 49
58 4 51
58 5 42
58 6 32
58 7 41
58 8 54
58 9 53
58 10 40
58 11 54
58 12 47
58 13 53
58 14 47
58 15 62
58 16 52
58 17 56
58 18 57
58 19 49
58 20 69
58 21 55
58 22 54
58 23 50
58 24 28
58 25 49
58 26 42
58 27 32
58 28 34
58 29 52
58 30 44
58 31 58
58 32 36
58 33 32
58 34 30
58 35 40
58 36 16
58 37 48
58 38 37
58 39 42
58 40 40
58 41 41
58 42 36
58 43 57
58 44 54
58 45 63
58 46 57
58 47 38
58 48 50
58 49 46
58 50 44
58 51 50
58 52 55
58 53 63
58 54 65
58 55 49
58 56 53
58 57 55
58 58 100
58 59 55
58 60 67
58 61 41
58 62 52
58 63 63
58 64 49
58 65 47
58 66 28
58 67 39
58 68 54
58 69 42
58 70 41
58 71 29
58 72 34
58 73 33
58 74 22
58 75 53
58 76 56
58 77 35
58 78 39
58 79 41
58 80 47
58 81 51
58 82 23
58 83 38
58 84 31
58 85 31
58 86 36
58 87 42
58 88 32
58 89 36
58 90 41
58 91 34
58 92 42
58 93 39
58 94 37
58 95 59
58 96 47
58 97 41
58 98 30
58 99 8
58 100 6
59 0 35
59 1 26
59 2 27
59 3 38
59 4 40
59 5 28
59 6 32
59 7 35
59 8 39
59 9 40
59 10 33
59 11 58
59 12 34
59 13 35
59 14 34
59 15 42
59 16 34
59 17 43
59 18 46
59 19 33
59 20 43
59 21 43
59 22 45
59 23 38
59 24 19
59 25 32
59 26 37
59 27 26
59 28 22
59 29 42
59 30 34
59 31 46
59 32 26
59 33 22
59 34 23
59 35 31
59 36 17
59 37 36
59 38 26
59 39 35
59 40 37
59 41 34
59 42 34
59 43 39
59 44 49
59 45 54
59 46 39
59 47 35
59 48 40
59 49 33
59 50 32
59 51 35
59 52 38
59 53 42
59 54 53
59 55 38
59 56 33
59 57 29
59 58 55
59 59 100
59 60 54
59 61 38
59 62 28
59 63 51
59 64 28
59 65 36
59 66 21
59 67 27
59 68 58
59 69 38
59 70 36
59 71 28
59 72 23
59 73 23
59 74 11
59 75 39
59 76 37
59 77 19
59 78 23
59 79 22
59 80 33
59 81 37
59 82 15
59 83 34
59 84 21
59 85 21
59 86 27
59 87 37
59 88 22
59 89 20
59 90 27
59 91 25
59 92 29
59 93 28
59 94 29
59 95 50
59 96 36
59 97 30
59 98 24
59 99 11
59 100 11
60 0 42
60 1 41
60 2 29
60 3 39
60 4 43
60 5 24
60 6 35
60 7 39
60 8 51
60 9 52
60 10 40
60 11 47
60 12 26
60 13 43
60 14 46
60 15 54
60 16 50
60 17 51
60 18 52
60 19 41
60 20 57
60 21 51
60 22 51
60 23 39
60 24 26
60 25 39
60 26 37
60 27 27
60 28 29
60 29 46
60 30 37
60 31 50
60 32 39
60 33 36
60 34 34
60 35 46
60 36 25
60 37 45
60 38 31
60 39 36
60 40 34
60 41 40
60 42 36
60 43 45
60 44 44
60 45 43
60 46 49
60 47 41
60 48 52
60 49 36
60 50 36
60 51 39
60 52 56
60 53 58
60 54 51
60 55 35
60 56 46
60 57 41
60 58 67
60 59 54
60 60 99
60 61 44
60 62 44
60 63 57
60 64 56
60 65 53
60 66 32
60 67 40
60 68 51
60 69 46
60 70 37
60 71 35
60 72 39
60 73 37
60 74 33
60 75 48
60 76 54
60 77 24
60 78 29
60 79 25
60 80 53
60 81 43
60 82 27
60 83 42
60 84 32
60 85 32
60 86 32
60 87 44
60 88 37
60 89 36
60 90 43
60 91 38
60 92 40
60 93 43
60 94 33
60 95 53
60 96 50
60 97 32
60 98 34
60 99 3
60 100 2
61 0 45
61 1 41
61 2 33
61 3 51
61 4 38
61 5 30
61 6 23
61 7 36
61 8 46
61 9 52
61 10 40
61 11 44
61 12 28
61 13 42
61 14 46
61 15 42
61 16 40
61 17 59
61 18 44
61 19 43
61 20 49
61 21 54
61 22 53
61 23 37
61 24 24
61 25 41
61 26 40
61 27 24
61 28 44
61 29 34
61 30 45
61 31 55
61 32 32
61 33 22
61 34 30
61 35 41
61 36 29
61 37 48
61 38 35
61 39 36
61 40 32
61 41 26
61 42 22
61 43 45
61 44 47
61 45 47
61 46 52
61 47 69
61 48 68
61 49 57
61 50 28
61 51 37
61 52 66
61 53 42
61 54 56
61 55 43
61 56 47
61 57 38
61 58 41
61 59 38
61 60 44
61 61 99
61 62 35
61 63 51
61 64 59
61 65 69
61 66 71
61 67 61
61 68 37
61 69 59
61 70 45
61 71 29
61 72 66
61 73 69
61 74 48
61 75 45
61 76 42
61 77 14
61 78 20
61 79 27
61 80 60
61 81 54
61 82 25
61 83 69
61 84 26
61 85 33
61 86 28
61 87 80
61 88 46
61 89 32
61 90 59
61 91 65
61 92 46
61 93 47
61 94 62
61 95 58
61 96 69
61 97 64
61 98 54
61 99 -1
61 100 -1
62 0 51
62 1 43
62 2 27
62 3 34
62 4 48
62 5 40
62 6 35
62 7 46
62 8 52
62 9 48
62 10 37
62 11 37
62 12 27
62 13 55
62 14 39
62 15 61
62 16 42
62 17 44
62 18 62
62 19 60
62 20 54
62 21 45
62 22 49
62 23 37
62 24 25
62 25 74
62 26 38
62 27 16
62 28 38
62 29 45
62 30 37
62 31 52
62 32 47
62 33 25
62 34 44
62 35 43
62 36 23
62 37 41
62 38 43
62 39 39
62 40 34
62 41 38
62 42 36
62 43 53
62 44 41
62 45 37
62 46 47
62 47 33
62 48 38
62 49 45
62 50 25
62 51 39
62 52 46
62 53 52
62 54 51
62 55 43
62 56 46
62 57 63
62 58 52
62 59 28
62 60 44
62 61 35
62 62 99
62 63 48
62 64 57
62 65 41
62 66 33
62 67 38
62 68 36
62 69 36
62 70 33
62 71 17
62 72 36
62 73 39
62 74 27
62 75 41
62 76 52
62 77 21
62 78 26
62 79 27
62 80 54
62 81 51
62 82 33
62 83 40
62 84 31
62 85 39
62 86 42
62 87 38
62 88 35
62 89 56
62 90 39
62 91 35
62 92 46
62 93 31
62 94 39
62 95 48
62 96 48
62 97 37
62 98 33
62 99 8
62 100 6
63 0 55
63 1 42
63 2 32
63 3 55
63 4 50
63 5 30
63 6 33
63 7 47
63 8 62
63 9 63
63 10 43
63 11 61
63 12 51
63 13 53
63 14 53
63 15 60
63 16 46
63 17 62
63 18 69
63 19 42
63 20 64
63 21 63
63 22 59
63 23 49
63 24 29
63 25 57
63 26 47
63 27 33
63 28 40
63 29 47
63 30 54
63 31 64
63 32 40
63 33 31
63 34 40
63 35 46
63 36 23
63 37 59
63 38 39
63 39 40
63 40 44
63 41 29
63 42 39
63 43 59
63 44 60
63 45 71
63 46 63
63 47 46
63 48 64
63 49 53
63 50 41
63 51 58
63 52 62
63 53 61
63 54 68
63 55 59
63 56 49
63 57 54
63 58 63
63 59 51
63 60 57
63 61 51
63 62 48
63 63 100
63 64 49
63 65 56
63 66 43
63 67 54
63 68 61
63 69 56
63 70 54
63 71 50
63 72 54
63 73 46
63 74 38
63 75 65
63 76 59
63 77 34
63 78 40
63 79 42
63 80 51
63 81 56
63 82 26
63 83 52
63 84 38
63 85 40
63 86 48
63 87 52
63 88 37
63 89 27
63 90 45
63 91 48
63 92 51
63 93 43
63 94 52
63 95 57
63 96 55
63 97 50
63 98 43
63 99 2
63 100 1
64 0 36
64 1 43
64 2 25
64 3 27
64 4 36
64 5 29
64 6 32
64 7 36
64 8 45
64 9 45
64 10 30
64 11 37
64 12 19
64 13 40
64 14 37
64 15 58
64 16 51
64 17 42
64 18 48
64 19 39
64 20 53
64 21 50
64 22 47
64 23 34
64 24 22
64 25 40
64 26 33
64 27 15
64 28 27
64 29 38
64 30 32
64 31 55
64 32 39
64 33 27
64 34 36
64 35 54
64 36 24
64 37 41
64 38 34
64 39 29
64 40 32
64 41 37
64 42 34
64 43 42
64 44 34
64 45 37
64 46 39
64 47 56
64 48 57
64 49 48
64 50 17
64 51 31
64 52 65
64 53 56
64 54 45
64 55 27
64 56 39
64 57 42
64 58 49
64 59 28
64 60 56
64 61 59
64 62 57
64 63 49
64 64 100
64 65 62
64 66 58
64 67 59
64 68 35
64 69 46
64 70 36
64 71 26
64 72 57
64 73 65
64 74 40
64 75 43
64 76 43
64 77 19
64 78 24
64 79 18
64 80 56
64 81 50
64 82 44
64 83 60
64 84 40
64 85 43
64 86 29
64 87 64
64 88 52
64 89 36
64 90 63
64 91 61
64 92 44
64 93 50
64 94 55
64 95 55
64 96 67
64 97 48
64 98 61
64 99 6
64 100 4
65 0 43
65 1 47
65 2 31
65 3 35
65 4 34
65 5 28
65 6 32
65 7 38
65 8 50
65 9 55
65 10 38
65 11 42
65 12 34
65 13 52
65 14 37
65 15 47
65 16 37
65 17 46
65 18 48
65 19 44
65 20 53
65 21 53
65 22 44
65 23 32
65 24 16
65 25 38
65 26 30
65 27 18
65 28 33
65 29 36
65 30 32
65 31 53
65 32 32
65 33 25
65 34 39
65 35 47
65 36 21
65 37 40
65 38 36
65 39 30
65 40 30
65 41 34
65 42 35
65 43 52
65 44 36
65 45 52
65 46 48
65 47 68
65 48 79
65 49 58
65 50 20
65 51 37
65 52 73
65 53 47
65 54 51
65 55 42
65 56 37
65 57 48
65 58 47
65 59 36
65 60 53
65 61 69
65 62 41
65 63 56
65 64 62
65 65 100
65 66 87
65 67 79
65 68 47
65 69 71
65 70 47
65 71 32
65 72 81
65 73 82
65 74 64
65 75 45
65 76 44
65 77 20
65 78 25
65 79 28
65 80 59
65 81 51
65 82 34
65 83 81
65 84 38
65 85 34
65 86 39
65 87 82
65 88 49
65 89 37
65 90 73
65 91 78
65 92 45
65 93 57
65 94 70
65 95 47
65 96 68
65 97 69
65 98 67
65 99 2
65 100 1
66 0 34
66 1 41
66 2 30
66 3 25
66 4 25
66 5 22
66 6 20
66 7 25
66 8 39
66 9 45
66 10 33
66 11 34
66 12 22
66 13 40
66 14 31
66 15 34
66 16 27
66 17 36
66 18 34
66 19 33
66 20 40
66 21 42
66 22 35
66 23 23
66 24 15
66 25 32
66 26 23
66 27 11
66 28 25
66 29 26
66 30 26
66 31 47
66 32 26
66 33 21
66 34 33
66 35 39
66 36 23
66 37 35
66 38 28
66 39 21
66 40 24
66 41 24
66 42 23
66 43 40
66 44 25
66 45 40
66 46 39
66 47 67
66 48 76
66 49 51
66 50 15
66 51 30
66 52 66
66 53 35
66 54 40
66 55 35
66 56 31
66 57 38
66 58 28
66 59 21
66 60 32
66 61 71
66 62 33
66 63 43
66 64 58
66 65 87
66 66 100
66 67 77
66 68 38
66 69 61
66 70 43
66 71 29
66 72 83
66 73 88
66 74 63
66 75 33
66 76 33
66 77 13
66 78 19
66 79 20
66 80 51
66 81 43
66 82 37
66 83 78
66 84 33
66 85 28
66 86 32
66 87 83
66 88 48
66 89 30
66 90 73
66 91 81
66 92 43
66 93 57
66 94 72
66 95 39
66 96 67
66 97 72
66 98 70
66 99 1
66 100 0
67 0 46
67 1 41
67 2 40
67 3 35
67 4 40
67 5 30
67 6 25
67 7 37
67 8 52
67 9 53
67 10 39
67 11 46
67 12 25
67 13 46
67 14 34
67 15 47
67 16 42
67 17 42
67 18 50
67 19 42
67 20 49
67 21 55
67 22 54
67 23 40
67 24 28
67 25 38
67 26 36
67 27 13
67 28 32
67 29 41
67 30 41
67 31 55
67 32 36
67 33 33
67 34 37
67 35 50
67 36 23
67 37 42
67 38 37
67 39 28
67 40 30
67 41 27
67 42 33
67 43 56
67 44 38
67 45 49
67 46 53
67 47 63
67 48 74
67 49 53
67 50 23
67 51 42
67 52 69
67 53 46
67 54 50
67 55 45
67 56 33
67 57 49
67 58 39
67 59 27
67 60 40
67 61 61
67 62 38
67 63 54
67 64 59
67 65 79
67 66 77
67 67 100
67 68 47
67 69 65
67 70 48
67 71 41
67 72 78
67 73 75
67 74 54
67 75 51
67 76 46
67 77 22
67 78 28
67 79 24
67 80 51
67 81 45
67 82 39
67 83 72
67 84 39
67 85 36
67 86 46
67 87 75
67 88 52
67 89 35
67 90 69
67 91 72
67 92 48
67 93 55
67 94 69
67 95 46
67 96 70
67 97 64
67 98 71
67 99 2
67 100 1
68 0 38
68 1 31
68 2 30
68 3 30
68 4 38
68 5 22
68 6 26
68 7 29
68 8 39
68 9 43
68 10 32
68 11 55
68 12 26
68 13 38
68 14 32
68 15 47
68 16 44
68 17 37
68 18 43
68 19 28
68 20 43
68 21 48
68 22 46
68 23 38
68 24 30
68 25 39
68 26 34
68 27 19
68 28 21
68 29 42
68 30 34
68 31 51
68 32 26
68 33 30
68 34 30
68 35 41
68 36 13
68 37 38
68 38 26
68 39 22
68 40 32
68 41 26
68 42 37
68 43 43
68 44 47
68 45 57
68 46 50
68 47 37
68 48 59
68 49 35
68 50 23
68 51 35
68 52 49
68 53 53
68 54 57
68 55 38
68 56 31
68 57 43
68 58 54
68 59 58
68 60 51
68 61 37
68 62 36
68 63 61
68 64 35
68 65 47
68 66 38
68 67 47
68 68 100
68 69 43
68 70 47
68 71 51
68 72 41
68 73 38
68 74 31
68 75 41
68 76 41
68 77 16
68 78 22
68 79 21
68 80 36
68 81 39
68 82 26
68 83 35
68 84 24
68 85 30
68 86 39
68 87 40
68 88 33
68 89 30
68 90 38
68 91 37
68 92 44
68 93 35
68 94 39
68 95 38
68 96 47
68 97 38
68 98 40
68 99 0
68 100 -1
69 0 41
69 1 41
69 2 23
69 3 34
69 4 32
69 5 20
69 6 26
69 7 38
69 8 51
69 9 47
69 10 30
69 11 39
69 12 32
69 13 46
69 14 39
69 15 46
69 16 34
69 17 49
69 18 53
69 19 43
69 20 49
69 21 50
69 22 43
69 23 30
69 24 12
69 25 42
69 26 27
69 27 17
69 28 33
69 29 32
69 30 29
69 31 48
69 32 32
69 33 24
69 34 32
69 35 43
69 36 15
69 37 40
69 38 34
69 39 31
69 40 26
69 41 27
69 42 31
69 43 47
69 44 37
69 45 54
69 46 49
69 47 51
69 48 61
69 49 50
69 50 21
69 51 40
69 52 66
69 53 55
69 54 51
69 55 43
69 56 33
69 57 46
69 58 42
69 59 38
69 60 46
69 61 59
69 62 36
69 63 56
69 64 46
69 65 71
69 66 61
69 67 65
69 68 43
69 69 100
69 70 52
69 71 29
69 72 64
69 73 61
69 74 50
69 75 58
69 76 50
69 77 14
69 78 24
69 79 23
69 80 51
69 81 54
69 82 29
69 83 64
69 84 31
69 85 30
69 86 39
69 87 66
69 88 40
69 89 28
69 90 56
69 91 62
69 92 42
69 93 45
69 94 61
69 95 44
69 96 57
69 97 55
69 98 56
69 99 0
69 100 0
70 0 41
70 1 32
70 2 21
70 3 33
70 4 33
70 5 20
70 6 22
70 7 34
70 8 45
70 9 45
70 10 33
70 11 47
70 12 29
70 13 33
70 14 44
70 15 42
70 16 38
70 17 45
70 18 51
70 19 35
70 20 46
70 21 48
70 22 39
70 23 32
70 24 20
70 25 38
70 26 32
70 27 26
70 28 30
70 29 32
70 30 35
70 31 43
70 32 23
70 33 19
70 34 26
70 35 31
70 36 13
70 37 34
70 38 29
70 39 30
70 40 36
70 41 20
70 42 26
70 43 38
70 44 33
70 45 47
70 46 46
70 47 39
70 48 52
70 49 36
70 50 25
70 51 42
70 52 56
70 53 49
70 54 50
70 55 41
70 56 29
70 57 40
70 58 41
70 59 36
70 60 37
70 61 45
70 62 33
70 63 54
70 64 36
70 65 47
70 66 43
70 67 48
70 68 47
70 69 52
70 70 100
70 71 50
70 72 49
70 73 44
70 74 30
70 75 46
70 76 40
70 77 20
70 78 38
70 79 53
70 80 41
70 81 38
70 82 16
70 83 45
70 84 21
70 85 28
70 86 39
70 87 47
70 88 34
70 89 21
70 90 41
70 91 41
70 92 39
70 93 42
70 94 46
70 95 40
70 96 49
70 97 40
70 98 38
70 99 4
70 100 3
71 0 33
71 1 20
71 2 25
71 3 26
71 4 24
71 5 14
71 6 10
71 7 23
71 8 32
71 9 37
71 10 27
71 11 48
71 12 29
71 13 32
71 14 33
71 15 35
71 16 27
71 17 30
71 18 37
71 19 15
71 20 34
71 21 40
71 22 36
71 23 27
71 24 32
71 25 28
71 26 27
71 27 31
71 28 13
71 29 24
71 30 32
71 31 39
71 32 19
71 33 23
71 34 18
71 35 25
71 36 10
71 37 27
71 38 21
71 39 16
71 40 24
71 41 11
71 42 13
71 43 37
71 44 28
71 45 39
71 46 38
71 47 29
71 48 39
71 49 20
71 50 21
71 51 40
71 52 45
71 53 38
71 54 40
71 55 33
71 56 19
71 57 36
71 58 29
71 59 28
71 60 35
71 61 29
71 62 17
71 63 50
71 64 26
71 65 32
71 66 29
71 67 41
71 68 51
71 69 29
71 70 50
71 71 99
71 72 30
71 73 31
71 74 36
71 75 41
71 76 29
71 77 39
71 78 30
71 79 23
71 80 22
71 81 21
71 82 19
71 83 25
71 84 14
71 85 24
71 86 33
71 87 28
71 88 19
71 89 11
71 90 32
71 91 27
71 92 35
71 93 36
71 94 31
71 95 25
71 96 37
71 97 27
71 98 25
71 99 9
71 100 8
72 0 41
72 1 44
72 2 29
72 3 32
72 4 29
72 5 23
72 6 23
72 7 29
72 8 48
72 9 48
72 10 33
72 11 38
72 12 18
72 13 38
72 14 37
72 15 40
72 16 32
72 17 41
72 18 40
72 19 38
72 20 42
72 21 46
72 22 43
72 23 27
72 24 10
72 25 38
72 26 28
72 27 7
72 28 29
72 29 32
72 30 33
72 31 52
72 32 30
72 33 23
72 34 36
72 35 44
72 36 22
72 37 39
72 38 32
72 39 26
72 40 25
72 41 26
72 42 25
72 43 43
72 44 32
72 45 43
72 46 47
72 47 64
72 48 81
72 49 51
72 50 17
72 51 33
72 52 67
72 53 40
72 54 44
72 55 39
72 56 29
72 57 44
72 58 34
72 59 23
72 60 39
72 61 66
72 62 36
72 63 54
72 64 57
72 65 81
72 66 83
72 67 78
72 68 41
72 69 64
72 70 49
72 71 30
72 72 100
72 73 84
72 74 61
72 75 39
72 76 41
72 77 13
72 78 21
72 79 23
72 80 50
72 81 46
72 82 40
72 83 78
72 84 36
72 85 30
72 86 38
72 87 81
72 88 51
72 89 29
72 90 73
72 91 80
72 92 47
72 93 57
72 94 76
72 95 45
72 96 70
72 97 75
72 98 69
72 99 0
72 100 0
73 0 38
73 1 40
73 2 29
73 3 29
73 4 33
73 5 26
73 6 26
73 7 30
73 8 44
73 9 46
73 10 36
73 11 39
73 12 17
73 13 44
73 14 36
73 15 44
73 16 33
73 17 40
73 18 40
73 19 39
73 20 45
73 21 47
73 22 40
73 23 29
73 24 16
73 25 39
73 26 28
73 27 8
73 28 27
73 29 34
73 30 29
73 31 50
73 32 34
73 33 26
73 34 38
73 35 47
73 36 24
73 37 40
73 38 30
73 39 26
73 40 27
73 41 31
73 42 28
73 43 45
73 44 30
73 45 38
73 46 42
73 47 67
73 48 78
73 49 51
73 50 15
73 51 30
73 52 66
73 53 39
73 54 43
73 55 35
73 56 35
73 57 42
73 58 33
73 59 23
73 60 37
73 61 69
73 62 39
73 63 46
73 64 65
73 65 82
73 66 88
73 67 75
73 68 38
73 69 61
73 70 44
73 71 31
73 72 84
73 73 100
73 74 62
73 75 35
73 76 41
73 77 12
73 78 19
73 79 20
73 80 51
73 81 46
73 82 53
73 83 79
73 84 35
73 85 34
73 86 34
73 87 81
73 88 53
73 89 37
73 90 82
73 91 80
73 92 51
73 93 67
73 94 71
73 95 45
73 96 71
73 97 72
73 98 68
73 99 2
73 100 1
74 0 40
74 1 26
74 2 32
74 3 27
74 4 25
74 5 20
74 6 21
74 7 25
74 8 38
74 9 41
74 10 36
74 11 32
74 12 22
74 13 35
74 14 26
74 15 27
74 16 23
74 17 34
74 18 34
74 19 33
74 20 41
74 21 41
74 22 33
74 23 22
74 24 21
74 25 30
74 26 29
74 27 25
74 28 31
74 29 23
74 30 25
74 31 40
74 32 24
74 33 14
74 34 30
74 35 33
74 36 19
74 37 35
74 38 37
74 39 29
74 40 27
74 41 21
74 42 20
74 43 35
74 44 28
74 45 33
74 46 40
74 47 53
74 48 56
74 49 42
74 50 15
74 51 27
74 52 50
74 53 29
74 54 35
74 55 35
74 56 28
74 57 38
74 58 22
74 59 11
74 60 33
74 61 48
74 62 27
74 63 38
74 64 40
74 65 64
74 66 63
74 67 54
74 68 31
74 69 50
74 70 30
74 71 36
74 72 61
74 73 62
74 74 100
74 75 32
74 76 33
74 77 15
74 78 12
74 79 19
74 80 42
74 81 34
74 82 33
74 83 58
74 84 31
74 85 27
74 86 28
74 87 57
74 88 28
74 89 24
74 90 55
74 91 56
74 92 31
74 93 42
74 94 50
74 95 28
74 96 47
74 97 54
74 98 46
74 99 6
74 100 6
75 0 59
75 1 32
75 2 30
75 3 54
75 4 61
75 5 34
75 6 32
75 7 52
75 8 62
75 9 59
75 10 46
75 11 54
75 12 44
75 13 45
75 14 45
75 15 62
75 16 50
75 17 55
75 18 69
75 19 45
75 20 59
75 21 60
75 22 57
75 23 61
75 24 31
75 25 53
75 26 49
75 27 28
75 28 45
75 29 51
75 30 54
75 31 59
75 32 44
75 33 34
75 34 35
75 35 40
75 36 26
75 37 60
75 38 44
75 39 47
75 40 43
75 41 28
75 42 32
75 43 52
75 44 56
75 45 55
75 46 62
75 47 40
75 48 53
75 49 47
75 50 33
75 51 56
75 52 59
75 53 59
75 54 62
75 55 54
75 56 43
75 57 52
75 58 53
75 59 39
75 60 48
75 61 45
75 62 41
75 63 65
75 64 43
75 65 45
75 66 33
75 67 51
75 68 41
75 69 58
75 70 46
75 71 41
75 72 39
75 73 35
75 74 32
75 75 99
75 76 64
75 77 33
75 78 42
75 79 42
75 80 51
75 81 50
75 82 20
75 83 43
75 84 29
75 85 33
75 86 48
75 87 43
75 88 26
75 89 17
75 90 45
75 91 40
75 92 47
75 93 39
75 94 44
75 95 59
75 96 52
75 97 41
75 98 34
75 99 6
75 100 6
76 0 70
76 1 39
76 2 45
76 3 50
76 4 69
76 5 40
76 6 34
76 7 50
76 8 74
76 9 62
76 10 55
76 11 53
76 12 32
76 13 62
76 14 42
76 15 57
76 16 48
76 17 53
76 18 65
76 19 58
76 20 76
76 21 67
76 22 62
76 23 69
76 24 33
76 25 61
76 26 49
76 27 26
76 28 41
76 29 62
76 30 52
76 31 64
76 32 56
76 33 46
76 34 42
76 35 49
76 36 35
76 37 69
76 38 45
76 39 53
76 40 43
76 41 40
76 42 39
76 43 70
76 44 59
76 45 46
76 46 68
76 47 41
76 48 58
76 49 44
76 50 36
76 51 51
76 52 51
76 53 56
76 54 64
76 55 53
76 56 54
76 57 52
76 58 56
76 59 37
76 60 54
76 61 42
76 62 52
76 63 59
76 64 43
76 65 44
76 66 33
76 67 46
76 68 41
76 69 50
76 70 40
76 71 29
76 72 41
76 73 41
76 74 33
76 75 64
76 76 99
76 77 26
76 78 34
76 79 36
76 80 66
76 81 55
76 82 29
76 83 42
76 84 37
76 85 43
76 86 54
76 87 47
76 88 43
76 89 46
76 90 47
76 91 39
76 92 70
76 93 41
76 94 37
76 95 63
76 96 57
76 97 41
76 98 34
76 99 3
76 100 1
77 0 35
77 1 18
77 2 18
77 3 32
77 4 26
77 5 30
77 6 13
77 7 28
77 8 25
77 9 29
77 10 23
77 11 29
77 12 57
77 13 43
77 14 31
77 15 26
77 16 30
77 17 29
77 18 30
77 19 18
77 20 36
77 21 28
77 22 26
77 23 24
77 24 22
77 25 25
77 26 23
77 27 39
77 28 27
77 29 23
77 30 36
77 31 35
77 32 22
77 33 18
77 34 14
77 35 16
77 36 13
77 37 26
77 38 23
77 39 17
77 40 21
77 41 10
77 42 13
77 43 32
77 44 28
77 45 30
77 46 27
77 47 14
77 48 21
77 49 21
77 50 22
77 51 52
77 52 25
77 53 29
77 54 35
77 55 35
77 56 33
77 57 25
77 58 35
77 59 19
77 60 24
77 61 14
77 62 21
77 63 34
77 64 19
77 65 20
77 66 13
77 67 22
77 68 16
77 69 14
77 70 20
77 71 39
77 72 13
77 73 12
77 74 15
77 75 33
77 76 26
77 77 99
77 78 48
77 79 43
77 80 20
77 81 25
77 82 7
77 83 14
77 84 16
77 85 17
77 86 16
77 87 14
77 88 15
77 89 11
77 90 17
77 91 15
77 92 23
77 93 15
77 94 15
77 95 23
77 96 22
77 97 14
77 98 12
77 99 16
77 100 15
78 0 32
78 1 18
78 2 17
78 3 32
78 4 28
78 5 22
78 6 13
78 7 20
78 8 32
78 9 32
78 10 29
78 11 32
78 12 45
78 13 33
78 14 33
78 15 30
78 16 31
78 17 42
78 18 43
78 19 23
78 20 43
78 21 38
78 22 28
78 23 26
78 24 16
78 25 32
78 26 25
78 27 28
78 28 22
78 29 23
78 30 37
78 31 36
78 32 20
78 33 19
78 34 17
78 35 17
78 36 10
78 37 33
78 38 20
78 39 18
78 40 24
78 41 11
78 42 14
78 43 31
78 44 27
78 45 30
78 46 35
78 47 25
78 48 29
78 49 28
78 50 36
78 51 52
78 52 30
78 53 34
78 54 40
78 55 43
78 56 36
78 57 28
78 58 39
78 59 23
78 60 29
78 61 20
78 62 26
78 63 40
78 64 24
78 65 25
78 66 19
78 67 28
78 68 22
78 69 24
78 70 38
78 71 30
78 72 21
78 73 19
78 74 12
78 75 42
78 76 34
78 77 48
78 78 100
78 79 55
78 80 32
78 81 25
78 82 10
78 83 25
78 84 23
78 85 23
78 86 28
78 87 23
78 88 19
78 89 12
78 90 21
78 91 18
78 92 25
78 93 21
78 94 20
78 95 34
78 96 39
78 97 19
78 98 15
78 99 6
78 100 6
79 0 41
79 1 21
79 2 22
79 3 53
79 4 38
79 5 26
79 6 13
79 7 28
79 8 42
79 9 42
79 10 33
79 11 36
79 12 63
79 13 41
79 14 27
79 15 32
79 16 35
79 17 49
79 18 47
79 19 34
79 20 49
79 21 39
79 22 28
79 23 38
79 24 25
79 25 38
79 26 36
79 27 44
79 28 33
79 29 30
79 30 48
79 31 39
79 32 23
79 33 19
79 34 17
79 35 13
79 36 8
79 37 34
79 38 23
79 39 32
79 40 30
79 41 13
79 42 12
79 43 34
79 44 34
79 45 35
79 46 39
79 47 25
79 48 35
79 49 36
79 50 32
79 51 57
79 52 32
79 53 35
79 54 39
79 55 64
79 56 38
79 57 30
79 58 41
79 59 22
79 60 25
79 61 27
79 62 27
79 63 42
79 64 18
79 65 28
79 66 20
79 67 24
79 68 21
79 69 23
79 70 53
79 71 23
79 72 23
79 73 20
79 74 19
79 75 42
79 76 36
79 77 43
79 78 55
79 79 99
79 80 30
79 81 30
79 82 0
79 83 29
79 84 11
79 85 23
79 86 25
79 87 24
79 88 13
79 89 14
79 90 20
79 91 21
79 92 29
79 93 21
79 94 23
79 95 34
79 96 30
79 97 22
79 98 12
79 99 5
79 100 4
80 0 53
80 1 49
80 2 37
80 3 39
80 4 43
80 5 34
80 6 36
80 7 45
80 8 53
80 9 57
80 10 51
80 11 39
80 12 24
80 13 58
80 14 51
80 15 53
80 16 36
80 17 58
80 18 58
80 19 49
80 20 69
80 21 57
80 22 51
80 23 38
80 24 26
80 25 47
80 26 41
80 27 25
80 28 49
80 29 40
80 30 39
80 31 54
80 32 42
80 33 27
80 34 45
80 35 51
80 36 35
80 37 51
80 38 52
80 39 43
80 40 38
80 41 39
80 42 32
80 43 56
80 44 46
80 45 42
80 46 56
80 47 63
80 48 53
80 49 56
80 50 34
80 51 39
80 52 63
80 53 50
80 54 53
80 55 44
80 56 58
80 57 48
80 58 47
80 59 33
80 60 53
80 61 60
80 62 54
80 63 51
80 64 56
80 65 59
80 66 51
80 67 51
80 68 36
80 69 51
80 70 41
80 71 22
80 72 50
80 73 51
80 74 42
80 75 51
80 76 66
80 77 20
80 78 32
80 79 30
80 80 99
80 81 59
80 82 28
80 83 58
80 84 39
80 85 42
80 86 44
80 87 60
80 88 51
80 89 53
80 90 53
80 91 52
80 92 49
80 93 43
80 94 47
80 95 57
80 96 66
80 97 45
80 98 46
80 99 5
80 100 5
81 0 43
81 1 46
81 2 29
81 3 49
81 4 39
81 5 37
81 6 28
81 7 40
81 8 49
81 9 50
81 10 37
81 11 42
81 12 31
81 13 49
81 14 51
81 15 48
81 16 45
81 17 59
81 18 58
81 19 51
81 20 60
81 21 49
81 22 54
81 23 37
81 24 25
81 25 47
81 26 37
81 27 23
81 28 39
81 29 38
81 30 49
81 31 60
81 32 36
81 33 24
81 34 36
81 35 45
81 36 23
81 37 51
81 38 36
81 39 38
81 40 30
81 41 30
81 42 29
81 43 50
81 44 54
81 45 53
81 46 59
81 47 41
81 48 49
81 49 56
81 50 21
81 51 42
81 52 52
81 53 58
81 54 61
81 55 47
81 56 57
81 57 49
81 58 51
81 59 37
81 60 43
81 61 54
81 62 51
81 63 56
81 64 50
81 65 51
81 66 43
81 67 45
81 68 39
81 69 54
81 70 38
81 71 21
81 72 46
81 73 46
81 74 34
81 75 50
81 76 55
81 77 25
81 78 25
81 79 30
81 80 59
81 81 100
81 82 37
81 83 47
81 84 32
81 85 33
81 86 34
81 87 55
81 88 41
81 89 45
81 90 45
81 91 45
81 92 47
81 93 35
81 94 48
81 95 56
81 96 51
81 97 46
81 98 45
81 99 2
81 100 1
82 0 18
82 1 39
82 2 24
82 3 16
82 4 21
82 5 16
82 6 17
82 7 18
82 8 28
82 9 28
82 10 23
82 11 18
82 12 -2
82 13 29
82 14 23
82 15 22
82 16 16
82 17 25
82 18 25
82 19 29
82 20 25
82 21 24
82 22 31
82 23 18
82 24 11
82 25 17
82 26 20
82 27 -1
82 28 14
82 29 21
82 30 13
82 31 36
82 32 26
82 33 20
82 34 29
82 35 40
82 36 20
82 37 24
82 38 25
82 39 17
82 40 14
82 41 27
82 42 20
82 43 27
82 44 20
82 45 21
82 46 30
82 47 32
82 48 33
82 49 33
82 50 2
82 51 8
82 52 29
82 53 29
82 54 23
82 55 19
82 56 27
82 57 27
82 58 23
82 59 15
82 60 27
82 61 25
82 62 33
82 63 26
82 64 44
82 65 34
82 66 37
82 67 39
82 68 26
82 69 29
82 70 16
82 71 19
82 72 40
82 73 53
82 74 33
82 75 20
82 76 29
82 77 7
82 78 10
82 79 0
82 80 28
82 81 37
82 82 99
82 83 37
82 84 36
82 85 24
82 86 19
82 87 37
82 88 32
82 89 49
82 90 62
82 91 38
82 92 30
82 93 49
82 94 33
82 95 24
82 96 36
82 97 34
82 98 37
82 99 1
82 100 0
83 0 44
83 1 44
83 2 29
83 3 40
83 4 35
83 5 29
83 6 25
83 7 37
83 8 47
83 9 50
83 10 37
83 11 39
83 12 26
83 13 44
83 14 30
83 15 42
83 16 33
83 17 55
83 18 48
83 19 45
83 20 48
83 21 47
83 22 42
83 23 33
83 24 16
83 25 42
83 26 38
83 27 15
83 28 37
83 29 32
83 30 32
83 31 54
83 32 29
83 33 22
83 34 38
83 35 40
83 36 18
83 37 42
83 38 35
83 39 30
83 40 27
83 41 30
83 42 25
83 43 45
83 44 37
83 45 43
83 46 47
83 47 71
83 48 73
83 49 69
83 50 22
83 51 37
83 52 70
83 53 41
83 54 52
83 55 51
83 56 36
83 57 48
83 58 38
83 59 34
83 60 42
83 61 69
83 62 40
83 63 52
83 64 60
83 65 81
83 66 78
83 67 72
83 68 35
83 69 64
83 70 45
83 71 25
83 72 78
83 73 79
83 74 58
83 75 43
83 76 42
83 77 14
83 78 25
83 79 29
83 80 58
83 81 47
83 82 37
83 83 99
83 84 38
83 85 31
83 86 31
83 87 86
83 88 55
83 89 34
83 90 69
83 91 78
83 92 42
83 93 51
83 94 68
83 95 51
83 96 68
83 97 68
83 98 63
83 99 0
83 100 0
84 0 28
84 1 39
84 2 23
84 3 15
84 4 24
84 5 20
84 6 18
84 7 22
84 8 36
84 9 35
84 10 26
84 11 25
84 12 6
84 13 31
84 14 33
84 15 34
84 16 24
84 17 29
84 18 37
84 19 29
84 20 43
84 21 34
84 22 30
84 23 22
84 24 8
84 25 21
84 26 20
84 27 4
84 28 18
84 29 24
84 30 17
84 31 32
84 32 23
84 33 15
84 34 37
84 35 54
84 36 24
84 37 27
84 38 37
84 39 26
84 40 21
84 41 27
84 42 29
84 43 35
84 44 29
84 45 27
84 46 29
84 47 30
84 48 31
84 49 34
84 50 26
84 51 17
84 52 34
84 53 25
84 54 32
84 55 22
84 56 33
84 57 34
84 58 31
84 59 21
84 60 32
84 61 26
84 62 31
84 63 38
84 64 40
84 65 38
84 66 33
84 67 39
84 68 24
84 69 31
84 70 21
84 71 14
84 72 36
84 73 35
84 74 31
84 75 29
84 76 37
84 77 16
84 78 23
84 79 11
84 80 39
84 81 32
84 82 36
84 83 38
84 84 100
84 85 39
84 86 35
84 87 37
84 88 38
84 89 41
84 90 42
84 91 36
84 92 30
84 93 31
84 94 30
84 95 38
84 96 46
84 97 28
84 98 41
84 99 0
84 100 -1
85 0 41
85 1 31
85 2 32
85 3 25
85 4 38
85 5 31
85 6 25
85 7 36
85 8 42
85 9 41
85 10 34
85 11 33
85 12 20
85 13 35
85 14 32
85 15 39
85 16 34
85 17 36
85 18 45
85 19 38
85 20 47
85 21 65
85 22 44
85 23 35
85 24 34
85 25 37
85 26 30
85 27 16
85 28 25
85 29 30
85 30 35
85 31 39
85 32 41
85 33 31
85 34 41
85 35 45
85 36 31
85 37 34
85 38 34
85 39 31
85 40 30
85 41 26
85 42 26
85 43 42
85 44 29
85 45 30
85 46 39
85 47 35
85 48 35
85 49 33
85 50 22
85 51 29
85 52 34
85 53 39
85 54 37
85 55 28
85 56 40
85 57 34
85 58 31
85 59 21
85 60 32
85 61 33
85 62 39
85 63 40
85 64 43
85 65 34
85 66 28
85 67 36
85 68 30
85 69 30
85 70 28
85 71 24
85 72 30
85 73 34
85 74 27
85 75 33
85 76 43
85 77 17
85 78 23
85 79 23
85 80 42
85 81 33
85 82 24
85 83 31
85 84 39
85 85 100
85 86 39
85 87 36
85 88 36
85 89 33
85 90 36
85 91 33
85 92 32
85 93 33
85 94 27
85 95 40
85 96 51
85 97 27
85 98 30
85 99 13
85 100 13
86 0 47
86 1 27
86 2 24
86 3 33
86 4 47
86 5 25
86 6 25
86 7 34
86 8 48
86 9 47
86 10 31
86 11 43
86 12 23
86 13 41
86 14 37
86 15 44
86 16 36
86 17 36
86 18 53
86 19 36
86 20 48
86 21 49
86 22 41
86 23 47
86 24 27
86 25 46
86 26 26
86 27 15
86 28 21
86 29 40
86 30 36
86 31 44
86 32 35
86 33 25
86 34 34
86 35 46
86 36 22
86 37 45
86 38 40
86 39 31
86 40 34
86 41 25
86 42 35
86 43 45
86 44 44
86 45 38
86 46 46
86 47 38
86 48 48
86 49 36
86 50 20
86 51 35
86 52 44
86 53 39
86 54 47
86 55 42
86 56 42
86 57 51
86 58 36
86 59 27
86 60 32
86 61 28
86 62 42
86 63 48
86 64 29
86 65 39
86 66 32
86 67 46
86 68 39
86 69 39
86 70 39
86 71 33
86 72 38
86 73 34
86 74 28
86 75 48
86 76 54
86 77 16
86 78 28
86 79 25
86 80 44
86 81 34
86 82 19
86 83 31
86 84 35
86 85 39
86 86 99
86 87 39
86 88 32
86 89 33
86 90 37
86 91 29
86 92 49
86 93 35
86 94 34
86 95 40
86 96 49
86 97 34
86 98 31
86 99 1
86 100 0
87 0 47
87 1 46
87 2 32
87 3 43
87 4 42
87 5 28
87 6 27
87 7 40
87 8 51
87 9 53
87 10 38
87 11 43
87 12 22
87 13 43
87 14 41
87 15 46
87 16 42
87 17 53
87 18 46
87 19 47
87 20 50
87 21 54
87 22 50
87 23 41
87 24 21
87 25 41
87 26 35
87 27 13
87 28 35
87 29 42
87 30 38
87 31 59
87 32 34
87 33 26
87 34 37
87 35 48
87 36 26
87 37 48
87 38 36
87 39 34
87 40 30
87 41 33
87 42 27
87 43 50
87 44 44
87 45 49
87 46 51
87 47 75
87 48 78
87 49 71
87 50 21
87 51 36
87 52 73
87 53 45
87 54 55
87 55 42
87 56 42
87 57 45
87 58 42
87 59 37
87 60 44
87 61 80
87 62 38
87 63 52
87 64 64
87 65 82
87 66 83
87 67 75
87 68 40
87 69 66
87 70 47
87 71 28
87 72 81
87 73 81
87 74 57
87 75 43
87 76 47
87 77 14
87 78 23
87 79 24
87 80 60
87 81 55
87 82 37
87 83 86
87 84 37
87 85 36
87 86 39
87 87 100
87 88 57
87 89 36
87 90 72
87 91 79
87 92 48
87 93 55
87 94 72
87 95 62
87 96 74
87 97 80
87 98 69
87 99 1
87 100 1
88 0 43
88 1 42
88 2 25
88 3 24
88 4 33
88 5 22
88 6 26
88 7 31
88 8 38
88 9 40
88 10 33
88 11 35
88 12 13
88 13 40
88 14 28
88 15 38
88 16 35
88 17 39
88 18 37
88 19 29
88 20 40
88 21 43
88 22 40
88 23 32
88 24 16
88 25 35
88 26 26
88 27 8
88 28 21
88 29 39
88 30 29
88 31 49
88 32 35
88 33 46
88 34 46
88 35 52
88 36 28
88 37 42
88 38 34
88 39 23
88 40 23
88 41 34
88 42 34
88 43 39
88 44 33
88 45 38
88 46 42
88 47 48
88 48 53
88 49 37
88 50 17
88 51 32
88 52 51
88 53 41
88 54 41
88 55 23
88 56 35
88 57 34
88 58 32
88 59 22
88 60 37
88 61 46
88 62 35
88 63 37
88 64 52
88 65 49
88 66 48
88 67 52
88 68 33
88 69 40
88 70 34
88 71 19
88 72 51
88 73 53
88 74 28
88 75 26
88 76 43
88 77 15
88 78 19
88 79 13
88 80 51
88 81 41
88 82 32
88 83 55
88 84 38
88 85 36
88 86 32
88 87 57
88 88 99
88 89 43
88 90 50
88 91 56
88 92 51
88 93 42
88 94 46
88 95 46
88 96 63
88 97 39
88 98 51
88 99 6
88 100 5
89 0 25
89 1 51
89 2 25
89 3 20
89 4 24
89 5 22
89 6 21
89 7 18
89 8 30
89 9 37
89 10 25
89 11 21
89 12 11
89 13 58
89 14 23
89 15 25
89 16 27
89 17 30
89 18 27
89 19 53
89 20 49
89 21 34
89 22 37
89 23 20
89 24 22
89 25 28
89 26 25
89 27 6
89 28 16
89 29 25
89 30 22
89 31 39
89 32 25
89 33 20
89 34 32
89 35 42
89 36 19
89 37 22
89 38 30
89 39 25
89 40 14
89 41 43
89 42 30
89 43 48
89 44 25
89 45 26
89 46 33
89 47 33
89 48 31
89 49 39
89 50 13
89 51 18
89 52 32
89 53 38
89 54 32
89 55 33
89 56 43
89 57 40
89 58 36
89 59 20
89 60 36
89 61 32
89 62 56
89 63 27
89 64 36
89 65 37
89 66 30
89 67 35
89 68 30
89 69 28
89 70 21
89 71 11
89 72 29
89 73 37
89 74 24
89 75 17
89 76 46
89 77 11
89 78 12
89 79 14
89 80 53
89 81 45
89 82 49
89 83 34
89 84 41
89 85 33
89 86 33
89 87 36
89 88 43
89 89 99
89 90 40
89 91 35
89 92 45
89 93 27
89 94 25
89 95 29
89 96 42
89 97 31
89 98 31
89 99 -1
89 100 -2
90 0 42
90 1 48
90 2 32
90 3 30
90 4 39
90 5 28
90 6 36
90 7 35
90 8 53
90 9 48
90 10 38
90 11 40
90 12 19
90 13 47
90 14 39
90 15 48
90 16 35
90 17 42
90 18 47
90 19 47
90 20 50
90 21 51
90 22 48
90 23 36
90 24 15
90 25 40
90 26 32
90 27 9
90 28 32
90 29 42
90 30 28
90 31 54
90 32 38
90 33 30
90 34 38
90 35 58
90 36 27
90 37 41
90 38 41
90 39 34
90 40 34
90 41 45
90 42 36
90 43 48
90 44 34
90 45 40
90 46 45
90 47 62
90 48 70
90 49 50
90 50 19
90 51 30
90 52 64
90 53 45
90 54 44
90 55 36
90 56 37
90 57 48
90 58 41
90 59 27
90 60 43
90 61 59
90 62 39
90 63 45
90 64 63
90 65 73
90 66 73
90 67 69
90 68 38
90 69 56
90 70 41
90 71 32
90 72 73
90 73 82
90 74 55
90 75 45
90 76 47
90 77 17
90 78 21
90 79 20
90 80 53
90 81 45
90 82 62
90 83 69
90 84 42
90 85 36
90 86 37
90 87 72
90 88 50
90 89 40
90 90 100
90 91 75
90 92 53
90 93 84
90 94 67
90 95 57
90 96 66
90 97 64
90 98 66
90 99 8
90 100 7
91 0 37
91 1 47
91 2 28
91 3 28
91 4 33
91 5 24
91 6 27
91 7 31
91 8 48
91 9 46
91 10 30
91 11 36
91 12 23
91 13 46
91 14 34
91 15 37
91 16 33
91 17 37
91 18 40
91 19 38
91 20 43
91 21 49
91 22 42
91 23 30
91 24 15
91 25 39
91 26 27
91 27 9
91 28 27
91 29 34
91 30 31
91 31 55
91 32 31
91 33 25
91 34 39
91 35 49
91 36 25
91 37 40
91 38 30
91 39 23
91 40 26
91 41 34
91 42 29
91 43 42
91 44 31
91 45 44
91 46 39
91 47 63
91 48 75
91 49 52
91 50 13
91 51 33
91 52 64
91 53 45
91 54 43
91 55 35
91 56 33
91 57 42
91 58 34
91 59 25
91 60 38
91 61 65
91 62 35
91 63 48
91 64 61
91 65 78
91 66 81
91 67 72
91 68 37
91 69 62
91 70 41
91 71 27
91 72 80
91 73 80
91 74 56
91 75 40
91 76 39
91 77 15
91 78 18
91 79 21
91 80 52
91 81 45
91 82 38
91 83 78
91 84 36
91 85 33
91 86 29
91 87 79
91 88 56
91 89 35
91 90 75
91 91 100
91 92 48
91 93 62
91 94 83
91 95 51
91 96 72
91 97 69
91 98 79
91 99 5
91 100 4
92 0 55
92 1 40
92 2 28
92 3 34
92 4 55
92 5 25
92 6 27
92 7 33
92 8 59
92 9 50
92 10 37
92 11 43
92 12 29
92 13 57
92 14 36
92 15 42
92 16 45
92 17 41
92 18 49
92 19 45
92 20 54
92 21 52
92 22 50
92 23 55
92 24 20
92 25 58
92 26 30
92 27 13
92 28 28
92 29 46
92 30 41
92 31 58
92 32 49
92 33 41
92 34 37
92 35 53
92 36 26
92 37 55
92 38 35
92 39 30
92 40 27
92 41 32
92 42 33
92 43 55
92 44 48
92 45 39
92 46 53
92 47 40
92 48 60
92 49 37
92 50 26
92 51 49
92 52 51
92 53 48
92 54 57
92 55 43
92 56 40
92 57 44
92 58 42
92 59 29
92 60 40
92 61 46
92 62 46
92 63 51
92 64 44
92 65 45
92 66 43
92 67 48
92 68 44
92 69 42
92 70 39
92 71 35
92 72 47
92 73 51
92 74 31
92 75 47
92 76 70
92 77 23
92 78 25
92 79 29
92 80 49
92 81 47
92 82 30
92 83 42
92 84 30
92 85 32
92 86 49
92 87 48
92 88 51
92 89 45
92 90 53
92 91 48
92 92 99
92 93 44
92 94 45
92 95 53
92 96 59
92 97 41
92 98 45
92 99 1
92 100 0
93 0 39
93 1 34
93 2 32
93 3 27
93 4 40
93 5 26
93 6 35
93 7 31
93 8 51
93 9 46
93 10 42
93 11 42
93 12 17
93 13 42
93 14 39
93 15 44
93 16 30
93 17 37
93 18 47
93 19 41
93 20 46
93 21 51
93 22 41
93 23 38
93 24 14
93 25 37
93 26 28
93 27 15
93 28 29
93 29 43
93 30 27
93 31 48
93 32 35
93 33 32
93 34 36
93 35 46
93 36 25
93 37 38
93 38 35
93 39 32
93 40 35
93 41 42
93 42 32
93 43 43
93 44 31
93 45 35
93 46 42
93 47 53
93 48 60
93 49 40
93 50 24
93 51 28
93 52 52
93 53 39
93 54 39
93 55 31
93 56 32
93 57 40
93 58 39
93 59 28
93 60 43
93 61 47
93 62 31
93 63 43
93 64 50
93 65 57
93 66 57
93 67 55
93 68 35
93 69 45
93 70 42
93 71 36
93 72 57
93 73 67
93 74 42
93 75 39
93 76 41
93 77 15
93 78 21
93 79 21
93 80 43
93 81 35
93 82 49
93 83 51
93 84 31
93 85 33
93 86 35
93 87 55
93 88 42
93 89 27
93 90 84
93 91 62
93 92 44
93 93 99
93 94 56
93 95 53
93 96 57
93 97 52
93 98 57
93 99 13
93 100 12
94 0 36
94 1 38
94 2 25
94 3 31
94 4 32
94 5 29
94 6 23
94 7 28
94 8 47
94 9 44
94 10 29
94 11 39
94 12 24
94 13 41
94 14 42
94 15 41
94 16 36
94 17 38
94 18 42
94 19 35
94 20 45
94 21 48
94 22 41
94 23 30
94 24 14
94 25 45
94 26 29
94 27 8
94 28 30
94 29 33
94 30 31
94 31 58
94 32 26
94 33 20
94 34 33
94 35 40
94 36 19
94 37 40
94 38 27
94 39 26
94 40 29
94 41 28
94 42 22
94 43 42
94 44 31
94 45 49
94 46 43
94 47 55
94 48 70
94 49 53
94 50 18
94 51 32
94 52 61
94 53 44
94 54 41
94 55 37
94 56 30
94 57 46
94 58 37
94 59 29
94 60 33
94 61 62
94 62 39
94 63 52
94 64 55
94 65 70
94 66 72
94 67 69
94 68 39
94 69 61
94 70 46
94 71 31
94 72 76
94 73 71
94 74 50
94 75 44
94 76 37
94 77 15
94 78 20
94 79 23
94 80 47
94 81 48
94 82 33
94 83 68
94 84 30
94 85 27
94 86 34
94 87 72
94 88 46
94 89 25
94 90 67
94 91 83
94 92 45
94 93 56
94 94 100
94 95 51
94 96 67
94 97 68
94 98 69
94 99 5
94 100 5
95 0 60
95 1 41
95 2 38
95 3 48
95 4 58
95 5 42
95 6 41
95 7 47
95 8 63
95 9 57
95 10 46
95 11 53
95 12 31
95 13 47
95 14 52
95 15 63
95 16 55
95 17 61
95 18 66
95 19 56
95 20 66
95 21 64
95 22 63
95 23 56
95 24 26
95 25 62
95 26 45
95 27 24
95 28 38
95 29 56
95 30 48
95 31 62
95 32 44
95 33 34
95 34 37
95 35 50
95 36 31
95 37 59
95 38 46
95 39 54
95 40 51
95 41 50
95 42 38
95 43 57
95 44 57
95 45 54
95 46 57
95 47 54
95 48 57
95 49 51
95 50 42
95 51 47
95 52 57
95 53 47
95 54 63
95 55 45
95 56 51
95 57 46
95 58 59
95 59 50
95 60 53
95 61 58
95 62 48
95 63 57
95 64 55
95 65 47
95 66 39
95 67 46
95 68 38
95 69 44
95 70 40
95 71 25
95 72 45
95 73 45
95 74 28
95 75 59
95 76 63
95 77 23
95 78 34
95 79 34
95 80 57
95 81 56
95 82 24
95 83 51
95 84 38
95 85 40
95 86 40
95 87 62
95 88 46
95 89 29
95 90 57
95 91 51
95 92 53
95 93 53
95 94 51
95 95 99
95 96 63
95 97 55
95 98 48
95 99 11
95 100 11
96 0 50
96 1 48
96 2 41
96 3 36
96 4 45
96 5 38
96 6 31
96 7 40
96 8 57
96 9 60
96 10 50
96 11 51
96 12 24
96 13 50
96 14 45
96 15 52
96 16 47
96 17 52
96 18 56
96 19 46
96 20 63
96 21 66
96 22 59
96 23 42
96 24 26
96 25 52
96 26 42
96 27 19
96 28 36
96 29 45
96 30 43
96 31 70
96 32 44
96 33 33
96 34 48
96 35 58
96 36 34
96 37 50
96 38 43
96 39 37
96 40 40
96 41 36
96 42 36
96 43 56
96 44 43
96 45 47
96 46 57
96 47 71
96 48 73
96 49 52
96 50 30
96 51 44
96 52 67
96 53 50
96 54 55
96 55 45
96 56 46
96 57 52
96 58 47
96 59 36
96 60 50
96 61 69
96 62 48
96 63 55
96 64 67
96 65 68
96 66 67
96 67 70
96 68 47
96 69 57
96 70 49
96 71 37
96 72 70
96 73 71
96 74 47
96 75 52
96 76 57
96 77 22
96 78 39
96 79 30
96 80 66
96 81 51
96 82 36
96 83 68
96 84 46
96 85 51
96 86 49
96 87 74
96 88 63
96 89 42
96 90 66
96 91 72
96 92 59
96 93 57
96 94 67
96 95 63
96 96 99
96 97 64
96 98 67
96 99 -2
96 100 -3
97 0 40
97 1 37
97 2 32
97 3 38
97 4 37
97 5 28
97 6 24
97 7 31
97 8 44
97 9 50
97 10 34
97 11 44
97 12 22
97 13 38
97 14 35
97 15 38
97 16 31
97 17 39
97 18 39
97 19 44
97 20 44
97 21 49
97 22 49
97 23 37
97 24 19
97 25 38
97 26 31
97 27 12
97 28 27
97 29 37
97 30 36
97 31 59
97 32 30
97 33 22
97 34 32
97 35 36
97 36 23
97 37 41
97 38 28
97 39 31
97 40 30
97 41 29
97 42 22
97 43 53
97 44 38
97 45 50
97 46 48
97 47 61
97 48 71
97 49 51
97 50 19
97 51 33
97 52 60
97 53 36
97 54 46
97 55 44
97 56 36
97 57 43
97 58 41
97 59 30
97 60 32
97 61 64
97 62 37
97 63 50
97 64 48
97 65 69
97 66 72
97 67 64
97 68 38
97 69 55
97 70 40
97 71 27
97 72 75
97 73 72
97 74 54
97 75 41
97 76 41
97 77 14
97 78 19
97 79 22
97 80 45
97 81 46
97 82 34
97 83 68
97 84 28
97 85 27
97 86 34
97 87 80
97 88 39
97 89 31
97 90 64
97 91 69
97 92 41
97 93 52
97 94 68
97 95 55
97 96 64
97 97 100
97 98 57
97 99 -2
97 100 -3
98 0 30
98 1 44
98 2 24
98 3 20
98 4 27
98 5 17
98 6 29
98 7 27
98 8 40
98 9 40
98 10 25
98 11 30
98 12 12
98 13 37
98 14 33
98 15 35
98 16 30
98 17 32
98 18 43
98 19 30
98 20 40
98 21 41
98 22 37
98 23 25
98 24 6
98 25 32
98 26 20
98 27 3
98 28 23
98 29 30
98 30 21
98 31 47
98 32 30
98 33 24
98 34 37
98 35 56
98 36 20
98 37 32
98 38 30
98 39 16
98 40 23
98 41 33
98 42 33
98 43 37
98 44 29
98 45 33
98 46 35
98 47 58
98 48 63
98 49 46
98 50 13
98 51 25
98 52 57
98 53 39
98 54 39
98 55 25
98 56 26
98 57 37
98 58 30
98 59 24
98 60 34
98 61 54
98 62 33
98 63 43
98 64 61
98 65 67
98 66 70
98 67 71
98 68 40
98 69 56
98 70 38
98 71 25
98 72 69
98 73 68
98 74 46
98 75 34
98 76 34
98 77 12
98 78 15
98 79 12
98 80 46
98 81 45
98 82 37
98 83 63
98 84 41
98 85 30
98 86 31
98 87 69
98 88 51
98 89 31
98 90 66
98 91 79
98 92 45
98 93 57
98 94 69
98 95 48
98 96 67
98 97 57
98 98 99
98 99 2
98 100 1
99 0 18
99 1 2
99 2 4
99 3 6
99 4 14
99 5 6
99 6 11
99 7 11
99 8 9
99 9 7
99 10 6
99 11 10
99 12 6
99 13 5
99 14 15
99 15 10
99 16 9
99 17 2
99 18 10
99 19 5
99 20 3
99 21 7
99 22 -3
99 23 10
99 24 6
99 25 6
99 26 7
99 27 7
99 28 6
99 29 9
99 30 8
99 31 2
99 32 6
99 33 18
99 34 4
99 35 0
99 36 2
99 37 4
99 38 8
99 39 10
99 40 10
99 41 9
99 42 5
99 43 0
99 44 4
99 45 2
99 46 1
99 47 1
99 48 2
99 49 -3
99 50 13
99 51 7
99 52 -5
99 53 0
99 54 6
99 55 -7
99 56 9
99 57 -6
99 58 8
99 59 11
99 60 3
99 61 -1
99 62 8
99 63 2
99 64 6
99 65 2
99 66 1
99 67 2
99 68 0
99 69 0
99 70 4
99 71 9
99 72 0
99 73 2
99 74 6
99 75 6
99 76 3
99 77 16
99 78 6
99 79 5
99 80 5
99 81 2
99 82 1
99 83 0
99 84 0
99 85 13
99 86 1
99 87 1
99 88 6
99 89 -1
99 90 8
99 91 5
99 92 1
99 93 13
99 94 5
99 95 11
99 96 -2
99 97 -2
99 98 2
99 99 99
99 100 99
100 0 17
100 1 1
100 2 4
100 3 5
100 4 12
100 5 5
100 6 11
100 7 10
100 8 8
100 9 6
100 10 6
100 11 9
100 12 5
100 13 4
100 14 14
100 15 9
100 16 7
100 17 1
100 18 9
100 19 4
100 20 2
100 21 7
100 22 -3
100 23 9
100 24 5
100 25 5
100 26 6
100 27 7
100 28 6
100 29 8
100 30 7
100 31 0
100 32 5
100 33 17
100 34 3
100 35 -1
100 36 2
100 37 3
100 38 7
100 39 9
100 40 9
100 41 9
100 42 4
100 43 0
100 44 3
100 45 2
100 46 1
100 47 2
100 48 0
100 49 -3
100 50 14
100 51 6
100 52 -5
100 53 -1
100 54 5
100 55 -8
100 56 8
100 57 -7
100 58 6
100 59 11
100 60 2
100 61 -1
100 62 6
100 63 1
100 64 4
100 65 1
100 66 0
100 67 1
100 68 -1
100 69 0
100 70 3
100 71 8
100 72 0
100 73 1
100 74 6
100 75 6
100 76 1
100 77 15
100 78 6
100 79 4
100 80 5
100 81 1
100 82 0
100 83 0
100 84 -1
100 85 13
100 86 0
100 87 1
100 88 5
100 89 -2
100 90 7
100 91 4
100 92 0
100 93 12
100 94 5
100 95 11
100 96 -3
100 97 -3
100 98 1
100 99 99
100 100 99
