0 0 100
0 1 45
0 2 54
0 3 76
0 4 70
0 5 67
0 6 58
0 7 62
0 8 75
0 9 68
0 10 54
0 11 71
0 12 68
0 13 64
0 14 82
0 15 74
0 16 55
0 17 61
0 18 53
0 19 58
0 20 37
0 21 57
0 22 64
0 23 51
0 24 68
0 25 72
0 26 76
0 27 72
0 28 61
0 29 52
0 30 57
0 31 56
0 32 41
0 33 53
0 34 66
0 35 63
0 36 53
0 37 47
0 38 39
0 39 52
0 40 42
0 41 50
0 42 22
1 0 45
1 1 99
1 2 47
1 3 48
1 4 49
1 5 50
1 6 46
1 7 39
1 8 43
1 9 40
1 10 26
1 11 41
1 12 31
1 13 30
1 14 43
1 15 37
1 16 50
1 17 35
1 18 28
1 19 26
1 20 23
1 21 37
1 22 38
1 23 45
1 24 52
1 25 52
1 26 51
1 27 39
1 28 60
1 29 52
1 30 49
1 31 50
1 32 30
1 33 34
1 34 55
1 35 43
1 36 34
1 37 96
1 38 54
1 39 68
1 40 57
1 41 36
1 42 33
2 0 54
2 1 47
2 2 100
2 3 48
2 4 56
2 5 45
2 6 54
2 7 44
2 8 57
2 9 31
2 10 36
2 11 48
2 12 52
2 13 32
2 14 38
2 15 43
2 16 37
2 17 45
2 18 24
2 19 29
2 20 18
2 21 38
2 22 46
2 23 45
2 24 48
2 25 44
2 26 61
2 27 45
2 28 53
2 29 48
2 30 35
2 31 35
2 32 22
2 33 31
2 34 39
2 35 50
2 36 35
2 37 45
2 38 25
2 39 40
2 40 33
2 41 55
2 42 24
3 0 76
3 1 48
3 2 48
3 3 100
3 4 59
3 5 70
3 6 52
3 7 62
3 8 69
3 9 63
3 10 45
3 11 59
3 12 49
3 13 39
3 14 60
3 15 57
3 16 57
3 17 62
3 18 49
3 19 43
3 20 33
3 21 56
3 22 67
3 23 55
3 24 64
3 25 70
3 26 68
3 27 59
3 28 57
3 29 47
3 30 51
3 31 48
3 32 39
3 33 38
3 34 58
3 35 57
3 36 53
3 37 52
3 38 40
3 39 52
3 40 46
3 41 45
3 42 24
4 0 70
4 1 49
4 2 56
4 3 59
4 4 100
4 5 64
4 6 53
4 7 53
4 8 61
4 9 52
4 10 35
4 11 61
4 12 49
4 13 50
4 14 58
4 15 52
4 16 50
4 17 52
4 18 38
4 19 40
4 20 30
4 21 47
4 22 53
4 23 51
4 24 56
4 25 62
4 26 69
4 27 55
4 28 75
4 29 60
4 30 61
4 31 53
4 32 50
4 33 57
4 34 68
4 35 59
4 36 52
4 37 53
4 38 46
4 39 50
4 40 49
4 41 50
4 42 30
5 0 67
5 1 50
5 2 45
5 3 70
5 4 64
5 5 100
5 6 63
5 7 58
5 8 62
5 9 58
5 10 37
5 11 67
5 12 42
5 13 41
5 14 56
5 15 55
5 16 50
5 17 56
5 18 42
5 19 34
5 20 31
5 21 49
5 22 52
5 23 48
5 24 60
5 25 61
5 26 67
5 27 55
5 28 68
5 29 55
5 30 52
5 31 48
5 32 46
5 33 43
5 34 64
5 35 57
5 36 44
5 37 58
5 38 47
5 39 57
5 40 48
5 41 46
5 42 33
6 0 58
6 1 46
6 2 54
6 3 52
6 4 53
6 5 63
6 6 100
6 7 48
6 8 55
6 9 46
6 10 38
6 11 57
6 12 39
6 13 29
6 14 47
6 15 37
6 16 39
6 17 48
6 18 39
6 19 37
6 20 35
6 21 39
6 22 45
6 23 46
6 24 49
6 25 46
6 26 60
6 27 45
6 28 59
6 29 46
6 30 41
6 31 37
6 32 34
6 33 35
6 34 48
6 35 50
6 36 39
6 37 48
6 38 30
6 39 45
6 40 32
6 41 43
6 42 29
7 0 62
7 1 39
7 2 44
7 3 62
7 4 53
7 5 58
7 6 48
7 7 100
7 8 65
7 9 71
7 10 36
7 11 51
7 12 34
7 13 34
7 14 50
7 15 43
7 16 56
7 17 68
7 18 61
7 19 51
7 20 45
7 21 57
7 22 61
7 23 59
7 24 71
7 25 70
7 26 57
7 27 58
7 28 58
7 29 60
7 30 62
7 31 45
7 32 47
7 33 49
7 34 55
7 35 49
7 36 55
7 37 42
7 38 51
7 39 50
7 40 44
7 41 44
7 42 28
8 0 75
8 1 43
8 2 57
8 3 69
8 4 61
8 5 62
8 6 55
8 7 65
8 8 99
8 9 67
8 10 47
8 11 58
8 12 56
8 13 44
8 14 61
8 15 60
8 16 58
8 17 59
8 18 48
8 19 45
8 20 29
8 21 54
8 22 66
8 23 54
8 24 69
8 25 68
8 26 74
8 27 69
8 28 62
8 29 53
8 30 56
8 31 47
8 32 37
8 33 41
8 34 56
8 35 62
8 36 55
8 37 45
8 38 39
8 39 53
8 40 44
8 41 50
8 42 25
9 0 68
9 1 40
9 2 31
9 3 63
9 4 52
9 5 58
9 6 46
9 7 71
9 8 67
9 9 100
9 10 48
9 11 56
9 12 35
9 13 42
9 14 65
9 15 54
9 16 63
9 17 58
9 18 52
9 19 51
9 20 41
9 21 52
9 22 61
9 23 47
9 24 62
9 25 67
9 26 56
9 27 59
9 28 50
9 29 44
9 30 50
9 31 44
9 32 39
9 33 41
9 34 55
9 35 42
9 36 45
9 37 45
9 38 43
9 39 49
9 40 45
9 41 37
9 42 19
10 0 54
10 1 26
10 2 36
10 3 45
10 4 35
10 5 37
10 6 38
10 7 36
10 8 47
10 9 48
10 10 99
10 11 39
10 12 42
10 13 25
10 14 63
10 15 48
10 16 35
10 17 37
10 18 29
10 19 30
10 20 25
10 21 32
10 22 30
10 23 29
10 24 42
10 25 42
10 26 41
10 27 45
10 28 32
10 29 29
10 30 35
10 31 35
10 32 20
10 33 20
10 34 31
10 35 35
10 36 24
10 37 27
10 38 18
10 39 34
10 40 22
10 41 33
10 42 16
11 0 71
11 1 41
11 2 48
11 3 59
11 4 61
11 5 67
11 6 57
11 7 51
11 8 58
11 9 56
11 10 39
11 11 100
11 12 50
11 13 48
11 14 60
11 15 52
11 16 46
11 17 60
11 18 47
11 19 47
11 20 36
11 21 41
11 22 53
11 23 54
11 24 54
11 25 51
11 26 66
11 27 54
11 28 54
11 29 43
11 30 51
11 31 45
11 32 46
11 33 44
11 34 60
11 35 60
11 36 48
11 37 46
11 38 35
11 39 48
11 40 36
11 41 49
11 42 20
12 0 68
12 1 31
12 2 52
12 3 49
12 4 49
12 5 42
12 6 39
12 7 34
12 8 56
12 9 35
12 10 42
12 11 50
12 12 100
12 13 47
12 14 56
12 15 49
12 16 31
12 17 43
12 18 25
12 19 32
12 20 19
12 21 31
12 22 48
12 23 36
12 24 41
12 25 41
12 26 59
12 27 49
12 28 45
12 29 34
12 30 32
12 31 37
12 32 30
12 33 35
12 34 43
12 35 57
12 36 43
12 37 31
12 38 19
12 39 30
12 40 30
12 41 36
12 42 13
13 0 64
13 1 30
13 2 32
13 3 39
13 4 50
13 5 41
13 6 29
13 7 34
13 8 44
13 9 42
13 10 25
13 11 48
13 12 47
13 13 99
13 14 52
13 15 38
13 16 39
13 17 30
13 18 24
13 19 33
13 20 11
13 21 37
13 22 36
13 23 28
13 24 43
13 25 43
13 26 47
13 27 36
13 28 42
13 29 34
13 30 34
13 31 31
13 32 21
13 33 37
13 34 43
13 35 40
13 36 32
13 37 31
13 38 34
13 39 34
13 40 33
13 41 24
13 42 7
14 0 82
14 1 43
14 2 38
14 3 60
14 4 58
14 5 56
14 6 47
14 7 50
14 8 61
14 9 65
14 10 63
14 11 60
14 12 56
14 13 52
14 14 100
14 15 67
14 16 45
14 17 51
14 18 45
14 19 47
14 20 34
14 21 42
14 22 49
14 23 39
14 24 54
14 25 65
14 26 59
14 27 60
14 28 52
14 29 40
14 30 49
14 31 48
14 32 35
14 33 44
14 34 59
14 35 51
14 36 41
14 37 44
14 38 32
14 39 47
14 40 37
14 41 45
14 42 13
15 0 74
15 1 37
15 2 43
15 3 57
15 4 52
15 5 55
15 6 37
15 7 43
15 8 60
15 9 54
15 10 48
15 11 52
15 12 49
15 13 38
15 14 67
15 15 99
15 16 44
15 17 49
15 18 36
15 19 40
15 20 29
15 21 38
15 22 52
15 23 40
15 24 55
15 25 56
15 26 59
15 27 61
15 28 46
15 29 38
15 30 42
15 31 43
15 32 35
15 33 39
15 34 52
15 35 45
15 36 35
15 37 40
15 38 28
15 39 42
15 40 28
15 41 44
15 42 14
16 0 55
16 1 50
16 2 37
16 3 57
16 4 50
16 5 50
16 6 39
16 7 56
16 8 58
16 9 63
16 10 35
16 11 46
16 12 31
16 13 39
16 14 45
16 15 44
16 16 99
16 17 43
16 18 40
16 19 42
16 20 25
16 21 50
16 22 56
16 23 49
16 24 55
16 25 60
16 26 52
16 27 49
16 28 52
16 29 42
16 30 45
16 31 39
16 32 30
16 33 32
16 34 47
16 35 35
16 36 40
16 37 49
16 38 49
16 39 60
16 40 50
16 41 33
16 42 14
17 0 61
17 1 35
17 2 45
17 3 62
17 4 52
17 5 56
17 6 48
17 7 68
17 8 59
17 9 58
17 10 37
17 11 60
17 12 43
17 13 30
17 14 51
17 15 49
17 16 43
17 17 100
17 18 66
17 19 45
17 20 62
17 21 46
17 22 56
17 23 52
17 24 62
17 25 61
17 26 58
17 27 48
17 28 55
17 29 52
17 30 59
17 31 45
17 32 44
17 33 46
17 34 57
17 35 60
17 36 57
17 37 37
17 38 37
17 39 47
17 40 34
17 41 47
17 42 20
18 0 53
18 1 28
18 2 24
18 3 49
18 4 38
18 5 42
18 6 39
18 7 61
18 8 48
18 9 52
18 10 29
18 11 47
18 12 25
18 13 24
18 14 45
18 15 36
18 16 40
18 17 66
18 18 99
18 19 51
18 20 61
18 21 49
18 22 44
18 23 44
18 24 55
18 25 54
18 26 41
18 27 40
18 28 40
18 29 43
18 30 51
18 31 37
18 32 38
18 33 58
18 34 45
18 35 42
18 36 46
18 37 29
18 38 30
18 39 37
18 40 27
18 41 31
18 42 17
19 0 58
19 1 26
19 2 29
19 3 43
19 4 40
19 5 34
19 6 37
19 7 51
19 8 45
19 9 51
19 10 30
19 11 47
19 12 32
19 13 33
19 14 47
19 15 40
19 16 42
19 17 45
19 18 51
19 19 99
19 20 46
19 21 38
19 22 48
19 23 40
19 24 46
19 25 50
19 26 45
19 27 42
19 28 36
19 29 28
19 30 40
19 31 32
19 32 31
19 33 44
19 34 42
19 35 32
19 36 37
19 37 25
19 38 26
19 39 36
19 40 23
19 41 36
19 42 9
20 0 37
20 1 23
20 2 18
20 3 33
20 4 30
20 5 31
20 6 35
20 7 45
20 8 29
20 9 41
20 10 25
20 11 36
20 12 19
20 13 11
20 14 34
20 15 29
20 16 25
20 17 62
20 18 61
20 19 46
20 20 99
20 21 25
20 22 30
20 23 33
20 24 39
20 25 44
20 26 31
20 27 32
20 28 28
20 29 27
20 30 42
20 31 32
20 32 31
20 33 44
20 34 35
20 35 32
20 36 39
20 37 26
20 38 17
20 39 31
20 40 16
20 41 32
20 42 17
21 0 57
21 1 37
21 2 38
21 3 56
21 4 47
21 5 49
21 6 39
21 7 57
21 8 54
21 9 52
21 10 32
21 11 41
21 12 31
21 13 37
21 14 42
21 15 38
21 16 50
21 17 46
21 18 49
21 19 38
21 20 25
21 21 100
21 22 56
21 23 51
21 24 67
21 25 53
21 26 45
21 27 48
21 28 46
21 29 46
21 30 38
21 31 42
21 32 33
21 33 36
21 34 47
21 35 39
21 36 37
21 37 39
21 38 37
21 39 45
21 40 40
21 41 27
21 42 20
22 0 64
22 1 38
22 2 46
22 3 67
22 4 53
22 5 52
22 6 45
22 7 61
22 8 66
22 9 61
22 10 30
22 11 53
22 12 48
22 13 36
22 14 49
22 15 52
22 16 56
22 17 56
22 18 44
22 19 48
22 20 30
22 21 56
22 22 99
22 23 63
22 24 69
22 25 66
22 26 59
22 27 60
22 28 52
22 29 41
22 30 42
22 31 41
22 32 39
22 33 37
22 34 50
22 35 50
22 36 54
22 37 40
22 38 39
22 39 42
22 40 40
22 41 41
22 42 17
23 0 51
23 1 45
23 2 45
23 3 55
23 4 51
23 5 48
23 6 46
23 7 59
23 8 54
23 9 47
23 10 29
23 11 54
23 12 36
23 13 28
23 14 39
23 15 40
23 16 49
23 17 52
23 18 44
23 19 40
23 20 33
23 21 51
23 22 63
23 23 99
23 24 70
23 25 55
23 26 52
23 27 49
23 28 50
23 29 49
23 30 43
23 31 32
23 32 35
23 33 41
23 34 46
23 35 48
23 36 50
23 37 47
23 38 43
23 39 42
23 40 38
23 41 38
23 42 22
24 0 68
24 1 52
24 2 48
24 3 64
24 4 56
24 5 60
24 6 49
24 7 71
24 8 69
24 9 62
24 10 42
24 11 54
24 12 41
24 13 43
24 14 54
24 15 55
24 16 55
24 17 62
24 18 55
24 19 46
24 20 39
24 21 67
24 22 69
24 23 70
24 24 99
24 25 70
24 26 62
24 27 64
24 28 60
24 29 55
24 30 58
24 31 50
24 32 40
24 33 48
24 34 58
24 35 55
24 36 51
24 37 54
24 38 50
24 39 54
24 40 45
24 41 47
24 42 27
25 0 72
25 1 52
25 2 44
25 3 70
25 4 62
25 5 61
25 6 46
25 7 70
25 8 68
25 9 67
25 10 42
25 11 51
25 12 41
25 13 43
25 14 65
25 15 56
25 16 60
25 17 61
25 18 54
25 19 50
25 20 44
25 21 53
25 22 66
25 23 55
25 24 70
25 25 99
25 26 63
25 27 59
25 28 63
25 29 54
25 30 63
25 31 50
25 32 42
25 33 53
25 34 65
25 35 56
25 36 56
25 37 55
25 38 52
25 39 64
25 40 50
25 41 48
25 42 25
26 0 76
26 1 51
26 2 61
26 3 68
26 4 69
26 5 67
26 6 60
26 7 57
26 8 74
26 9 56
26 10 41
26 11 66
26 12 59
26 13 47
26 14 59
26 15 59
26 16 52
26 17 58
26 18 41
26 19 45
26 20 31
26 21 45
26 22 59
26 23 52
26 24 62
26 25 63
26 26 100
26 27 68
26 28 71
26 29 58
26 30 57
26 31 56
26 32 39
26 33 44
26 34 63
26 35 67
26 36 53
26 37 55
26 38 42
26 39 55
26 40 43
26 41 47
26 42 30
27 0 72
27 1 39
27 2 45
27 3 59
27 4 55
27 5 55
27 6 45
27 7 58
27 8 69
27 9 59
27 10 45
27 11 54
27 12 49
27 13 36
27 14 60
27 15 61
27 16 49
27 17 48
27 18 40
27 19 42
27 20 32
27 21 48
27 22 60
27 23 49
27 24 64
27 25 59
27 26 68
27 27 100
27 28 54
27 29 49
27 30 58
27 31 55
27 32 37
27 33 37
27 34 56
27 35 53
27 36 50
27 37 42
27 38 37
27 39 43
27 40 32
27 41 40
27 42 22
28 0 61
28 1 60
28 2 53
28 3 57
28 4 75
28 5 68
28 6 59
28 7 58
28 8 62
28 9 50
28 10 32
28 11 54
28 12 45
28 13 42
28 14 52
28 15 46
28 16 52
28 17 55
28 18 40
28 19 36
28 20 28
28 21 46
28 22 52
28 23 50
28 24 60
28 25 63
28 26 71
28 27 54
28 28 100
28 29 70
28 30 61
28 31 61
28 32 47
28 33 51
28 34 75
28 35 61
28 36 50
28 37 64
28 38 49
28 39 59
28 40 57
28 41 48
28 42 31
29 0 52
29 1 52
29 2 48
29 3 47
29 4 60
29 5 55
29 6 46
29 7 60
29 8 53
29 9 44
29 10 29
29 11 43
29 12 34
29 13 34
29 14 40
29 15 38
29 16 42
29 17 52
29 18 43
29 19 28
29 20 27
29 21 46
29 22 41
29 23 49
29 24 55
29 25 54
29 26 58
29 27 49
29 28 70
29 29 100
29 30 62
29 31 52
29 32 44
29 33 48
29 34 55
29 35 56
29 36 46
29 37 55
29 38 56
29 39 52
29 40 49
29 41 36
29 42 36
30 0 57
30 1 49
30 2 35
30 3 51
30 4 61
30 5 52
30 6 41
30 7 62
30 8 56
30 9 50
30 10 35
30 11 51
30 12 32
30 13 34
30 14 49
30 15 42
30 16 45
30 17 59
30 18 51
30 19 40
30 20 42
30 21 38
30 22 42
30 23 43
30 24 58
30 25 63
30 26 57
30 27 58
30 28 61
30 29 62
30 30 99
30 31 58
30 32 48
30 33 54
30 34 68
30 35 63
30 36 55
30 37 53
30 38 49
30 39 56
30 40 40
30 41 46
30 42 32
31 0 56
31 1 50
31 2 35
31 3 48
31 4 53
31 5 48
31 6 37
31 7 45
31 8 47
31 9 44
31 10 35
31 11 45
31 12 37
31 13 31
31 14 48
31 15 43
31 16 39
31 17 45
31 18 37
31 19 32
31 20 32
31 21 42
31 22 41
31 23 32
31 24 50
31 25 50
31 26 56
31 27 55
31 28 61
31 29 52
31 30 58
31 31 100
31 32 54
31 33 45
31 34 67
31 35 49
31 36 44
31 37 51
31 38 39
31 39 47
31 40 43
31 41 37
31 42 27
32 0 41
32 1 30
32 2 22
32 3 39
32 4 50
32 5 46
32 6 34
32 7 47
32 8 37
32 9 39
32 10 20
32 11 46
32 12 30
32 13 21
32 14 35
32 15 35
32 16 30
32 17 44
32 18 38
32 19 31
32 20 31
32 21 33
32 22 39
32 23 35
32 24 40
32 25 42
32 26 39
32 27 37
32 28 47
32 29 44
32 30 48
32 31 54
32 32 99
32 33 53
32 34 59
32 35 40
32 36 44
32 37 33
32 38 37
32 39 31
32 40 39
32 41 35
32 42 18
33 0 53
33 1 34
33 2 31
33 3 38
33 4 57
33 5 43
33 6 35
33 7 49
33 8 41
33 9 41
33 10 20
33 11 44
33 12 35
33 13 37
33 14 44
33 15 39
33 16 32
33 17 46
33 18 58
33 19 44
33 20 44
33 21 36
33 22 37
33 23 41
33 24 48
33 25 53
33 26 44
33 27 37
33 28 51
33 29 48
33 30 54
33 31 45
33 32 53
33 33 100
33 34 55
33 35 47
33 36 35
33 37 36
33 38 28
33 39 39
33 40 35
33 41 44
33 42 20
34 0 66
34 1 55
34 2 39
34 3 58
34 4 68
34 5 64
34 6 48
34 7 55
34 8 56
34 9 55
34 10 31
34 11 60
34 12 43
34 13 43
34 14 59
34 15 52
34 16 47
34 17 57
34 18 45
34 19 42
34 20 35
34 21 47
34 22 50
34 23 46
34 24 58
34 25 65
34 26 63
34 27 56
34 28 75
34 29 55
34 30 68
34 31 67
34 32 59
34 33 55
34 34 100
34 35 61
34 36 53
34 37 58
34 38 46
34 39 59
34 40 49
34 41 47
34 42 25
35 0 63
35 1 43
35 2 50
35 3 57
35 4 59
35 5 57
35 6 50
35 7 49
35 8 62
35 9 42
35 10 35
35 11 60
35 12 57
35 13 40
35 14 51
35 15 45
35 16 35
35 17 60
35 18 42
35 19 32
35 20 32
35 21 39
35 22 50
35 23 48
35 24 55
35 25 56
35 26 67
35 27 53
35 28 61
35 29 56
35 30 63
35 31 49
35 32 40
35 33 47
35 34 61
35 35 100
35 36 56
35 37 48
35 38 38
35 39 50
35 40 44
35 41 52
35 42 32
36 0 53
36 1 34
36 2 35
36 3 53
36 4 52
36 5 44
36 6 39
36 7 55
36 8 55
36 9 45
36 10 24
36 11 48
36 12 43
36 13 32
36 14 41
36 15 35
36 16 40
36 17 57
36 18 46
36 19 37
36 20 39
36 21 37
36 22 54
36 23 50
36 24 51
36 25 56
36 26 53
36 27 50
36 28 50
36 29 46
36 30 55
36 31 44
36 32 44
36 33 35
36 34 53
36 35 56
36 36 100
36 37 38
36 38 44
36 39 39
36 40 37
36 41 33
36 42 17
37 0 47
37 1 96
37 2 45
37 3 52
37 4 53
37 5 58
37 6 48
37 7 42
37 8 45
37 9 45
37 10 27
37 11 46
37 12 31
37 13 31
37 14 44
37 15 40
37 16 49
37 17 37
37 18 29
37 19 25
37 20 26
37 21 39
37 22 40
37 23 47
37 24 54
37 25 55
37 26 55
37 27 42
37 28 64
37 29 55
37 30 53
37 31 51
37 32 33
37 33 36
37 34 58
37 35 48
37 36 38
37 37 100
37 38 57
37 39 69
37 40 62
37 41 39
37 42 35
38 0 39
38 1 54
38 2 25
38 3 40
38 4 46
38 5 47
38 6 30
38 7 51
38 8 39
38 9 43
38 10 18
38 11 35
38 12 19
38 13 34
38 14 32
38 15 28
38 16 49
38 17 37
38 18 30
38 19 26
38 20 17
38 21 37
38 22 39
38 23 43
38 24 50
38 25 52
38 26 42
38 27 37
38 28 49
38 29 56
38 30 49
38 31 39
38 32 37
38 33 28
38 34 46
38 35 38
38 36 44
38 37 57
38 38 100
38 39 53
38 40 52
38 41 27
38 42 39
39 0 52
39 1 68
39 2 40
39 3 52
39 4 50
39 5 57
39 6 45
39 7 50
39 8 53
39 9 49
39 10 34
39 11 48
39 12 30
39 13 34
39 14 47
39 15 42
39 16 60
39 17 47
39 18 37
39 19 36
39 20 31
39 21 45
39 22 42
39 23 42
39 24 54
39 25 64
39 26 55
39 27 43
39 28 59
39 29 52
39 30 56
39 31 47
39 32 31
39 33 39
39 34 59
39 35 50
39 36 39
39 37 69
39 38 53
39 39 99
39 40 56
39 41 43
39 42 34
40 0 42
40 1 57
40 2 33
40 3 46
40 4 49
40 5 48
40 6 32
40 7 44
40 8 44
40 9 45
40 10 22
40 11 36
40 12 30
40 13 33
40 14 37
40 15 28
40 16 50
40 17 34
40 18 27
40 19 23
40 20 16
40 21 40
40 22 40
40 23 38
40 24 45
40 25 50
40 26 43
40 27 32
40 28 57
40 29 49
40 30 40
40 31 43
40 32 39
40 33 35
40 34 49
40 35 44
40 36 37
40 37 62
40 38 52
40 39 56
40 40 100
40 41 37
40 42 27
41 0 50
41 1 36
41 2 55
41 3 45
41 4 50
41 5 46
41 6 43
41 7 44
41 8 50
41 9 37
41 10 33
41 11 49
41 12 36
41 13 24
41 14 45
41 15 44
41 16 33
41 17 47
41 18 31
41 19 36
41 20 32
41 21 27
41 22 41
41 23 38
41 24 47
41 25 48
41 26 47
41 27 40
41 28 48
41 29 36
41 30 46
41 31 37
41 32 35
41 33 44
41 34 47
41 35 52
41 36 33
41 37 39
41 38 27
41 39 43
41 40 37
41 41 100
41 42 20
42 0 22
42 1 33
42 2 24
42 3 24
42 4 30
42 5 33
42 6 29
42 7 28
42 8 25
42 9 19
42 10 16
42 11 20
42 12 13
42 13 7
42 14 13
42 15 14
42 16 14
42 17 20
42 18 17
42 19 9
42 20 17
42 21 20
42 22 17
42 23 22
42 24 27
42 25 25
42 26 30
42 27 22
42 28 31
42 29 36
42 30 32
42 31 27
42 32 18
42 33 20
42 34 25
42 35 32
42 36 17
42 37 35
42 38 39
42 39 34
42 40 27
42 41 20
42 42 99
