0 0 100
0 1 44
0 2 58
0 3 34
0 4 57
0 5 45
0 6 59
0 7 46
0 8 48
0 9 29
0 10 45
0 11 50
0 12 33
0 13 33
0 14 46
0 15 42
0 16 38
0 17 23
0 18 15
0 19 26
0 20 32
0 21 39
0 22 84
0 23 48
0 24 37
0 25 16
0 26 57
0 27 40
0 28 37
0 29 29
0 30 48
0 31 43
0 32 38
0 33 28
0 34 28
0 35 46
0 36 36
0 37 37
0 38 46
0 39 45
0 40 31
0 41 41
0 42 39
0 43 40
0 44 32
0 45 48
0 46 45
0 47 58
0 48 42
0 49 46
0 50 45
0 51 29
0 52 45
0 53 40
0 54 44
0 55 37
0 56 41
0 57 27
0 58 40
0 59 41
0 60 48
0 61 30
0 62 31
0 63 46
0 64 26
0 65 37
0 66 40
0 67 39
0 68 35
0 72 27
0 73 47
0 74 45
0 75 49
0 76 23
0 77 29
0 78 46
0 79 41
0 80 29
0 81 45
0 82 42
0 83 49
0 84 44
0 88 39
0 89 32
0 90 33
0 91 54
0 92 46
0 93 42
0 94 32
0 95 43
0 96 40
0 100 43
0 101 43
0 102 35
0 103 57
0 104 31
0 105 51
0 106 37
0 107 50
0 108 33
0 109 31
0 110 36
0 111 41
1 0 44
1 1 99
1 2 69
1 3 53
1 4 59
1 5 48
1 6 52
1 7 47
1 8 51
1 9 44
1 10 36
1 11 46
1 12 50
1 13 48
1 14 54
1 15 40
1 16 37
1 17 36
1 18 16
1 19 29
1 20 43
1 21 36
1 22 50
1 23 98
1 24 53
1 25 20
1 26 69
1 27 62
1 28 61
1 29 51
1 30 65
1 31 54
1 32 58
1 33 43
1 34 51
1 35 65
1 36 48
1 37 55
1 38 59
1 39 66
1 40 60
1 41 66
1 42 67
1 43 53
1 44 52
1 45 60
1 46 64
1 47 52
1 48 56
1 49 52
1 50 56
1 51 49
1 52 58
1 53 60
1 54 57
1 55 48
1 56 42
1 57 43
1 58 50
1 59 55
1 60 57
1 61 43
1 62 45
1 63 47
1 64 50
1 65 57
1 66 58
1 67 49
1 68 45
1 72 52
1 73 53
1 74 63
1 75 61
1 76 38
1 77 49
1 78 50
1 79 51
1 80 23
1 81 41
1 82 69
1 83 50
1 84 52
1 88 35
1 89 29
1 90 57
1 91 62
1 92 61
1 93 63
1 94 43
1 95 53
1 96 55
1 100 52
1 101 63
1 102 21
1 103 47
1 104 44
1 105 53
1 106 40
1 107 40
1 108 36
1 109 26
1 110 31
1 111 40
2 0 58
2 1 69
2 2 99
2 3 52
2 4 56
2 5 51
2 6 56
2 7 43
2 8 55
2 9 45
2 10 39
2 11 52
2 12 44
2 13 47
2 14 51
2 15 40
2 16 34
2 17 30
2 18 20
2 19 30
2 20 38
2 21 35
2 22 60
2 23 69
2 24 46
2 25 20
2 26 99
2 27 56
2 28 55
2 29 45
2 30 67
2 31 59
2 32 56
2 33 44
2 34 48
2 35 64
2 36 43
2 37 48
2 38 58
2 39 64
2 40 50
2 41 66
2 42 65
2 43 54
2 44 53
2 45 59
2 46 69
2 47 59
2 48 53
2 49 58
2 50 58
2 51 50
2 52 54
2 53 60
2 54 55
2 55 50
2 56 45
2 57 36
2 58 53
2 59 57
2 60 62
2 61 41
2 62 39
2 63 63
2 64 43
2 65 52
2 66 55
2 67 54
2 68 37
2 72 50
2 73 53
2 74 62
2 75 67
2 76 36
2 77 41
2 78 63
2 79 48
2 80 28
2 81 35
2 82 67
2 83 70
2 84 57
2 88 50
2 89 39
2 90 64
2 91 63
2 92 65
2 93 64
2 94 42
2 95 56
2 96 54
2 100 52
2 101 65
2 102 25
2 103 50
2 104 41
2 105 51
2 106 37
2 107 42
2 108 33
2 109 27
2 110 31
2 111 37
3 0 34
3 1 53
3 2 52
3 3 100
3 4 39
3 5 32
3 6 31
3 7 32
3 8 34
3 9 27
3 10 25
3 11 30
3 12 26
3 13 27
3 14 32
3 15 25
3 16 31
3 17 19
3 18 19
3 19 13
3 20 24
3 21 31
3 22 33
3 23 55
3 24 40
3 25 13
3 26 52
3 27 55
3 28 46
3 29 41
3 30 54
3 31 36
3 32 49
3 33 27
3 34 40
3 35 85
3 36 48
3 37 46
3 38 61
3 39 56
3 40 49
3 41 50
3 42 60
3 43 33
3 44 40
3 45 48
3 46 58
3 47 43
3 48 50
3 49 38
3 50 48
3 51 41
3 52 37
3 53 43
3 54 51
3 55 34
3 56 19
3 57 18
3 58 53
3 59 56
3 60 41
3 61 44
3 62 38
3 63 36
3 64 43
3 65 49
3 66 45
3 67 36
3 68 39
3 72 31
3 73 40
3 74 46
3 75 47
3 76 38
3 77 31
3 78 34
3 79 33
3 80 22
3 81 34
3 82 61
3 83 41
3 84 36
3 88 33
3 89 20
3 90 37
3 91 42
3 92 61
3 93 48
3 94 48
3 95 58
3 96 44
3 100 39
3 101 42
3 102 30
3 103 52
3 104 30
3 105 38
3 106 31
3 107 19
3 108 25
3 109 13
3 110 20
3 111 26
4 0 57
4 1 59
4 2 56
4 3 39
4 4 100
4 5 65
4 6 67
4 7 67
4 8 61
4 9 44
4 10 55
4 11 55
4 12 49
4 13 62
4 14 60
4 15 57
4 16 53
4 17 42
4 18 22
4 19 38
4 20 50
4 21 47
4 22 62
4 23 60
4 24 54
4 25 23
4 26 55
4 27 48
4 28 65
4 29 47
4 30 63
4 31 57
4 32 57
4 33 45
4 34 45
4 35 50
4 36 44
4 37 49
4 38 49
4 39 54
4 40 43
4 41 60
4 42 53
4 43 53
4 44 54
4 45 66
4 46 50
4 47 70
4 48 51
4 49 57
4 50 66
4 51 39
4 52 58
4 53 56
4 54 63
4 55 54
4 56 50
4 57 51
4 58 49
4 59 49
4 60 51
4 61 56
4 62 55
4 63 47
4 64 41
4 65 58
4 66 59
4 67 56
4 68 48
4 72 59
4 73 54
4 74 57
4 75 63
4 76 30
4 77 51
4 78 50
4 79 54
4 80 30
4 81 54
4 82 55
4 83 55
4 84 47
4 88 39
4 89 44
4 90 46
4 91 62
4 92 52
4 93 51
4 94 41
4 95 53
4 96 58
4 100 63
4 101 61
4 102 25
4 103 49
4 104 50
4 105 54
4 106 54
4 107 52
4 108 44
4 109 49
4 110 51
4 111 58
5 0 45
5 1 48
5 2 51
5 3 32
5 4 65
5 5 99
5 6 70
5 7 54
5 8 61
5 9 38
5 10 63
5 11 59
5 12 53
5 13 55
5 14 67
5 15 59
5 16 51
5 17 38
5 18 24
5 19 28
5 20 39
5 21 35
5 22 44
5 23 48
5 24 35
5 25 17
5 26 50
5 27 40
5 28 55
5 29 35
5 30 49
5 31 48
5 32 47
5 33 36
5 34 35
5 35 44
5 36 39
5 37 36
5 38 37
5 39 39
5 40 33
5 41 36
5 42 40
5 43 33
5 44 46
5 45 49
5 46 39
5 47 49
5 48 38
5 49 40
5 50 49
5 51 34
5 52 42
5 53 44
5 54 44
5 55 41
5 56 40
5 57 35
5 58 34
5 59 33
5 60 37
5 61 35
5 62 36
5 63 37
5 64 36
5 65 42
5 66 46
5 67 39
5 68 39
5 72 49
5 73 45
5 74 45
5 75 59
5 76 23
5 77 47
5 78 41
5 79 50
5 80 24
5 81 46
5 82 40
5 83 47
5 84 37
5 88 30
5 89 33
5 90 33
5 91 50
5 92 37
5 93 41
5 94 35
5 95 39
5 96 50
5 100 44
5 101 50
5 102 18
5 103 44
5 104 51
5 105 49
5 106 53
5 107 49
5 108 38
5 109 37
5 110 48
5 111 47
6 0 59
6 1 52
6 2 56
6 3 31
6 4 67
6 5 70
6 6 99
6 7 66
6 8 59
6 9 39
6 10 64
6 11 64
6 12 54
6 13 55
6 14 61
6 15 55
6 16 56
6 17 36
6 18 20
6 19 28
6 20 39
6 21 41
6 22 57
6 23 55
6 24 45
6 25 16
6 26 56
6 27 36
6 28 50
6 29 37
6 30 52
6 31 56
6 32 48
6 33 35
6 34 36
6 35 42
6 36 34
6 37 44
6 38 37
6 39 45
6 40 35
6 41 47
6 42 40
6 43 42
6 44 46
6 45 53
6 46 45
6 47 55
6 48 44
6 49 54
6 50 54
6 51 35
6 52 48
6 53 54
6 54 48
6 55 46
6 56 42
6 57 36
6 58 42
6 59 40
6 60 43
6 61 37
6 62 36
6 63 48
6 64 38
6 65 50
6 66 54
6 67 39
6 68 40
6 72 51
6 73 46
6 74 50
6 75 69
6 76 28
6 77 46
6 78 49
6 79 52
6 80 28
6 81 48
6 82 48
6 83 52
6 84 45
6 88 31
6 89 35
6 90 34
6 91 59
6 92 39
6 93 44
6 94 34
6 95 44
6 96 52
6 100 49
6 101 61
6 102 27
6 103 56
6 104 47
6 105 53
6 106 50
6 107 58
6 108 43
6 109 41
6 110 48
6 111 52
7 0 46
7 1 47
7 2 43
7 3 32
7 4 67
7 5 54
7 6 66
7 7 99
7 8 49
7 9 36
7 10 49
7 11 46
7 12 40
7 13 49
7 14 56
7 15 55
7 16 57
7 17 37
7 18 15
7 19 26
7 20 37
7 21 52
7 22 50
7 23 51
7 24 48
7 25 13
7 26 42
7 27 32
7 28 49
7 29 34
7 30 45
7 31 44
7 32 38
7 33 32
7 34 40
7 35 38
7 36 34
7 37 46
7 38 36
7 39 44
7 40 36
7 41 51
7 42 37
7 43 41
7 44 43
7 45 52
7 46 36
7 47 53
7 48 47
7 49 47
7 50 54
7 51 28
7 52 47
7 53 42
7 54 45
7 55 40
7 56 39
7 57 41
7 58 36
7 59 33
7 60 38
7 61 42
7 62 44
7 63 33
7 64 31
7 65 55
7 66 45
7 67 41
7 68 38
7 72 43
7 73 39
7 74 44
7 75 57
7 76 24
7 77 35
7 78 37
7 79 36
7 80 27
7 81 46
7 82 43
7 83 41
7 84 31
7 88 29
7 89 34
7 90 35
7 91 50
7 92 33
7 93 34
7 94 30
7 95 45
7 96 50
7 100 56
7 101 52
7 102 25
7 103 47
7 104 49
7 105 45
7 106 47
7 107 41
7 108 43
7 109 34
7 110 42
7 111 50
8 0 48
8 1 51
8 2 55
8 3 34
8 4 61
8 5 61
8 6 59
8 7 49
8 8 99
8 9 52
8 10 59
8 11 69
8 12 57
8 13 46
8 14 65
8 15 66
8 16 49
8 17 58
8 18 24
8 19 35
8 20 43
8 21 27
8 22 56
8 23 50
8 24 45
8 25 22
8 26 55
8 27 40
8 28 55
8 29 45
8 30 54
8 31 55
8 32 50
8 33 47
8 34 49
8 35 50
8 36 39
8 37 37
8 38 47
8 39 54
8 40 42
8 41 51
8 42 46
8 43 55
8 44 50
8 45 51
8 46 51
8 47 51
8 48 40
8 49 53
8 50 49
8 51 43
8 52 59
8 53 51
8 54 53
8 55 57
8 56 51
8 57 45
8 58 43
8 59 42
8 60 41
8 61 39
8 62 40
8 63 46
8 64 42
8 65 48
8 66 46
8 67 52
8 68 37
8 72 49
8 73 39
8 74 49
8 75 61
8 76 31
8 77 49
8 78 49
8 79 46
8 80 32
8 81 42
8 82 48
8 83 51
8 84 47
8 88 34
8 89 33
8 90 45
8 91 55
8 92 46
8 93 46
8 94 39
8 95 42
8 96 39
8 100 48
8 101 62
8 102 18
8 103 43
8 104 53
8 105 53
8 106 50
8 107 47
8 108 49
8 109 41
8 110 48
8 111 47
9 0 29
9 1 44
9 2 45
9 3 27
9 4 44
9 5 38
9 6 39
9 7 36
9 8 52
9 9 100
9 10 31
9 11 52
9 12 44
9 13 43
9 14 48
9 15 38
9 16 26
9 17 48
9 18 32
9 19 48
9 20 54
9 21 28
9 22 38
9 23 43
9 24 55
9 25 24
9 26 46
9 27 25
9 28 54
9 29 33
9 30 48
9 31 41
9 32 40
9 33 51
9 34 63
9 35 40
9 36 31
9 37 34
9 38 39
9 39 43
9 40 37
9 41 43
9 42 44
9 43 67
9 44 48
9 45 40
9 46 40
9 47 46
9 48 32
9 49 51
9 50 48
9 51 40
9 52 59
9 53 52
9 54 54
9 55 66
9 56 48
9 57 55
9 58 46
9 59 38
9 60 33
9 61 37
9 62 44
9 63 37
9 64 27
9 65 41
9 66 32
9 67 46
9 68 28
9 72 40
9 73 28
9 74 37
9 75 50
9 76 37
9 77 51
9 78 47
9 79 32
9 80 27
9 81 38
9 82 40
9 83 38
9 84 40
9 88 32
9 89 37
9 90 41
9 91 40
9 92 36
9 93 43
9 94 26
9 95 34
9 96 31
9 100 38
9 101 46
9 102 16
9 103 25
9 104 38
9 105 36
9 106 29
9 107 22
9 108 27
9 109 29
9 110 18
9 111 28
10 0 45
10 1 36
10 2 39
10 3 25
10 4 55
10 5 63
10 6 64
10 7 49
10 8 59
10 9 31
10 10 99
10 11 64
10 12 46
10 13 47
10 14 60
10 15 55
10 16 67
10 17 32
10 18 14
10 19 21
10 20 29
10 21 24
10 22 42
10 23 38
10 24 29
10 25 11
10 26 39
10 27 21
10 28 38
10 29 27
10 30 38
10 31 58
10 32 40
10 33 28
10 34 27
10 35 37
10 36 24
10 37 30
10 38 25
10 39 30
10 40 23
10 41 32
10 42 28
10 43 28
10 44 30
10 45 41
10 46 31
10 47 36
10 48 30
10 49 35
10 50 36
10 51 28
10 52 39
10 53 39
10 54 35
10 55 32
10 56 34
10 57 24
10 58 28
10 59 26
10 60 27
10 61 30
10 62 29
10 63 30
10 64 30
10 65 34
10 66 35
10 67 25
10 68 24
10 72 35
10 73 34
10 74 38
10 75 50
10 76 21
10 77 28
10 78 28
10 79 45
10 80 9
10 81 30
10 82 35
10 83 35
10 84 35
10 88 12
10 89 22
10 90 18
10 91 47
10 92 30
10 93 26
10 94 21
10 95 31
10 96 45
10 100 38
10 101 55
10 102 20
10 103 51
10 104 48
10 105 56
10 106 57
10 107 60
10 108 55
10 109 35
10 110 64
10 111 58
11 0 50
11 1 46
11 2 52
11 3 30
11 4 55
11 5 59
11 6 64
11 7 46
11 8 69
11 9 52
11 10 64
11 11 99
11 12 59
11 13 52
11 14 65
11 15 63
11 16 55
11 17 38
11 18 21
11 19 34
11 20 40
11 21 25
11 22 56
11 23 46
11 24 45
11 25 22
11 26 53
11 27 34
11 28 53
11 29 40
11 30 46
11 31 58
11 32 47
11 33 47
11 34 46
11 35 48
11 36 31
11 37 36
11 38 38
11 39 48
11 40 31
11 41 46
11 42 41
11 43 51
11 44 43
11 45 44
11 46 50
11 47 52
11 48 42
11 49 53
11 50 46
11 51 41
11 52 59
11 53 55
11 54 55
11 55 56
11 56 50
11 57 41
11 58 42
11 59 38
11 60 35
11 61 40
11 62 41
11 63 42
11 64 37
11 65 46
11 66 38
11 67 37
11 68 31
11 72 43
11 73 39
11 74 48
11 75 55
11 76 30
11 77 42
11 78 48
11 79 48
11 80 27
11 81 37
11 82 42
11 83 49
11 84 45
11 88 24
11 89 27
11 90 31
11 91 52
11 92 41
11 93 39
11 94 25
11 95 35
11 96 39
11 100 46
11 101 57
11 102 22
11 103 43
11 104 56
11 105 59
11 106 57
11 107 54
11 108 47
11 109 42
11 110 46
11 111 46
12 0 33
12 1 50
12 2 44
12 3 26
12 4 49
12 5 53
12 6 54
12 7 40
12 8 57
12 9 44
12 10 46
12 11 59
12 12 100
12 13 46
12 14 55
12 15 52
12 16 45
12 17 42
12 18 15
12 19 31
12 20 32
12 21 26
12 22 41
12 23 49
12 24 36
12 25 15
12 26 46
12 27 37
12 28 50
12 29 42
12 30 44
12 31 41
12 32 41
12 33 42
12 34 51
12 35 38
12 36 33
12 37 32
12 38 37
12 39 43
12 40 32
12 41 43
12 42 41
12 43 46
12 44 44
12 45 40
12 46 49
12 47 38
12 48 42
12 49 48
12 50 43
12 51 41
12 52 53
12 53 50
12 54 46
12 55 44
12 56 40
12 57 37
12 58 38
12 59 36
12 60 29
12 61 33
12 62 35
12 63 33
12 64 39
12 65 43
12 66 43
12 67 39
12 68 28
12 72 45
12 73 42
12 74 44
12 75 50
12 76 39
12 77 54
12 78 44
12 79 44
12 80 21
12 81 39
12 82 42
12 83 43
12 84 36
12 88 28
12 89 29
12 90 32
12 91 50
12 92 39
12 93 40
12 94 38
12 95 31
12 96 40
12 100 39
12 101 47
12 102 13
12 103 33
12 104 46
12 105 39
12 106 34
12 107 36
12 108 37
12 109 30
12 110 32
12 111 34
13 0 33
13 1 48
13 2 47
13 3 27
13 4 62
13 5 55
13 6 55
13 7 49
13 8 46
13 9 43
13 10 47
13 11 52
13 12 46
13 13 100
13 14 58
13 15 48
13 16 43
13 17 38
13 18 21
13 19 38
13 20 42
13 21 38
13 22 37
13 23 48
13 24 46
13 25 22
13 26 46
13 27 35
13 28 53
13 29 36
13 30 57
13 31 49
13 32 46
13 33 35
13 34 40
13 35 40
13 36 28
13 37 34
13 38 31
13 39 41
13 40 35
13 41 42
13 42 48
13 43 43
13 44 42
13 45 48
13 46 41
13 47 49
13 48 34
13 49 47
13 50 57
13 51 33
13 52 46
13 53 49
13 54 49
13 55 48
13 56 43
13 57 43
13 58 44
13 59 40
13 60 40
13 61 37
13 62 37
13 63 34
13 64 25
13 65 42
13 66 43
13 67 36
13 68 31
13 72 55
13 73 43
13 74 44
13 75 53
13 76 34
13 77 43
13 78 42
13 79 39
13 80 19
13 81 36
13 82 38
13 83 39
13 84 44
13 88 25
13 89 29
13 90 40
13 91 45
13 92 38
13 93 37
13 94 33
13 95 47
13 96 52
13 100 38
13 101 51
13 102 20
13 103 35
13 104 43
13 105 43
13 106 41
13 107 42
13 108 28
13 109 35
13 110 31
13 111 43
14 0 46
14 1 54
14 2 51
14 3 32
14 4 60
14 5 67
14 6 61
14 7 56
14 8 65
14 9 48
14 10 60
14 11 65
14 12 55
14 13 58
14 14 99
14 15 65
14 16 56
14 17 45
14 18 25
14 19 30
14 20 42
14 21 41
14 22 50
14 23 53
14 24 43
14 25 17
14 26 51
14 27 38
14 28 57
14 29 40
14 30 48
14 31 54
14 32 46
14 33 37
14 34 43
14 35 49
14 36 34
14 37 35
14 38 40
14 39 47
14 40 43
14 41 45
14 42 43
14 43 40
14 44 48
14 45 49
14 46 44
14 47 53
14 48 42
14 49 47
14 50 48
14 51 34
14 52 49
14 53 52
14 54 49
14 55 52
14 56 45
14 57 44
14 58 39
14 59 37
14 60 38
14 61 35
14 62 40
14 63 38
14 64 35
14 65 42
14 66 48
14 67 47
14 68 39
14 72 50
14 73 44
14 74 50
14 75 55
14 76 29
14 77 42
14 78 41
14 79 47
14 80 27
14 81 43
14 82 42
14 83 40
14 84 42
14 88 25
14 89 26
14 90 34
14 91 51
14 92 40
14 93 39
14 94 35
14 95 41
14 96 52
14 100 44
14 101 61
14 102 18
14 103 42
14 104 57
14 105 55
14 106 54
14 107 50
14 108 42
14 109 35
14 110 48
14 111 46
15 0 42
15 1 40
15 2 40
15 3 25
15 4 57
15 5 59
15 6 55
15 7 55
15 8 66
15 9 38
15 10 55
15 11 63
15 12 52
15 13 48
15 14 65
15 15 100
15 16 56
15 17 40
15 18 12
15 19 28
15 20 35
15 21 35
15 22 47
15 23 40
15 24 35
15 25 20
15 26 40
15 27 32
15 28 47
15 29 35
15 30 39
15 31 41
15 32 41
15 33 35
15 34 44
15 35 34
15 36 31
15 37 30
15 38 32
15 39 40
15 40 30
15 41 36
15 42 32
15 43 39
15 44 36
15 45 42
15 46 38
15 47 50
15 48 37
15 49 42
15 50 40
15 51 25
15 52 44
15 53 37
15 54 44
15 55 41
15 56 41
15 57 35
15 58 31
15 59 32
15 60 28
15 61 37
15 62 38
15 63 34
15 64 36
15 65 44
15 66 33
15 67 42
15 68 31
15 72 42
15 73 38
15 74 45
15 75 53
15 76 22
15 77 36
15 78 31
15 79 39
15 80 28
15 81 39
15 82 40
15 83 37
15 84 36
15 88 27
15 89 23
15 90 27
15 91 47
15 92 33
15 93 30
15 94 30
15 95 36
15 96 37
15 100 45
15 101 51
15 102 15
15 103 40
15 104 53
15 105 50
15 106 52
15 107 49
15 108 43
15 109 39
15 110 48
15 111 55
16 0 38
16 1 37
16 2 34
16 3 31
16 4 53
16 5 51
16 6 56
16 7 57
16 8 49
16 9 26
16 10 67
16 11 55
16 12 45
16 13 43
16 14 56
16 15 56
16 16 99
16 17 30
16 18 18
16 19 19
16 20 31
16 21 27
16 22 37
16 23 39
16 24 34
16 25 12
16 26 34
16 27 26
16 28 39
16 29 29
16 30 33
16 31 43
16 32 35
16 33 17
16 34 24
16 35 33
16 36 30
16 37 35
16 38 28
16 39 34
16 40 22
16 41 34
16 42 29
16 43 25
16 44 32
16 45 36
16 46 32
16 47 38
16 48 34
16 49 31
16 50 37
16 51 21
16 52 37
16 53 33
16 54 38
16 55 29
16 56 31
16 57 23
16 58 26
16 59 29
16 60 22
16 61 42
16 62 38
16 63 23
16 64 31
16 65 38
16 66 35
16 67 24
16 68 32
16 72 32
16 73 38
16 74 39
16 75 43
16 76 23
16 77 27
16 78 24
16 79 41
16 80 20
16 81 36
16 82 34
16 83 29
16 84 28
16 88 21
16 89 19
16 90 19
16 91 45
16 92 29
16 93 28
16 94 23
16 95 33
16 96 36
16 100 40
16 101 50
16 102 23
16 103 44
16 104 46
16 105 53
16 106 56
16 107 50
16 108 47
16 109 30
16 110 51
16 111 49
17 0 23
17 1 36
17 2 30
17 3 19
17 4 42
17 5 38
17 6 36
17 7 37
17 8 58
17 9 48
17 10 32
17 11 38
17 12 42
17 13 38
17 14 45
17 15 40
17 16 30
17 17 99
17 18 39
17 19 46
17 20 45
17 21 30
17 22 32
17 23 35
17 24 48
17 25 18
17 26 31
17 27 24
17 28 45
17 29 32
17 30 40
17 31 35
17 32 38
17 33 33
17 34 44
17 35 28
17 36 26
17 37 28
17 38 32
17 39 44
17 40 37
17 41 38
17 42 38
17 43 54
17 44 43
17 45 32
17 46 36
17 47 36
17 48 26
17 49 37
17 50 39
17 51 34
17 52 55
17 53 36
17 54 43
17 55 56
17 56 41
17 57 61
17 58 38
17 59 29
17 60 31
17 61 30
17 62 30
17 63 30
17 64 29
17 65 34
17 66 33
17 67 45
17 68 38
17 72 48
17 73 31
17 74 38
17 75 44
17 76 32
17 77 45
17 78 36
17 79 36
17 80 29
17 81 41
17 82 28
17 83 30
17 84 34
17 88 28
17 89 27
17 90 33
17 91 39
17 92 24
17 93 28
17 94 23
17 95 30
17 96 26
17 100 28
17 101 41
17 102 16
17 103 24
17 104 32
17 105 36
17 106 32
17 107 19
17 108 33
17 109 25
17 110 30
17 111 28
18 0 15
18 1 16
18 2 20
18 3 19
18 4 22
18 5 24
18 6 20
18 7 15
18 8 24
18 9 32
18 10 14
18 11 21
18 12 15
18 13 21
18 14 25
18 15 12
18 16 18
18 17 39
18 18 99
18 19 44
18 20 29
18 21 25
18 22 18
18 23 15
18 24 35
18 25 17
18 26 20
18 27 16
18 28 21
18 29 16
18 30 28
18 31 16
18 32 24
18 33 18
18 34 16
18 35 21
18 36 19
18 37 24
18 38 27
18 39 25
18 40 31
18 41 20
18 42 27
18 43 34
18 44 19
18 45 19
18 46 24
18 47 20
18 48 15
18 49 24
18 50 28
18 51 21
18 52 27
18 53 20
18 54 32
18 55 40
18 56 24
18 57 37
18 58 32
18 59 24
18 60 18
18 61 22
18 62 17
18 63 12
18 64 15
18 65 27
18 66 28
18 67 22
18 68 30
18 72 22
18 73 13
18 74 20
18 75 25
18 76 22
18 77 24
18 78 27
18 79 20
18 80 15
18 81 22
18 82 16
18 83 20
18 84 20
18 88 27
18 89 18
18 90 16
18 91 16
18 92 13
18 93 22
18 94 9
18 95 25
18 96 13
18 100 10
18 101 21
18 102 15
18 103 9
18 104 16
18 105 24
18 106 13
18 107 9
18 108 9
18 109 16
18 110 12
18 111 12
19 0 26
19 1 29
19 2 30
19 3 13
19 4 38
19 5 28
19 6 28
19 7 26
19 8 35
19 9 48
19 10 21
19 11 34
19 12 31
19 13 38
19 14 30
19 15 28
19 16 19
19 17 46
19 18 44
19 19 100
19 20 40
19 21 22
19 22 36
19 23 28
19 24 46
19 25 22
19 26 31
19 27 16
19 28 40
19 29 19
19 30 38
19 31 22
19 32 34
19 33 32
19 34 33
19 35 18
19 36 16
19 37 25
19 38 26
19 39 33
19 40 27
19 41 28
19 42 34
19 43 54
19 44 30
19 45 28
19 46 26
19 47 37
19 48 22
19 49 38
19 50 38
19 51 35
19 52 48
19 53 33
19 54 47
19 55 55
19 56 47
19 57 75
19 58 36
19 59 31
19 60 27
19 61 24
19 62 28
19 63 21
19 64 17
19 65 32
19 66 28
19 67 27
19 68 20
19 72 37
19 73 23
19 74 29
19 75 36
19 76 34
19 77 42
19 78 32
19 79 26
19 80 14
19 81 28
19 82 24
19 83 29
19 84 33
19 88 26
19 89 35
19 90 27
19 91 29
19 92 27
19 93 28
19 94 17
19 95 30
19 96 22
19 100 33
19 101 28
19 102 15
19 103 14
19 104 23
19 105 28
19 106 21
19 107 15
19 108 22
19 109 34
19 110 18
19 111 23
20 0 32
20 1 43
20 2 38
20 3 24
20 4 50
20 5 39
20 6 39
20 7 37
20 8 43
20 9 54
20 10 29
20 11 40
20 12 32
20 13 42
20 14 42
20 15 35
20 16 31
20 17 45
20 18 29
20 19 40
20 20 99
20 21 28
20 22 36
20 23 42
20 24 57
20 25 22
20 26 38
20 27 32
20 28 51
20 29 39
20 30 41
20 31 29
20 32 44
20 33 39
20 34 41
20 35 32
20 36 32
20 37 30
20 38 33
20 39 39
20 40 25
20 41 37
20 42 36
20 43 54
20 44 49
20 45 41
20 46 36
20 47 48
20 48 31
20 49 41
20 50 43
20 51 35
20 52 53
20 53 43
20 54 51
20 55 57
20 56 44
20 57 51
20 58 42
20 59 33
20 60 32
20 61 38
20 62 51
20 63 38
20 64 26
20 65 46
20 66 46
20 67 48
20 68 45
20 72 45
20 73 33
20 74 37
20 75 43
20 76 32
20 77 57
20 78 37
20 79 50
20 80 39
20 81 45
20 82 30
20 83 33
20 84 39
20 88 37
20 89 36
20 90 41
20 91 43
20 92 29
20 93 40
20 94 23
20 95 34
20 96 31
20 100 38
20 101 39
20 102 14
20 103 19
20 104 29
20 105 33
20 106 27
20 107 21
20 108 29
20 109 28
20 110 22
20 111 26
21 0 39
21 1 36
21 2 35
21 3 31
21 4 47
21 5 35
21 6 41
21 7 52
21 8 27
21 9 28
21 10 24
21 11 25
21 12 26
21 13 38
21 14 41
21 15 35
21 16 27
21 17 30
21 18 25
21 19 22
21 20 28
21 21 99
21 22 33
21 23 40
21 24 41
21 25 22
21 26 36
21 27 34
21 28 39
21 29 26
21 30 36
21 31 31
21 32 37
21 33 18
21 34 35
21 35 33
21 36 27
21 37 43
21 38 36
21 39 36
21 40 45
21 41 34
21 42 42
21 43 33
21 44 35
21 45 38
21 46 32
21 47 42
21 48 35
21 49 29
21 50 44
21 51 25
21 52 32
21 53 34
21 54 36
21 55 32
21 56 38
21 57 37
21 58 38
21 59 31
21 60 38
21 61 38
21 62 32
21 63 25
21 64 24
21 65 41
21 66 41
21 67 42
21 68 44
21 72 38
21 73 41
21 74 39
21 75 38
21 76 23
21 77 27
21 78 34
21 79 32
21 80 19
21 81 47
21 82 40
21 83 32
21 84 28
21 88 18
21 89 20
21 90 24
21 91 35
21 92 34
21 93 30
21 94 29
21 95 38
21 96 42
21 100 31
21 101 37
21 102 29
21 103 39
21 104 36
21 105 45
21 106 34
21 107 29
21 108 28
21 109 27
21 110 32
21 111 41
22 0 84
22 1 50
22 2 60
22 3 33
22 4 62
22 5 44
22 6 57
22 7 50
22 8 56
22 9 38
22 10 42
22 11 56
22 12 41
22 13 37
22 14 50
22 15 47
22 16 37
22 17 32
22 18 18
22 19 36
22 20 36
22 21 33
22 22 100
22 23 50
22 24 43
22 25 16
22 26 60
22 27 44
22 28 48
22 29 33
22 30 52
22 31 45
22 32 42
22 33 41
22 34 43
22 35 45
22 36 34
22 37 35
22 38 53
22 39 49
22 40 37
22 41 51
22 42 44
22 43 52
22 44 39
22 45 55
22 46 52
22 47 66
22 48 43
22 49 58
22 50 49
22 51 40
22 52 54
22 53 50
22 54 52
22 55 52
22 56 45
22 57 43
22 58 44
22 59 49
22 60 52
22 61 34
22 62 41
22 63 47
22 64 29
22 65 42
22 66 46
22 67 47
22 68 23
22 72 34
22 73 39
22 74 47
22 75 51
22 76 29
22 77 39
22 78 53
22 79 38
22 80 29
22 81 36
22 82 41
22 83 57
22 84 47
22 88 41
22 89 39
22 90 42
22 91 54
22 92 48
22 93 51
22 94 32
22 95 42
22 96 35
22 100 56
22 101 47
22 102 21
22 103 38
22 104 34
22 105 47
22 106 37
22 107 44
22 108 40
22 109 33
22 110 34
22 111 45
23 0 48
23 1 98
23 2 69
23 3 55
23 4 60
23 5 48
23 6 55
23 7 51
23 8 50
23 9 43
23 10 38
23 11 46
23 12 49
23 13 48
23 14 53
23 15 40
23 16 39
23 17 35
23 18 15
23 19 28
23 20 42
23 21 40
23 22 50
23 23 100
23 24 56
23 25 21
23 26 69
23 27 61
23 28 61
23 29 50
23 30 67
23 31 55
23 32 59
23 33 42
23 34 50
23 35 66
23 36 49
23 37 58
23 38 58
23 39 65
23 40 60
23 41 67
23 42 66
23 43 53
23 44 52
23 45 60
23 46 63
23 47 53
23 48 57
23 49 51
23 50 59
23 51 47
23 52 58
23 53 59
23 54 58
23 55 47
23 56 42
23 57 43
23 58 52
23 59 55
23 60 56
23 61 45
23 62 44
23 63 48
23 64 51
23 65 60
23 66 59
23 67 48
23 68 47
23 72 52
23 73 54
23 74 63
23 75 63
23 76 38
23 77 47
23 78 49
23 79 51
23 80 24
23 81 44
23 82 71
23 83 50
23 84 52
23 88 35
23 89 29
23 90 55
23 91 63
23 92 61
23 93 63
23 94 42
23 95 56
23 96 57
23 100 52
23 101 64
23 102 28
23 103 54
23 104 44
23 105 54
23 106 41
23 107 41
23 108 36
23 109 25
23 110 32
23 111 41
24 0 37
24 1 53
24 2 46
24 3 40
24 4 54
24 5 35
24 6 45
24 7 48
24 8 45
24 9 55
24 10 29
24 11 45
24 12 36
24 13 46
24 14 43
24 15 35
24 16 34
24 17 48
24 18 35
24 19 46
24 20 57
24 21 41
24 22 43
24 23 56
24 24 100
24 25 30
24 26 47
24 27 38
24 28 57
24 29 45
24 30 60
24 31 35
24 32 55
24 33 41
24 34 43
24 35 50
24 36 38
24 37 49
24 38 49
24 39 58
24 40 36
24 41 54
24 42 59
24 43 69
24 44 55
24 45 47
24 46 48
24 47 55
24 48 43
24 49 53
24 50 61
24 51 43
24 52 70
24 53 55
24 54 67
24 55 65
24 56 51
24 57 62
24 58 64
24 59 49
24 60 44
24 61 50
24 62 49
24 63 38
24 64 35
24 65 62
24 66 47
24 67 47
24 68 42
24 72 48
24 73 38
24 74 47
24 75 49
24 76 48
24 77 52
24 78 43
24 79 41
24 80 30
24 81 44
24 82 46
24 83 43
24 84 49
24 88 36
24 89 39
24 90 37
24 91 45
24 92 42
24 93 48
24 94 28
24 95 56
24 96 31
24 100 46
24 101 51
24 102 39
24 103 35
24 104 33
24 105 39
24 106 32
24 107 23
24 108 30
24 109 29
24 110 22
24 111 31
25 0 16
25 1 20
25 2 20
25 3 13
25 4 23
25 5 17
25 6 16
25 7 13
25 8 22
25 9 24
25 10 11
25 11 22
25 12 15
25 13 22
25 14 17
25 15 20
25 16 12
25 17 18
25 18 17
25 19 22
25 20 22
25 21 22
25 22 16
25 23 21
25 24 30
25 25 99
25 26 20
25 27 19
25 28 22
25 29 13
25 30 32
25 31 14
25 32 30
25 33 18
25 34 18
25 35 19
25 36 20
25 37 25
25 38 18
25 39 26
25 40 20
25 41 21
25 42 39
25 43 38
25 44 14
25 45 21
25 46 22
25 47 20
25 48 25
25 49 21
25 50 38
25 51 23
25 52 28
25 53 18
25 54 45
25 55 24
25 56 25
25 57 25
25 58 49
25 59 31
25 60 17
25 61 28
25 62 14
25 63 12
25 64 16
25 65 31
25 66 17
25 67 17
25 68 16
25 72 23
25 73 23
25 74 21
25 75 20
25 76 25
25 77 17
25 78 16
25 79 16
25 80 10
25 81 18
25 82 26
25 83 16
25 84 40
25 88 9
25 89 15
25 90 10
25 91 18
25 92 35
25 93 22
25 94 13
25 95 34
25 96 22
25 100 24
25 101 26
25 102 41
25 103 18
25 104 18
25 105 27
25 106 23
25 107 19
25 108 13
25 109 9
25 110 13
25 111 21
26 0 57
26 1 69
26 2 99
26 3 52
26 4 55
26 5 50
26 6 56
26 7 42
26 8 55
26 9 46
26 10 39
26 11 53
26 12 46
26 13 46
26 14 51
26 15 40
26 16 34
26 17 31
26 18 20
26 19 31
26 20 38
26 21 36
26 22 60
26 23 69
26 24 47
26 25 20
26 26 99
26 27 56
26 28 56
26 29 46
26 30 67
26 31 58
26 32 57
26 33 46
26 34 50
26 35 64
26 36 42
26 37 48
26 38 58
26 39 64
26 40 51
26 41 67
26 42 66
26 43 55
26 44 54
26 45 59
26 46 70
26 47 59
26 48 53
26 49 58
26 50 58
26 51 53
26 52 56
26 53 63
26 54 55
26 55 51
26 56 45
26 57 37
26 58 54
26 59 58
26 60 63
26 61 42
26 62 39
26 63 62
26 64 45
26 65 53
26 66 54
26 67 54
26 68 37
26 72 50
26 73 54
26 74 63
26 75 67
26 76 39
26 77 41
26 78 65
26 79 49
26 80 28
26 81 35
26 82 68
26 83 71
26 84 58
26 88 50
26 89 40
26 90 64
26 91 62
26 92 65
26 93 64
26 94 43
26 95 56
26 96 53
26 100 53
26 101 66
26 102 25
26 103 49
26 104 42
26 105 52
26 106 38
26 107 41
26 108 35
26 109 26
26 110 31
26 111 37
27 0 40
27 1 62
27 2 56
27 3 55
27 4 48
27 5 40
27 6 36
27 7 32
27 8 40
27 9 25
27 10 21
27 11 34
27 12 37
27 13 35
27 14 38
27 15 32
27 16 26
27 17 24
27 18 16
27 19 16
27 20 32
27 21 34
27 22 44
27 23 61
27 24 38
27 25 19
27 26 56
27 27 100
27 28 53
27 29 53
27 30 53
27 31 41
27 32 53
27 33 30
27 34 38
27 35 59
27 36 49
27 37 46
27 38 60
27 39 52
27 40 51
27 41 50
27 42 55
27 43 37
27 44 43
27 45 51
27 46 51
27 47 45
27 48 53
27 49 32
27 50 47
27 51 47
27 52 42
27 53 48
27 54 43
27 55 37
27 56 31
27 57 27
27 58 45
27 59 52
27 60 50
27 61 44
27 62 45
27 63 45
27 64 48
27 65 45
27 66 52
27 67 51
27 68 40
27 72 35
27 73 52
27 74 56
27 75 42
27 76 35
27 77 39
27 78 41
27 79 40
27 80 31
27 81 46
27 82 53
27 83 44
27 84 41
27 88 38
27 89 27
27 90 50
27 91 51
27 92 57
27 93 58
27 94 49
27 95 53
27 96 45
27 100 38
27 101 44
27 102 21
27 103 33
27 104 32
27 105 40
27 106 29
27 107 27
27 108 26
27 109 22
27 110 27
27 111 32
28 0 37
28 1 61
28 2 55
28 3 46
28 4 65
28 5 55
28 6 50
28 7 49
28 8 55
28 9 54
28 10 38
28 11 53
28 12 50
28 13 53
28 14 57
28 15 47
28 16 39
28 17 45
28 18 21
28 19 40
28 20 51
28 21 39
28 22 48
28 23 61
28 24 57
28 25 22
28 26 56
28 27 53
28 28 100
28 29 58
28 30 59
28 31 46
28 32 57
28 33 48
28 34 56
28 35 59
28 36 52
28 37 51
28 38 56
28 39 61
28 40 50
28 41 65
28 42 59
28 43 60
28 44 75
28 45 60
28 46 62
28 47 69
28 48 54
28 49 59
28 50 62
28 51 45
28 52 71
28 53 59
28 54 62
28 55 62
28 56 47
28 57 58
28 58 50
28 59 51
28 60 50
28 61 55
28 62 68
28 63 43
28 64 44
28 65 58
28 66 53
28 67 58
28 68 46
28 72 57
28 73 46
28 74 54
28 75 57
28 76 29
28 77 53
28 78 44
28 79 47
28 80 34
28 81 52
28 82 53
28 83 56
28 84 44
28 88 43
28 89 39
28 90 46
28 91 58
28 92 59
28 93 50
28 94 51
28 95 51
28 96 53
28 100 64
28 101 53
28 102 19
28 103 39
28 104 45
28 105 46
28 106 44
28 107 38
28 108 33
28 109 37
28 110 32
28 111 45
29 0 29
29 1 51
29 2 45
29 3 41
29 4 47
29 5 35
29 6 37
29 7 34
29 8 45
29 9 33
29 10 27
29 11 40
29 12 42
29 13 36
29 14 40
29 15 35
29 16 29
29 17 32
29 18 16
29 19 19
29 20 39
29 21 26
29 22 33
29 23 50
29 24 45
29 25 13
29 26 46
29 27 53
29 28 58
29 29 100
29 30 46
29 31 37
29 32 50
29 33 36
29 34 39
29 35 52
29 36 41
29 37 39
29 38 47
29 39 51
29 40 40
29 41 51
29 42 44
29 43 43
29 44 44
29 45 48
29 46 53
29 47 45
29 48 53
29 49 40
29 50 41
29 51 45
29 52 56
29 53 53
29 54 48
29 55 43
29 56 32
29 57 36
29 58 44
29 59 48
29 60 39
29 61 51
29 62 46
29 63 42
29 64 51
29 65 50
29 66 48
29 67 44
29 68 44
29 72 36
29 73 42
29 74 46
29 75 45
29 76 32
29 77 39
29 78 39
29 79 49
29 80 36
29 81 42
29 82 52
29 83 41
29 84 34
29 88 29
29 89 28
29 90 35
29 91 46
29 92 54
29 93 45
29 94 33
29 95 39
29 96 33
29 100 40
29 101 43
29 102 16
29 103 29
29 104 38
29 105 33
29 106 30
29 107 26
29 108 33
29 109 19
29 110 28
29 111 28
30 0 48
30 1 65
30 2 67
30 3 54
30 4 63
30 5 49
30 6 52
30 7 45
30 8 54
30 9 48
30 10 38
30 11 46
30 12 44
30 13 57
30 14 48
30 15 39
30 16 33
30 17 40
30 18 28
30 19 38
30 20 41
30 21 36
30 22 52
30 23 67
30 24 60
30 25 32
30 26 67
30 27 53
30 28 59
30 29 46
30 30 99
30 31 56
30 32 67
30 33 47
30 34 49
30 35 64
30 36 47
30 37 55
30 38 58
30 39 60
30 40 55
30 41 62
30 42 74
30 43 63
30 44 53
30 45 62
30 46 63
30 47 57
30 48 49
30 49 62
30 50 68
30 51 48
30 52 63
30 53 57
30 54 65
30 55 60
30 56 48
30 57 47
30 58 62
30 59 60
30 60 54
30 61 48
30 62 43
30 63 50
30 64 45
30 65 62
30 66 56
30 67 48
30 68 42
30 72 53
30 73 50
30 74 55
30 75 64
30 76 50
30 77 51
30 78 52
30 79 45
30 80 27
30 81 41
30 82 65
30 83 57
30 84 60
30 88 43
30 89 41
30 90 52
30 91 53
30 92 63
30 93 62
30 94 43
30 95 69
30 96 54
30 100 48
30 101 65
30 102 37
30 103 50
30 104 41
30 105 49
30 106 35
30 107 33
30 108 34
30 109 25
30 110 31
30 111 37
31 0 43
31 1 54
31 2 59
31 3 36
31 4 57
31 5 48
31 6 56
31 7 44
31 8 55
31 9 41
31 10 58
31 11 58
31 12 41
31 13 49
31 14 54
31 15 41
31 16 43
31 17 35
31 18 16
31 19 22
31 20 29
31 21 31
31 22 45
31 23 55
31 24 35
31 25 14
31 26 58
31 27 41
31 28 46
31 29 37
31 30 56
31 31 100
31 32 56
31 33 35
31 34 40
31 35 51
31 36 31
31 37 39
31 38 41
31 39 46
31 40 46
31 41 55
31 42 50
31 43 41
31 44 41
31 45 50
31 46 49
31 47 48
31 48 37
31 49 50
31 50 50
31 51 43
31 52 49
31 53 57
31 54 43
31 55 43
31 56 43
31 57 28
31 58 39
31 59 41
31 60 42
31 61 32
31 62 32
31 63 48
31 64 35
31 65 40
31 66 47
31 67 38
31 68 30
31 72 46
31 73 40
31 74 47
31 75 59
31 76 31
31 77 36
31 78 42
31 79 46
31 80 17
31 81 28
31 82 52
31 83 43
31 84 51
31 88 20
31 89 19
31 90 34
31 91 52
31 92 47
31 93 41
31 94 35
31 95 44
31 96 57
31 100 38
31 101 69
31 102 20
31 103 54
31 104 45
31 105 57
31 106 46
31 107 50
31 108 45
31 109 27
31 110 50
31 111 49
32 0 38
32 1 58
32 2 56
32 3 49
32 4 57
32 5 47
32 6 48
32 7 38
32 8 50
32 9 40
32 10 40
32 11 47
32 12 41
32 13 46
32 14 46
32 15 41
32 16 35
32 17 38
32 18 24
32 19 34
32 20 44
32 21 37
32 22 42
32 23 59
32 24 55
32 25 30
32 26 57
32 27 53
32 28 57
32 29 50
32 30 67
32 31 56
32 32 100
32 33 50
32 34 42
32 35 58
32 36 48
32 37 50
32 38 51
32 39 53
32 40 47
32 41 57
32 42 63
32 43 54
32 44 49
32 45 53
32 46 56
32 47 49
32 48 45
32 49 50
32 50 58
32 51 57
32 52 55
32 53 63
32 54 62
32 55 47
32 56 40
32 57 42
32 58 59
32 59 56
32 60 44
32 61 54
32 62 44
32 63 47
32 64 51
32 65 59
32 66 56
32 67 46
32 68 41
32 72 55
32 73 49
32 74 53
32 75 66
32 76 47
32 77 48
32 78 43
32 79 55
32 80 27
32 81 46
32 82 59
32 83 47
32 84 61
32 88 37
32 89 36
32 90 42
32 91 53
32 92 55
32 93 52
32 94 48
32 95 63
32 96 53
32 100 50
32 101 58
32 102 38
32 103 45
32 104 41
32 105 46
32 106 41
32 107 36
32 108 38
32 109 32
32 110 32
32 111 41
33 0 28
33 1 43
33 2 44
33 3 27
33 4 45
33 5 36
33 6 35
33 7 32
33 8 47
33 9 51
33 10 28
33 11 47
33 12 42
33 13 35
33 14 37
33 15 35
33 16 17
33 17 33
33 18 18
33 19 32
33 20 39
33 21 18
33 22 41
33 23 42
33 24 41
33 25 18
33 26 46
33 27 30
33 28 48
33 29 36
33 30 47
33 31 35
33 32 50
33 33 99
33 34 44
33 35 41
33 36 28
33 37 27
33 38 36
33 39 40
33 40 32
33 41 42
33 42 39
33 43 61
33 44 41
33 45 42
33 46 48
33 47 46
33 48 37
33 49 46
33 50 41
33 51 46
33 52 53
33 53 54
33 54 48
33 55 49
33 56 42
33 57 41
33 58 37
33 59 36
33 60 35
33 61 28
33 62 34
33 63 39
33 64 32
33 65 41
33 66 39
33 67 33
33 68 22
33 72 34
33 73 25
33 74 36
33 75 44
33 76 33
33 77 45
33 78 42
33 79 30
33 80 20
33 81 33
33 82 38
33 83 40
33 84 34
33 88 28
33 89 43
33 90 39
33 91 41
33 92 38
33 93 42
33 94 27
33 95 34
33 96 32
33 100 40
33 101 43
33 102 18
33 103 24
33 104 34
33 105 27
33 106 21
33 107 22
33 108 30
33 109 27
33 110 19
33 111 27
34 0 28
34 1 51
34 2 48
34 3 40
34 4 45
34 5 35
34 6 36
34 7 40
34 8 49
34 9 63
34 10 27
34 11 46
34 12 51
34 13 40
34 14 43
34 15 44
34 16 24
34 17 44
34 18 16
34 19 33
34 20 41
34 21 35
34 22 43
34 23 50
34 24 43
34 25 18
34 26 50
34 27 38
34 28 56
34 29 39
34 30 49
34 31 40
34 32 42
34 33 44
34 34 100
34 35 47
34 36 34
34 37 32
34 38 47
34 39 50
34 40 47
34 41 56
34 42 51
34 43 55
34 44 57
34 45 44
34 46 51
34 47 44
34 48 39
34 49 51
34 50 45
34 51 47
34 52 56
34 53 50
34 54 48
34 55 51
34 56 41
34 57 47
34 58 43
34 59 39
34 60 46
34 61 39
34 62 47
34 63 43
34 64 43
34 65 47
34 66 42
34 67 60
34 68 24
34 72 43
34 73 36
34 74 49
34 75 54
34 76 41
34 77 46
34 78 50
34 79 32
34 80 25
34 81 36
34 82 48
34 83 53
34 84 41
34 88 34
34 89 32
34 90 51
34 91 42
34 92 47
34 93 45
34 94 41
34 95 36
34 96 34
34 100 46
34 101 46
34 102 11
34 103 21
34 104 31
34 105 35
34 106 30
34 107 24
34 108 38
34 109 31
34 110 18
34 111 30
35 0 46
35 1 65
35 2 64
35 3 85
35 4 50
35 5 44
35 6 42
35 7 38
35 8 50
35 9 40
35 10 37
35 11 48
35 12 38
35 13 40
35 14 49
35 15 34
35 16 33
35 17 28
35 18 21
35 19 18
35 20 32
35 21 33
35 22 45
35 23 66
35 24 50
35 25 19
35 26 64
35 27 59
35 28 59
35 29 52
35 30 64
35 31 51
35 32 58
35 33 41
35 34 47
35 35 100
35 36 55
35 37 49
35 38 66
35 39 69
35 40 51
35 41 63
35 42 70
35 43 49
35 44 55
35 45 60
35 46 69
35 47 57
35 48 57
35 49 56
35 50 58
35 51 48
35 52 54
35 53 61
35 54 63
35 55 48
35 56 34
35 57 32
35 58 55
35 59 58
35 60 48
35 61 48
35 62 45
35 63 46
35 64 45
35 65 54
35 66 53
35 67 44
35 68 42
35 72 46
35 73 49
35 74 57
35 75 56
35 76 41
35 77 39
35 78 46
35 79 43
35 80 26
35 81 37
35 82 67
35 83 48
35 84 50
35 88 33
35 89 24
35 90 40
35 91 55
35 92 64
35 93 53
35 94 51
35 95 61
35 96 53
35 100 49
35 101 58
35 102 32
35 103 61
35 104 43
35 105 49
35 106 40
35 107 31
35 108 31
35 109 19
35 110 28
35 111 35
36 0 36
36 1 48
36 2 43
36 3 48
36 4 44
36 5 39
36 6 34
36 7 34
36 8 39
36 9 31
36 10 24
36 11 31
36 12 33
36 13 28
36 14 34
36 15 31
36 16 30
36 17 26
36 18 19
36 19 16
36 20 32
36 21 27
36 22 34
36 23 49
36 24 38
36 25 20
36 26 42
36 27 49
36 28 52
36 29 41
36 30 47
36 31 31
36 32 48
36 33 28
36 34 34
36 35 55
36 36 100
36 37 49
36 38 52
36 39 49
36 40 39
36 41 43
36 42 42
36 43 37
36 44 47
36 45 50
36 46 43
36 47 47
36 48 43
36 49 36
36 50 44
36 51 37
36 52 43
36 53 39
36 54 45
36 55 36
36 56 30
36 57 26
36 58 39
36 59 45
36 60 26
36 61 45
36 62 48
36 63 36
36 64 43
36 65 48
36 66 43
36 67 38
36 68 40
36 72 31
36 73 42
36 74 43
36 75 43
36 76 23
36 77 37
36 78 32
36 79 37
36 80 29
36 81 47
36 82 47
36 83 36
36 84 32
36 88 43
36 89 29
36 90 29
36 91 47
36 92 47
36 93 40
36 94 48
36 95 42
36 96 39
36 100 42
36 101 34
36 102 27
36 103 44
36 104 35
36 105 37
36 106 32
36 107 28
36 108 29
36 109 14
36 110 30
36 111 28
37 0 37
37 1 55
37 2 48
37 3 46
37 4 49
37 5 36
37 6 44
37 7 46
37 8 37
37 9 34
37 10 30
37 11 36
37 12 32
37 13 34
37 14 35
37 15 30
37 16 35
37 17 28
37 18 24
37 19 25
37 20 30
37 21 43
37 22 35
37 23 58
37 24 49
37 25 25
37 26 48
37 27 46
37 28 51
37 29 39
37 30 55
37 31 39
37 32 50
37 33 27
37 34 32
37 35 49
37 36 49
37 37 100
37 38 45
37 39 51
37 40 47
37 41 57
37 42 54
37 43 40
37 44 46
37 45 47
37 46 41
37 47 41
37 48 50
37 49 40
37 50 53
37 51 29
37 52 46
37 53 37
37 54 50
37 55 41
37 56 36
37 57 34
37 58 48
37 59 45
37 60 39
37 61 47
37 62 39
37 63 36
37 64 44
37 65 61
37 66 45
37 67 38
37 68 41
37 72 44
37 73 41
37 74 47
37 75 47
37 76 30
37 77 35
37 78 38
37 79 38
37 80 27
37 81 50
37 82 57
37 83 38
37 84 47
37 88 30
37 89 27
37 90 39
37 91 50
37 92 50
37 93 51
37 94 33
37 95 47
37 96 46
37 100 45
37 101 47
37 102 41
37 103 47
37 104 35
37 105 46
37 106 38
37 107 41
37 108 23
37 109 26
37 110 29
37 111 39
38 0 46
38 1 59
38 2 58
38 3 61
38 4 49
38 5 37
38 6 37
38 7 36
38 8 47
38 9 39
38 10 25
38 11 38
38 12 37
38 13 31
38 14 40
38 15 32
38 16 28
38 17 32
38 18 27
38 19 26
38 20 33
38 21 36
38 22 53
38 23 58
38 24 49
38 25 18
38 26 58
38 27 60
38 28 56
38 29 47
38 30 58
38 31 41
38 32 51
38 33 36
38 34 47
38 35 66
38 36 52
38 37 45
38 38 100
38 39 70
38 40 62
38 41 59
38 42 64
38 43 49
38 44 53
38 45 56
38 46 62
38 47 54
38 48 53
38 49 52
38 50 52
38 51 46
38 52 52
38 53 49
38 54 60
38 55 49
38 56 32
38 57 38
38 58 53
38 59 59
38 60 45
38 61 40
38 62 41
38 63 39
38 64 41
38 65 49
38 66 55
38 67 56
38 68 35
38 72 38
38 73 50
38 74 61
38 75 50
38 76 36
38 77 37
38 78 47
38 79 35
38 80 26
38 81 41
38 82 57
38 83 51
38 84 39
38 88 45
38 89 30
38 90 46
38 91 52
38 92 67
38 93 56
38 94 54
38 95 57
38 96 42
38 100 45
38 101 49
38 102 20
38 103 34
38 104 32
38 105 42
38 106 31
38 107 30
38 108 29
38 109 22
38 110 23
38 111 36
39 0 45
39 1 66
39 2 64
39 3 56
39 4 54
39 5 39
39 6 45
39 7 44
39 8 54
39 9 43
39 10 30
39 11 48
39 12 43
39 13 41
39 14 47
39 15 40
39 16 34
39 17 44
39 18 25
39 19 33
39 20 39
39 21 36
39 22 49
39 23 65
39 24 58
39 25 26
39 26 64
39 27 52
39 28 61
39 29 51
39 30 60
39 31 46
39 32 53
39 33 40
39 34 50
39 35 69
39 36 49
39 37 51
39 38 70
39 39 100
39 40 53
39 41 72
39 42 71
39 43 64
39 44 60
39 45 61
39 46 70
39 47 59
39 48 61
39 49 67
39 50 62
39 51 44
39 52 64
39 53 55
39 54 67
39 55 53
39 56 42
39 57 47
39 58 56
39 59 58
39 60 54
39 61 52
39 62 43
39 63 49
39 64 47
39 65 58
39 66 52
39 67 57
39 68 48
39 72 41
39 73 56
39 74 63
39 75 58
39 76 36
39 77 41
39 78 49
39 79 43
39 80 30
39 81 42
39 82 67
39 83 51
39 84 50
39 88 39
39 89 27
39 90 45
39 91 65
39 92 66
39 93 52
39 94 49
39 95 55
39 96 44
39 100 52
39 101 58
39 102 23
39 103 47
39 104 43
39 105 54
39 106 38
39 107 34
39 108 34
39 109 23
39 110 33
39 111 36
40 0 31
40 1 60
40 2 50
40 3 49
40 4 43
40 5 33
40 6 35
40 7 36
40 8 42
40 9 37
40 10 23
40 11 31
40 12 32
40 13 35
40 14 43
40 15 30
40 16 22
40 17 37
40 18 31
40 19 27
40 20 25
40 21 45
40 22 37
40 23 60
40 24 36
40 25 20
40 26 51
40 27 51
40 28 50
40 29 40
40 30 55
40 31 46
40 32 47
40 33 32
40 34 47
40 35 51
40 36 39
40 37 47
40 38 62
40 39 53
40 40 99
40 41 55
40 42 59
40 43 47
40 44 43
40 45 49
40 46 51
40 47 43
40 48 47
40 49 40
40 50 48
40 51 45
40 52 38
40 53 45
40 54 43
40 55 37
40 56 38
40 57 36
40 58 48
40 59 53
40 60 53
40 61 37
40 62 37
40 63 36
40 64 47
40 65 50
40 66 50
40 67 46
40 68 33
40 72 39
40 73 42
40 74 49
40 75 51
40 76 36
40 77 33
40 78 43
40 79 29
40 80 21
40 81 37
40 82 55
40 83 43
40 84 42
40 88 28
40 89 23
40 90 46
40 91 40
40 92 57
40 93 46
40 94 48
40 95 54
40 96 50
40 100 41
40 101 55
40 102 19
40 103 32
40 104 37
40 105 42
40 106 32
40 107 34
40 108 29
40 109 22
40 110 25
40 111 36
41 0 41
41 1 66
41 2 66
41 3 50
41 4 60
41 5 36
41 6 47
41 7 51
41 8 51
41 9 43
41 10 32
41 11 46
41 12 43
41 13 42
41 14 45
41 15 36
41 16 34
41 17 38
41 18 20
41 19 28
41 20 37
41 21 34
41 22 51
41 23 67
41 24 54
41 25 21
41 26 67
41 27 50
41 28 65
41 29 51
41 30 62
41 31 55
41 32 57
41 33 42
41 34 56
41 35 63
41 36 43
41 37 57
41 38 59
41 39 72
41 40 55
41 41 100
41 42 69
41 43 61
41 44 66
41 45 63
41 46 65
41 47 62
41 48 59
41 49 66
41 50 65
41 51 49
41 52 66
41 53 61
41 54 62
41 55 55
41 56 38
41 57 46
41 58 53
41 59 54
41 60 60
41 61 51
41 62 51
41 63 47
41 64 49
41 65 64
41 66 57
41 67 58
41 68 39
41 72 53
41 73 45
41 74 58
41 75 63
41 76 37
41 77 44
41 78 54
41 79 44
41 80 28
41 81 40
41 82 69
41 83 62
41 84 50
41 88 41
41 89 35
41 90 57
41 91 59
41 92 61
41 93 59
41 94 46
41 95 53
41 96 50
41 100 63
41 101 63
41 102 26
41 103 43
41 104 40
41 105 46
41 106 42
41 107 36
41 108 33
41 109 31
41 110 28
41 111 43
42 0 39
42 1 67
42 2 65
42 3 60
42 4 53
42 5 40
42 6 40
42 7 37
42 8 46
42 9 44
42 10 28
42 11 41
42 12 41
42 13 48
42 14 43
42 15 32
42 16 29
42 17 38
42 18 27
42 19 34
42 20 36
42 21 42
42 22 44
42 23 66
42 24 59
42 25 39
42 26 66
42 27 55
42 28 59
42 29 44
42 30 74
42 31 50
42 32 63
42 33 39
42 34 51
42 35 70
42 36 42
42 37 54
42 38 64
42 39 71
42 40 59
42 41 69
42 42 100
42 43 63
42 44 57
42 45 59
42 46 68
42 47 54
42 48 51
42 49 61
42 50 67
42 51 49
42 52 58
42 53 57
42 54 66
42 55 53
42 56 43
42 57 45
42 58 65
42 59 61
42 60 56
42 61 51
42 62 43
42 63 43
42 64 45
42 65 60
42 66 51
42 67 54
42 68 40
42 72 51
42 73 52
42 74 60
42 75 56
42 76 53
42 77 43
42 78 53
42 79 40
42 80 23
42 81 38
42 82 65
42 83 52
42 84 58
42 88 38
42 89 32
42 90 50
42 91 51
42 92 64
42 93 57
42 94 50
42 95 67
42 96 53
42 100 48
42 101 65
42 102 39
42 103 45
42 104 42
42 105 50
42 106 38
42 107 32
42 108 27
42 109 27
42 110 25
42 111 39
43 0 40
43 1 53
43 2 54
43 3 33
43 4 53
43 5 33
43 6 42
43 7 41
43 8 55
43 9 67
43 10 28
43 11 51
43 12 46
43 13 43
43 14 40
43 15 39
43 16 25
43 17 54
43 18 34
43 19 54
43 20 54
43 21 33
43 22 52
43 23 53
43 24 69
43 25 38
43 26 55
43 27 37
43 28 60
43 29 43
43 30 63
43 31 41
43 32 54
43 33 61
43 34 55
43 35 49
43 36 37
43 37 40
43 38 49
43 39 64
43 40 47
43 41 61
43 42 63
43 43 100
43 44 55
43 45 53
43 46 58
43 47 58
43 48 47
43 49 65
43 50 61
43 51 46
43 52 77
43 53 57
43 54 65
43 55 69
43 56 58
43 57 66
43 58 56
43 59 51
43 60 44
43 61 51
43 62 50
43 63 44
43 64 35
43 65 57
43 66 44
43 67 53
43 68 35
43 72 50
43 73 36
43 74 48
43 75 55
43 76 45
43 77 54
43 78 48
43 79 36
43 80 25
43 81 41
43 82 50
43 83 50
43 84 58
43 88 38
43 89 48
43 90 42
43 91 52
43 92 49
43 93 43
43 94 30
43 95 51
43 96 34
43 100 54
43 101 58
43 102 30
43 103 34
43 104 41
43 105 44
43 106 32
43 107 25
43 108 31
43 109 33
43 110 24
43 111 35
44 0 32
44 1 52
44 2 53
44 3 40
44 4 54
44 5 46
44 6 46
44 7 43
44 8 50
44 9 48
44 10 30
44 11 43
44 12 44
44 13 42
44 14 48
44 15 36
44 16 32
44 17 43
44 18 19
44 19 30
44 20 49
44 21 35
44 22 39
44 23 52
44 24 55
44 25 14
44 26 54
44 27 43
44 28 75
44 29 44
44 30 53
44 31 41
44 32 49
44 33 41
44 34 57
44 35 55
44 36 47
44 37 46
44 38 53
44 39 60
44 40 43
44 41 66
44 42 57
44 43 55
44 44 100
44 45 51
44 46 58
44 47 55
44 48 39
44 49 54
44 50 53
44 51 39
44 52 59
44 53 57
44 54 51
44 55 52
44 56 38
44 57 49
44 58 43
44 59 37
44 60 52
44 61 44
44 62 54
44 63 51
44 64 37
44 65 53
44 66 47
44 67 56
44 68 34
44 72 53
44 73 43
44 74 53
44 75 57
44 76 31
44 77 49
44 78 47
44 79 38
44 80 31
44 81 44
44 82 49
44 83 53
44 84 48
44 88 37
44 89 36
44 90 52
44 91 47
44 92 50
44 93 48
44 94 45
44 95 48
44 96 43
44 100 52
44 101 54
44 102 14
44 103 30
44 104 33
44 105 41
44 106 34
44 107 31
44 108 25
44 109 34
44 110 23
44 111 35
45 0 48
45 1 60
45 2 59
45 3 48
45 4 66
45 5 49
45 6 53
45 7 52
45 8 51
45 9 40
45 10 41
45 11 44
45 12 40
45 13 48
45 14 49
45 15 42
45 16 36
45 17 32
45 18 19
45 19 28
45 20 41
45 21 38
45 22 55
45 23 60
45 24 47
45 25 21
45 26 59
45 27 51
45 28 60
45 29 48
45 30 62
45 31 50
45 32 53
45 33 42
45 34 44
45 35 60
45 36 50
45 37 47
45 38 56
45 39 61
45 40 49
45 41 63
45 42 59
45 43 53
45 44 51
45 45 100
45 46 56
45 47 66
45 48 73
45 49 59
45 50 64
45 51 37
45 52 54
45 53 57
45 54 62
45 55 44
45 56 37
45 57 43
45 58 46
45 59 56
45 60 49
45 61 52
45 62 59
45 63 44
45 64 39
45 65 60
45 66 65
45 67 54
45 68 37
45 72 49
45 73 48
45 74 50
45 75 58
45 76 39
45 77 42
45 78 47
45 79 43
45 80 28
45 81 42
45 82 53
45 83 56
45 84 45
45 88 43
45 89 34
45 90 48
45 91 62
45 92 58
45 93 48
45 94 48
45 95 57
45 96 58
45 100 65
45 101 54
45 102 26
45 103 55
45 104 53
45 105 52
45 106 44
45 107 42
45 108 40
45 109 31
45 110 42
45 111 52
46 0 45
46 1 64
46 2 69
46 3 58
46 4 50
46 5 39
46 6 45
46 7 36
46 8 51
46 9 40
46 10 31
46 11 50
46 12 49
46 13 41
46 14 44
46 15 38
46 16 32
46 17 36
46 18 24
46 19 26
46 20 36
46 21 32
46 22 52
46 23 63
46 24 48
46 25 22
46 26 70
46 27 51
46 28 62
46 29 53
46 30 63
46 31 49
46 32 56
46 33 48
46 34 51
46 35 69
46 36 43
46 37 41
46 38 62
46 39 70
46 40 51
46 41 65
46 42 68
46 43 58
46 44 58
46 45 56
46 46 99
46 47 57
46 48 54
46 49 65
46 50 57
46 51 60
46 52 63
46 53 69
46 54 62
46 55 54
46 56 36
46 57 37
46 58 56
46 59 61
46 60 58
46 61 43
46 62 42
46 63 55
46 64 40
46 65 55
46 66 50
46 67 49
46 68 38
46 72 45
46 73 48
46 74 58
46 75 60
46 76 42
46 77 38
46 78 56
46 79 45
46 80 24
46 81 31
46 82 67
46 83 60
46 84 52
46 88 39
46 89 28
46 90 51
46 91 56
46 92 69
46 93 55
46 94 46
46 95 52
46 96 41
46 100 52
46 101 58
46 102 20
46 103 43
46 104 39
46 105 45
46 106 35
46 107 29
46 108 32
46 109 18
46 110 23
46 111 32
47 0 58
47 1 52
47 2 59
47 3 43
47 4 70
47 5 49
47 6 55
47 7 53
47 8 51
47 9 46
47 10 36
47 11 52
47 12 38
47 13 49
47 14 53
47 15 50
47 16 38
47 17 36
47 18 20
47 19 37
47 20 48
47 21 42
47 22 66
47 23 53
47 24 55
47 25 20
47 26 59
47 27 45
47 28 69
47 29 45
47 30 57
47 31 48
47 32 49
47 33 46
47 34 44
47 35 57
47 36 47
47 37 41
47 38 54
47 39 59
47 40 43
47 41 62
47 42 54
47 43 58
47 44 55
47 45 66
47 46 57
47 47 100
47 48 57
47 49 66
47 50 62
47 51 40
47 52 63
47 53 56
47 54 65
47 55 60
47 56 47
47 57 49
47 58 48
47 59 55
47 60 50
47 61 47
47 62 60
47 63 51
47 64 30
47 65 54
47 66 54
47 67 56
47 68 48
47 72 48
47 73 49
47 74 54
47 75 59
47 76 32
47 77 46
47 78 50
47 79 43
47 80 32
47 81 42
47 82 48
47 83 54
47 84 44
47 88 46
47 89 41
47 90 42
47 91 64
47 92 54
47 93 49
47 94 42
47 95 54
47 96 49
47 100 67
47 101 51
47 102 25
47 103 47
47 104 47
47 105 48
47 106 43
47 107 39
47 108 37
47 109 32
47 110 36
47 111 50
48 0 42
48 1 56
48 2 53
48 3 50
48 4 51
48 5 38
48 6 44
48 7 47
48 8 40
48 9 32
48 10 30
48 11 42
48 12 42
48 13 34
48 14 42
48 15 37
48 16 34
48 17 26
48 18 15
48 19 22
48 20 31
48 21 35
48 22 43
48 23 57
48 24 43
48 25 25
48 26 53
48 27 53
48 28 54
48 29 53
48 30 49
48 31 37
48 32 45
48 33 37
48 34 39
48 35 57
48 36 43
48 37 50
48 38 53
48 39 61
48 40 47
48 41 59
48 42 51
48 43 47
48 44 39
48 45 73
48 46 54
48 47 57
48 48 100
48 49 53
48 50 60
48 51 38
48 52 48
48 53 48
48 54 56
48 55 39
48 56 36
48 57 32
48 58 44
48 59 49
48 60 48
48 61 49
48 62 51
48 63 36
48 64 41
48 65 56
48 66 56
48 67 47
48 68 39
48 72 40
48 73 49
48 74 49
48 75 50
48 76 39
48 77 37
48 78 45
48 79 38
48 80 26
48 81 42
48 82 54
48 83 51
48 84 38
48 88 36
48 89 32
48 90 39
48 91 57
48 92 56
48 93 44
48 94 43
48 95 50
48 96 51
48 100 62
48 101 49
48 102 32
48 103 47
48 104 47
48 105 45
48 106 40
48 107 33
48 108 38
48 109 21
48 110 34
48 111 40
49 0 46
49 1 52
49 2 58
49 3 38
49 4 57
49 5 40
49 6 54
49 7 47
49 8 53
49 9 51
49 10 35
49 11 53
49 12 48
49 13 47
49 14 47
49 15 42
49 16 31
49 17 37
49 18 24
49 19 38
49 20 41
49 21 29
49 22 58
49 23 51
49 24 53
49 25 21
49 26 58
49 27 32
49 28 59
49 29 40
49 30 62
49 31 50
49 32 50
49 33 46
49 34 51
49 35 56
49 36 36
49 37 40
49 38 52
49 39 67
49 40 40
49 41 66
49 42 61
49 43 65
49 44 54
49 45 59
49 46 65
49 47 66
49 48 53
49 49 99
49 50 65
49 51 44
49 52 63
49 53 60
49 54 63
49 55 61
49 56 45
49 57 47
49 58 51
49 59 54
49 60 49
49 61 39
49 62 45
49 63 46
49 64 29
49 65 52
49 66 47
49 67 47
49 68 34
49 72 46
49 73 39
49 74 47
49 75 58
49 76 36
49 77 38
49 78 52
49 79 39
49 80 25
49 81 29
49 82 51
49 83 57
49 84 48
49 88 43
49 89 41
49 90 42
49 91 55
49 92 52
49 93 46
49 94 38
49 95 46
49 96 42
49 100 56
49 101 58
49 102 22
49 103 40
49 104 43
49 105 40
49 106 34
49 107 34
49 108 28
49 109 26
49 110 23
49 111 38
50 0 45
50 1 56
50 2 58
50 3 48
50 4 66
50 5 49
50 6 54
50 7 54
50 8 49
50 9 48
50 10 36
50 11 46
50 12 43
50 13 57
50 14 48
50 15 40
50 16 37
50 17 39
50 18 28
50 19 38
50 20 43
50 21 44
50 22 49
50 23 59
50 24 61
50 25 38
50 26 58
50 27 47
50 28 62
50 29 41
50 30 68
50 31 50
50 32 58
50 33 41
50 34 45
50 35 58
50 36 44
50 37 53
50 38 52
50 39 62
50 40 48
50 41 65
50 42 67
50 43 61
50 44 53
50 45 64
50 46 57
50 47 62
50 48 60
50 49 65
50 50 99
50 51 41
50 52 55
50 53 53
50 54 66
50 55 54
50 56 48
50 57 50
50 58 63
50 59 56
50 60 55
50 61 51
50 62 48
50 63 39
50 64 35
50 65 57
50 66 53
50 67 56
50 68 43
50 72 54
50 73 50
50 74 49
50 75 59
50 76 42
50 77 50
50 78 47
50 79 40
50 80 29
50 81 42
50 82 57
50 83 50
50 84 50
50 88 38
50 89 39
50 90 44
50 91 58
50 92 54
50 93 50
50 94 45
50 95 64
50 96 55
50 100 55
50 101 58
50 102 43
50 103 48
50 104 44
50 105 47
50 106 42
50 107 35
50 108 31
50 109 30
50 110 31
50 111 42
51 0 29
51 1 49
51 2 50
51 3 41
51 4 39
51 5 34
51 6 35
51 7 28
51 8 43
51 9 40
51 10 28
51 11 41
51 12 41
51 13 33
51 14 34
51 15 25
51 16 21
51 17 34
51 18 21
51 19 35
51 20 35
51 21 25
51 22 40
51 23 47
51 24 43
51 25 23
51 26 53
51 27 47
51 28 45
51 29 45
51 30 48
51 31 43
51 32 57
51 33 46
51 34 47
51 35 48
51 36 37
51 37 29
51 38 46
51 39 44
51 40 45
51 41 49
51 42 49
51 43 46
51 44 39
51 45 37
51 46 60
51 47 40
51 48 38
51 49 44
51 50 41
51 51 100
51 52 51
51 53 69
51 54 48
51 55 47
51 56 33
51 57 37
51 58 46
51 59 45
51 60 44
51 61 33
51 62 38
51 63 41
51 64 46
51 65 45
51 66 43
51 67 38
51 68 25
51 72 41
51 73 35
51 74 47
51 75 52
51 76 47
51 77 36
51 78 59
51 79 44
51 80 22
51 81 28
51 82 49
51 83 50
51 84 39
51 88 36
51 89 37
51 90 44
51 91 42
51 92 50
51 93 52
51 94 40
51 95 40
51 96 32
51 100 39
51 101 42
51 102 19
51 103 22
51 104 30
51 105 32
51 106 32
51 107 22
51 108 39
51 109 19
51 110 17
51 111 20
52 0 45
52 1 58
52 2 54
52 3 37
52 4 58
52 5 42
52 6 48
52 7 47
52 8 59
52 9 59
52 10 39
52 11 59
52 12 53
52 13 46
52 14 49
52 15 44
52 16 37
52 17 55
52 18 27
52 19 48
52 20 53
52 21 32
52 22 54
52 23 58
52 24 70
52 25 28
52 26 56
52 27 42
52 28 71
52 29 56
52 30 63
52 31 49
52 32 55
52 33 53
52 34 56
52 35 54
52 36 43
52 37 46
52 38 52
52 39 64
52 40 38
52 41 66
52 42 58
52 43 77
52 44 59
52 45 54
52 46 63
52 47 63
52 48 48
52 49 63
52 50 55
52 51 51
52 52 100
52 53 59
52 54 70
52 55 74
52 56 49
52 57 62
52 58 54
52 59 53
52 60 43
52 61 50
52 62 52
52 63 45
52 64 45
52 65 61
52 66 51
52 67 52
52 68 44
52 72 50
52 73 45
52 74 56
52 75 57
52 76 41
52 77 54
52 78 49
52 79 50
52 80 31
52 81 44
52 82 57
52 83 51
52 84 52
52 88 41
52 89 45
52 90 41
52 91 55
52 92 55
52 93 52
52 94 31
52 95 46
52 96 35
52 100 54
52 101 56
52 102 24
52 103 40
52 104 41
52 105 45
52 106 39
52 107 33
52 108 37
52 109 37
52 110 26
52 111 37
53 0 40
53 1 60
53 2 60
53 3 43
53 4 56
53 5 44
53 6 54
53 7 42
53 8 51
53 9 52
53 10 39
53 11 55
53 12 50
53 13 49
53 14 52
53 15 37
53 16 33
53 17 36
53 18 20
53 19 33
53 20 43
53 21 34
53 22 50
53 23 59
53 24 55
53 25 18
53 26 63
53 27 48
53 28 59
53 29 53
53 30 57
53 31 57
53 32 63
53 33 54
53 34 50
53 35 61
53 36 39
53 37 37
53 38 49
53 39 55
53 40 45
53 41 61
53 42 57
53 43 57
53 44 57
53 45 57
53 46 69
53 47 56
53 48 48
53 49 60
53 50 53
53 51 69
53 52 59
53 53 100
53 54 62
53 55 55
53 56 38
53 57 46
53 58 50
53 59 49
53 60 50
53 61 47
53 62 48
53 63 51
53 64 44
53 65 53
53 66 59
53 67 48
53 68 35
53 72 53
53 73 43
53 74 57
53 75 61
53 76 53
53 77 44
53 78 57
53 79 53
53 80 22
53 81 40
53 82 57
53 83 57
53 84 48
53 88 32
53 89 32
53 90 49
53 91 54
53 92 51
53 93 54
53 94 42
53 95 47
53 96 44
53 100 53
53 101 62
53 102 25
53 103 39
53 104 47
53 105 44
53 106 42
53 107 37
53 108 36
53 109 27
53 110 25
53 111 36
54 0 44
54 1 57
54 2 55
54 3 51
54 4 63
54 5 44
54 6 48
54 7 45
54 8 53
54 9 54
54 10 35
54 11 55
54 12 46
54 13 49
54 14 49
54 15 44
54 16 38
54 17 43
54 18 32
54 19 47
54 20 51
54 21 36
54 22 52
54 23 58
54 24 67
54 25 45
54 26 55
54 27 43
54 28 62
54 29 48
54 30 65
54 31 43
54 32 62
54 33 48
54 34 48
54 35 63
54 36 45
54 37 50
54 38 60
54 39 67
54 40 43
54 41 62
54 42 66
54 43 65
54 44 51
54 45 62
54 46 62
54 47 65
54 48 56
54 49 63
54 50 66
54 51 48
54 52 70
54 53 62
54 54 100
54 55 65
54 56 45
54 57 59
54 58 66
54 59 63
54 60 41
54 61 59
54 62 51
54 63 42
54 64 46
54 65 65
54 66 54
54 67 49
54 68 45
54 72 50
54 73 48
54 74 54
54 75 55
54 76 48
54 77 51
54 78 52
54 79 48
54 80 29
54 81 43
54 82 57
54 83 45
54 84 54
54 88 38
54 89 36
54 90 40
54 91 57
54 92 58
54 93 53
54 94 39
54 95 63
54 96 43
54 100 57
54 101 57
54 102 39
54 103 47
54 104 45
54 105 50
54 106 42
54 107 34
54 108 37
54 109 33
54 110 28
54 111 40
55 0 37
55 1 48
55 2 50
55 3 34
55 4 54
55 5 41
55 6 46
55 7 40
55 8 57
55 9 66
55 10 32
55 11 56
55 12 44
55 13 48
55 14 52
55 15 41
55 16 29
55 17 56
55 18 40
55 19 55
55 20 57
55 21 32
55 22 52
55 23 47
55 24 65
55 25 24
55 26 51
55 27 37
55 28 62
55 29 43
55 30 60
55 31 43
55 32 47
55 33 49
55 34 51
55 35 48
55 36 36
55 37 41
55 38 49
55 39 53
55 40 37
55 41 55
55 42 53
55 43 69
55 44 52
55 45 44
55 46 54
55 47 60
55 48 39
55 49 61
55 50 54
55 51 47
55 52 74
55 53 55
55 54 65
55 55 100
55 56 59
55 57 64
55 58 53
55 59 47
55 60 38
55 61 40
55 62 51
55 63 42
55 64 34
55 65 50
55 66 43
55 67 51
55 68 42
55 72 51
55 73 36
55 74 53
55 75 51
55 76 38
55 77 57
55 78 57
55 79 43
55 80 36
55 81 43
55 82 44
55 83 43
55 84 49
55 88 39
55 89 41
55 90 43
55 91 46
55 92 43
55 93 49
55 94 30
55 95 41
55 96 30
55 100 47
55 101 49
55 102 16
55 103 28
55 104 35
55 105 43
55 106 33
55 107 23
55 108 31
55 109 33
55 110 22
55 111 32
56 0 41
56 1 42
56 2 45
56 3 19
56 4 50
56 5 40
56 6 42
56 7 39
56 8 51
56 9 48
56 10 34
56 11 50
56 12 40
56 13 43
56 14 45
56 15 41
56 16 31
56 17 41
56 18 24
56 19 47
56 20 44
56 21 38
56 22 45
56 23 42
56 24 51
56 25 25
56 26 45
56 27 31
56 28 47
56 29 32
56 30 48
56 31 43
56 32 40
56 33 42
56 34 41
56 35 34
56 36 30
56 37 36
56 38 32
56 39 42
56 40 38
56 41 38
56 42 43
56 43 58
56 44 38
56 45 37
56 46 36
56 47 47
56 48 36
56 49 45
56 50 48
56 51 33
56 52 49
56 53 38
56 54 45
56 55 59
56 56 99
56 57 50
56 58 40
56 59 29
56 60 44
56 61 36
56 62 39
56 63 40
56 64 34
56 65 40
56 66 33
56 67 36
56 68 36
56 72 41
56 73 36
56 74 36
56 75 44
56 76 31
56 77 53
56 78 44
56 79 39
56 80 35
56 81 43
56 82 36
56 83 40
56 84 49
56 88 30
56 89 39
56 90 34
56 91 43
56 92 39
56 93 36
56 94 30
56 95 36
56 96 33
56 100 37
56 101 52
56 102 19
56 103 33
56 104 34
56 105 42
56 106 35
56 107 33
56 108 35
56 109 34
56 110 36
56 111 32
57 0 27
57 1 43
57 2 36
57 3 18
57 4 51
57 5 35
57 6 36
57 7 41
57 8 45
57 9 55
57 10 24
57 11 41
57 12 37
57 13 43
57 14 44
57 15 35
57 16 23
57 17 61
57 18 37
57 19 75
57 20 51
57 21 37
57 22 43
57 23 43
57 24 62
57 25 25
57 26 37
57 27 27
57 28 58
57 29 36
57 30 47
57 31 28
57 32 42
57 33 41
57 34 47
57 35 32
57 36 26
57 37 34
57 38 38
57 39 47
57 40 36
57 41 46
57 42 45
57 43 66
57 44 49
57 45 43
57 46 37
57 47 49
57 48 32
57 49 47
57 50 50
57 51 37
57 52 62
57 53 46
57 54 59
57 55 64
57 56 50
57 57 100
57 58 44
57 59 36
57 60 34
57 61 41
57 62 45
57 63 25
57 64 29
57 65 44
57 66 33
57 67 44
57 68 29
57 72 56
57 73 27
57 74 39
57 75 43
57 76 33
57 77 50
57 78 37
57 79 36
57 80 25
57 81 39
57 82 33
57 83 35
57 84 39
57 88 24
57 89 35
57 90 36
57 91 42
57 92 33
57 93 31
57 94 28
57 95 39
57 96 29
57 100 47
57 101 42
57 102 18
57 103 19
57 104 36
57 105 34
57 106 31
57 107 20
57 108 28
57 109 31
57 110 24
57 111 33
58 0 40
58 1 50
58 2 53
58 3 53
58 4 49
58 5 34
58 6 42
58 7 36
58 8 43
58 9 46
58 10 28
58 11 42
58 12 38
58 13 44
58 14 39
58 15 31
58 16 26
58 17 38
58 18 32
58 19 36
58 20 42
58 21 38
58 22 44
58 23 52
58 24 64
58 25 49
58 26 54
58 27 45
58 28 50
58 29 44
58 30 62
58 31 39
58 32 59
58 33 37
58 34 43
58 35 55
58 36 39
58 37 48
58 38 53
58 39 56
58 40 48
58 41 53
58 42 65
58 43 56
58 44 43
58 45 46
58 46 56
58 47 48
58 48 44
58 49 51
58 50 63
58 51 46
58 52 54
58 53 50
58 54 66
58 55 53
58 56 40
58 57 44
58 58 100
58 59 72
58 60 45
58 61 46
58 62 36
58 63 39
58 64 41
58 65 56
58 66 41
58 67 43
58 68 39
58 72 40
58 73 40
58 74 45
58 75 53
58 76 45
58 77 41
58 78 44
58 79 35
58 80 26
58 81 37
58 82 51
58 83 47
58 84 56
58 88 34
58 89 35
58 90 41
58 91 41
58 92 57
58 93 52
58 94 37
58 95 64
58 96 36
58 100 40
58 101 51
58 102 46
58 103 37
58 104 34
58 105 38
58 106 27
58 107 25
58 108 28
58 109 22
58 110 20
58 111 27
59 0 41
59 1 55
59 2 57
59 3 56
59 4 49
59 5 33
59 6 40
59 7 33
59 8 42
59 9 38
59 10 26
59 11 38
59 12 36
59 13 40
59 14 37
59 15 32
59 16 29
59 17 29
59 18 24
59 19 31
59 20 33
59 21 31
59 22 49
59 23 55
59 24 49
59 25 31
59 26 58
59 27 52
59 28 51
59 29 48
59 30 60
59 31 41
59 32 56
59 33 36
59 34 39
59 35 58
59 36 45
59 37 45
59 38 59
59 39 58
59 40 53
59 41 54
59 42 61
59 43 51
59 44 37
59 45 56
59 46 61
59 47 55
59 48 49
59 49 54
59 50 56
59 51 45
59 52 53
59 53 49
59 54 63
59 55 47
59 56 29
59 57 36
59 58 72
59 59 99
59 60 40
59 61 46
59 62 45
59 63 40
59 64 41
59 65 55
59 66 51
59 67 43
59 68 39
59 72 36
59 73 42
59 74 46
59 75 48
59 76 39
59 77 36
59 78 43
59 79 37
59 80 24
59 81 31
59 82 54
59 83 46
59 84 47
59 88 36
59 89 32
59 90 36
59 91 46
59 92 65
59 93 52
59 94 43
59 95 65
59 96 40
59 100 49
59 101 47
59 102 35
59 103 41
59 104 40
59 105 39
59 106 26
59 107 27
59 108 30
59 109 21
59 110 23
59 111 36
60 0 48
60 1 57
60 2 62
60 3 41
60 4 51
60 5 37
60 6 43
60 7 38
60 8 41
60 9 33
60 10 27
60 11 35
60 12 29
60 13 40
60 14 38
60 15 28
60 16 22
60 17 31
60 18 18
60 19 27
60 20 32
60 21 38
60 22 52
60 23 56
60 24 44
60 25 17
60 26 63
60 27 50
60 28 50
60 29 39
60 30 54
60 31 42
60 32 44
60 33 35
60 34 46
60 35 48
60 36 26
60 37 39
60 38 45
60 39 54
60 40 53
60 41 60
60 42 56
60 43 44
60 44 52
60 45 49
60 46 58
60 47 50
60 48 48
60 49 49
60 50 55
60 51 44
60 52 43
60 53 50
60 54 41
60 55 38
60 56 44
60 57 34
60 58 45
60 59 40
60 60 99
60 61 33
60 62 32
60 63 51
60 64 37
60 65 38
60 66 51
60 67 52
60 68 28
60 72 40
60 73 40
60 74 48
60 75 52
60 76 30
60 77 39
60 78 55
60 79 31
60 80 20
60 81 33
60 82 48
60 83 63
60 84 47
60 88 39
60 89 27
60 90 65
60 91 46
60 92 55
60 93 58
60 94 37
60 95 43
60 96 45
60 100 43
60 101 56
60 102 19
60 103 28
60 104 29
60 105 38
60 106 26
60 107 31
60 108 25
60 109 23
60 110 20
60 111 27
61 0 30
61 1 43
61 2 41
61 3 44
61 4 56
61 5 35
61 6 37
61 7 42
61 8 39
61 9 37
61 10 30
61 11 40
61 12 33
61 13 37
61 14 35
61 15 37
61 16 42
61 17 30
61 18 22
61 19 24
61 20 38
61 21 38
61 22 34
61 23 45
61 24 50
61 25 28
61 26 42
61 27 44
61 28 55
61 29 51
61 30 48
61 31 32
61 32 54
61 33 28
61 34 39
61 35 48
61 36 45
61 37 47
61 38 40
61 39 52
61 40 37
61 41 51
61 42 51
61 43 51
61 44 44
61 45 52
61 46 43
61 47 47
61 48 49
61 49 39
61 50 51
61 51 33
61 52 50
61 53 47
61 54 59
61 55 40
61 56 36
61 57 41
61 58 46
61 59 46
61 60 33
61 61 100
61 62 56
61 63 35
61 64 49
61 65 61
61 66 47
61 67 44
61 68 44
61 72 42
61 73 41
61 74 48
61 75 44
61 76 35
61 77 37
61 78 32
61 79 43
61 80 26
61 81 42
61 82 50
61 83 41
61 84 40
61 88 34
61 89 28
61 90 33
61 91 45
61 92 48
61 93 40
61 94 33
61 95 48
61 96 34
61 100 58
61 101 41
61 102 30
61 103 40
61 104 44
61 105 46
61 106 51
61 107 36
61 108 38
61 109 32
61 110 38
61 111 44
62 0 31
62 1 45
62 2 39
62 3 38
62 4 55
62 5 36
62 6 36
62 7 44
62 8 40
62 9 44
62 10 29
62 11 41
62 12 35
62 13 37
62 14 40
62 15 38
62 16 38
62 17 30
62 18 17
62 19 28
62 20 51
62 21 32
62 22 41
62 23 44
62 24 49
62 25 14
62 26 39
62 27 45
62 28 68
62 29 46
62 30 43
62 31 32
62 32 44
62 33 34
62 34 47
62 35 45
62 36 48
62 37 39
62 38 41
62 39 43
62 40 37
62 41 51
62 42 43
62 43 50
62 44 54
62 45 59
62 46 42
62 47 60
62 48 51
62 49 45
62 50 48
62 51 38
62 52 52
62 53 48
62 54 51
62 55 51
62 56 39
62 57 45
62 58 36
62 59 45
62 60 32
62 61 56
62 62 100
62 63 36
62 64 38
62 65 57
62 66 51
62 67 50
62 68 39
62 72 47
62 73 39
62 74 40
62 75 40
62 76 32
62 77 51
62 78 36
62 79 38
62 80 39
62 81 47
62 82 39
62 83 41
62 84 38
62 88 40
62 89 34
62 90 38
62 91 52
62 92 47
62 93 38
62 94 51
62 95 44
62 96 39
62 100 62
62 101 36
62 102 16
62 103 26
62 104 41
62 105 40
62 106 38
62 107 25
62 108 36
62 109 30
62 110 33
62 111 40
63 0 46
63 1 47
63 2 63
63 3 36
63 4 47
63 5 37
63 6 48
63 7 33
63 8 46
63 9 37
63 10 30
63 11 42
63 12 33
63 13 34
63 14 38
63 15 34
63 16 23
63 17 30
63 18 12
63 19 21
63 20 38
63 21 25
63 22 47
63 23 48
63 24 38
63 25 12
63 26 62
63 27 45
63 28 43
63 29 42
63 30 50
63 31 48
63 32 47
63 33 39
63 34 43
63 35 46
63 36 36
63 37 36
63 38 39
63 39 49
63 40 36
63 41 47
63 42 43
63 43 44
63 44 51
63 45 44
63 46 55
63 47 51
63 48 36
63 49 46
63 50 39
63 51 41
63 52 45
63 53 51
63 54 42
63 55 42
63 56 40
63 57 25
63 58 39
63 59 40
63 60 51
63 61 35
63 62 36
63 63 99
63 64 39
63 65 47
63 66 42
63 67 41
63 68 38
63 72 41
63 73 48
63 74 50
63 75 59
63 76 30
63 77 38
63 78 53
63 79 48
63 80 25
63 81 31
63 82 49
63 83 54
63 84 61
63 88 35
63 89 28
63 90 52
63 91 54
63 92 48
63 93 51
63 94 35
63 95 42
63 96 38
63 100 47
63 101 52
63 102 18
63 103 40
63 104 28
63 105 39
63 106 30
63 107 33
63 108 26
63 109 21
63 110 24
63 111 31
64 0 26
64 1 50
64 2 43
64 3 43
64 4 41
64 5 36
64 6 38
64 7 31
64 8 42
64 9 27
64 10 30
64 11 37
64 12 39
64 13 25
64 14 35
64 15 36
64 16 31
64 17 29
64 18 15
64 19 17
64 20 26
64 21 24
64 22 29
64 23 51
64 24 35
64 25 16
64 26 45
64 27 48
64 28 44
64 29 51
64 30 45
64 31 35
64 32 51
64 33 32
64 34 43
64 35 45
64 36 43
64 37 44
64 38 41
64 39 47
64 40 47
64 41 49
64 42 45
64 43 35
64 44 37
64 45 39
64 46 40
64 47 30
64 48 41
64 49 29
64 50 35
64 51 46
64 52 45
64 53 44
64 54 46
64 55 34
64 56 34
64 57 29
64 58 41
64 59 41
64 60 37
64 61 49
64 62 38
64 63 39
64 64 99
64 65 59
64 66 47
64 67 32
64 68 41
64 72 35
64 73 43
64 74 50
64 75 46
64 76 33
64 77 38
64 78 44
64 79 48
64 80 31
64 81 47
64 82 55
64 83 39
64 84 33
64 88 29
64 89 23
64 90 37
64 91 41
64 92 52
64 93 44
64 94 46
64 95 44
64 96 32
64 100 36
64 101 45
64 102 25
64 103 34
64 104 29
64 105 34
64 106 30
64 107 32
64 108 33
64 109 22
64 110 28
64 111 24
65 0 37
65 1 57
65 2 52
65 3 49
65 4 58
65 5 42
65 6 50
65 7 55
65 8 48
65 9 41
65 10 34
65 11 46
65 12 43
65 13 42
65 14 42
65 15 44
65 16 38
65 17 34
65 18 27
65 19 32
65 20 46
65 21 41
65 22 42
65 23 60
65 24 62
65 25 31
65 26 53
65 27 45
65 28 58
65 29 50
65 30 62
65 31 40
65 32 59
65 33 41
65 34 47
65 35 54
65 36 48
65 37 61
65 38 49
65 39 58
65 40 50
65 41 64
65 42 60
65 43 57
65 44 53
65 45 60
65 46 55
65 47 54
65 48 56
65 49 52
65 50 57
65 51 45
65 52 61
65 53 53
65 54 65
65 55 50
65 56 40
65 57 44
65 58 56
65 59 55
65 60 38
65 61 61
65 62 57
65 63 47
65 64 59
65 65 100
65 66 59
65 67 45
65 68 48
65 72 51
65 73 47
65 74 54
65 75 61
65 76 50
65 77 45
65 78 43
65 79 48
65 80 30
65 81 45
65 82 64
65 83 50
65 84 52
65 88 38
65 89 35
65 90 43
65 91 54
65 92 54
65 93 55
65 94 40
65 95 58
65 96 43
65 100 59
65 101 57
65 102 37
65 103 50
65 104 44
65 105 47
65 106 42
65 107 37
65 108 34
65 109 31
65 110 29
65 111 41
66 0 40
66 1 58
66 2 55
66 3 45
66 4 59
66 5 46
66 6 54
66 7 45
66 8 46
66 9 32
66 10 35
66 11 38
66 12 43
66 13 43
66 14 48
66 15 33
66 16 35
66 17 33
66 18 28
66 19 28
66 20 46
66 21 41
66 22 46
66 23 59
66 24 47
66 25 17
66 26 54
66 27 52
66 28 53
66 29 48
66 30 56
66 31 47
66 32 56
66 33 39
66 34 42
66 35 53
66 36 43
66 37 45
66 38 55
66 39 52
66 40 50
66 41 57
66 42 51
66 43 44
66 44 47
66 45 65
66 46 50
66 47 54
66 48 56
66 49 47
66 50 53
66 51 43
66 52 51
66 53 59
66 54 54
66 55 43
66 56 33
66 57 33
66 58 41
66 59 51
66 60 51
66 61 47
66 62 51
66 63 42
66 64 47
66 65 59
66 66 100
66 67 60
66 68 48
66 72 51
66 73 55
66 74 60
66 75 60
66 76 37
66 77 47
66 78 49
66 79 52
66 80 26
66 81 47
66 82 53
66 83 52
66 84 37
66 88 45
66 89 35
66 90 48
66 91 52
66 92 56
66 93 57
66 94 42
66 95 47
66 96 49
66 100 45
66 101 51
66 102 22
66 103 39
66 104 37
66 105 45
66 106 39
66 107 39
66 108 38
66 109 37
66 110 38
66 111 41
67 0 39
67 1 49
67 2 54
67 3 36
67 4 56
67 5 39
67 6 39
67 7 41
67 8 52
67 9 46
67 10 25
67 11 37
67 12 39
67 13 36
67 14 47
67 15 42
67 16 24
67 17 45
67 18 22
67 19 27
67 20 48
67 21 42
67 22 47
67 23 48
67 24 47
67 25 17
67 26 54
67 27 51
67 28 58
67 29 44
67 30 48
67 31 38
67 32 46
67 33 33
67 34 60
67 35 44
67 36 38
67 37 38
67 38 56
67 39 57
67 40 46
67 41 58
67 42 54
67 43 53
67 44 56
67 45 54
67 46 49
67 47 56
67 48 47
67 49 47
67 50 56
67 51 38
67 52 52
67 53 48
67 54 49
67 55 51
67 56 36
67 57 44
67 58 43
67 59 43
67 60 52
67 61 44
67 62 50
67 63 41
67 64 32
67 65 45
67 66 60
67 67 99
67 68 42
67 72 49
67 73 42
67 74 55
67 75 52
67 76 30
67 77 43
67 78 46
67 79 36
67 80 34
67 81 48
67 82 48
67 83 53
67 84 38
67 88 47
67 89 35
67 90 55
67 91 48
67 92 48
67 93 49
67 94 43
67 95 44
67 96 40
67 100 43
67 101 46
67 102 18
67 103 24
67 104 36
67 105 38
67 106 28
67 107 28
67 108 32
67 109 31
67 110 32
67 111 36
68 0 35
68 1 45
68 2 37
68 3 39
68 4 48
68 5 39
68 6 40
68 7 38
68 8 37
68 9 28
68 10 24
68 11 31
68 12 28
68 13 31
68 14 39
68 15 31
68 16 32
68 17 38
68 18 30
68 19 20
68 20 45
68 21 44
68 22 23
68 23 47
68 24 42
68 25 16
68 26 37
68 27 40
68 28 46
68 29 44
68 30 42
68 31 30
68 32 41
68 33 22
68 34 24
68 35 42
68 36 40
68 37 41
68 38 35
68 39 48
68 40 33
68 41 39
68 42 40
68 43 35
68 44 34
68 45 37
68 46 38
68 47 48
68 48 39
68 49 34
68 50 43
68 51 25
68 52 44
68 53 35
68 54 45
68 55 42
68 56 36
68 57 29
68 58 39
68 59 39
68 60 28
68 61 44
68 62 39
68 63 38
68 64 41
68 65 48
68 66 48
68 67 42
68 68 99
68 72 32
68 73 52
68 74 44
68 75 41
68 76 21
68 77 37
68 78 34
68 79 53
68 80 35
68 81 54
68 82 45
68 83 32
68 84 28
68 88 37
68 89 22
68 90 29
68 91 47
68 92 38
68 93 35
68 94 29
68 95 37
68 96 31
68 100 30
68 101 35
68 102 27
68 103 46
68 104 32
68 105 43
68 106 34
68 107 26
68 108 23
68 109 23
68 110 33
68 111 27
72 0 27
72 1 52
72 2 50
72 3 31
72 4 59
72 5 49
72 6 51
72 7 43
72 8 49
72 9 40
72 10 35
72 11 43
72 12 45
72 13 55
72 14 50
72 15 42
72 16 32
72 17 48
72 18 22
72 19 37
72 20 45
72 21 38
72 22 34
72 23 52
72 24 48
72 25 23
72 26 50
72 27 35
72 28 57
72 29 36
72 30 53
72 31 46
72 32 55
72 33 34
72 34 43
72 35 46
72 36 31
72 37 44
72 38 38
72 39 41
72 40 39
72 41 53
72 42 51
72 43 50
72 44 53
72 45 49
72 46 45
72 47 48
72 48 40
72 49 46
72 50 54
72 51 41
72 52 50
72 53 53
72 54 50
72 55 51
72 56 41
72 57 56
72 58 40
72 59 36
72 60 40
72 61 42
72 62 47
72 63 41
72 64 35
72 65 51
72 66 51
72 67 49
72 68 32
72 72 99
72 73 44
72 74 51
72 75 61
72 76 40
72 77 52
72 78 43
72 79 47
72 80 27
72 81 37
72 82 43
72 83 42
72 84 51
72 88 26
72 89 29
72 90 45
72 91 51
72 92 42
72 93 39
72 94 41
72 95 50
72 96 48
72 100 52
72 101 58
72 102 20
72 103 37
72 104 42
72 105 41
72 106 42
72 107 31
72 108 29
72 109 30
72 110 27
72 111 39
73 0 47
73 1 53
73 2 53
73 3 40
73 4 54
73 5 45
73 6 46
73 7 39
73 8 39
73 9 28
73 10 34
73 11 39
73 12 42
73 13 43
73 14 44
73 15 38
73 16 38
73 17 31
73 18 13
73 19 23
73 20 33
73 21 41
73 22 39
73 23 54
73 24 38
73 25 23
73 26 54
73 27 52
73 28 46
73 29 42
73 30 50
73 31 40
73 32 49
73 33 25
73 34 36
73 35 49
73 36 42
73 37 41
73 38 50
73 39 56
73 40 42
73 41 45
73 42 52
73 43 36
73 44 43
73 45 48
73 46 48
73 47 49
73 48 49
73 49 39
73 50 50
73 51 35
73 52 45
73 53 43
73 54 48
73 55 36
73 56 36
73 57 27
73 58 40
73 59 42
73 60 40
73 61 41
73 62 39
73 63 48
73 64 43
73 65 47
73 66 55
73 67 42
73 68 52
73 72 44
73 73 99
73 74 63
73 75 54
73 76 34
73 77 40
73 78 45
73 79 57
73 80 33
73 81 49
73 82 55
73 83 41
73 84 48
73 88 31
73 89 24
73 90 35
73 91 57
73 92 53
73 93 46
73 94 46
73 95 48
73 96 47
73 100 41
73 101 50
73 102 25
73 103 47
73 104 35
73 105 55
73 106 42
73 107 38
73 108 33
73 109 27
73 110 38
73 111 37
74 0 45
74 1 63
74 2 62
74 3 46
74 4 57
74 5 45
74 6 50
74 7 44
74 8 49
74 9 37
74 10 38
74 11 48
74 12 44
74 13 44
74 14 50
74 15 45
74 16 39
74 17 38
74 18 20
74 19 29
74 20 37
74 21 39
74 22 47
74 23 63
74 24 47
74 25 21
74 26 63
74 27 56
74 28 54
74 29 46
74 30 55
74 31 47
74 32 53
74 33 36
74 34 49
74 35 57
74 36 43
74 37 47
74 38 61
74 39 63
74 40 49
74 41 58
74 42 60
74 43 48
74 44 53
74 45 50
74 46 58
74 47 54
74 48 49
74 49 47
74 50 49
74 51 47
74 52 56
74 53 57
74 54 54
74 55 53
74 56 36
74 57 39
74 58 45
74 59 46
74 60 48
74 61 48
74 62 40
74 63 50
74 64 50
74 65 54
74 66 60
74 67 55
74 68 44
74 72 51
74 73 63
74 74 100
74 75 63
74 76 41
74 77 38
74 78 50
74 79 55
74 80 32
74 81 48
74 82 60
74 83 51
74 84 48
74 88 31
74 89 28
74 90 47
74 91 56
74 92 54
74 93 52
74 94 45
74 95 48
74 96 48
74 100 49
74 101 60
74 102 27
74 103 46
74 104 41
74 105 54
74 106 50
74 107 44
74 108 35
74 109 35
74 110 39
74 111 44
75 0 49
75 1 61
75 2 67
75 3 47
75 4 63
75 5 59
75 6 69
75 7 57
75 8 61
75 9 50
75 10 50
75 11 55
75 12 50
75 13 53
75 14 55
75 15 53
75 16 43
75 17 44
75 18 25
75 19 36
75 20 43
75 21 38
75 22 51
75 23 63
75 24 49
75 25 20
75 26 67
75 27 42
75 28 57
75 29 45
75 30 64
75 31 59
75 32 66
75 33 44
75 34 54
75 35 56
75 36 43
75 37 47
75 38 50
75 39 58
75 40 51
75 41 63
75 42 56
75 43 55
75 44 57
75 45 58
75 46 60
75 47 59
75 48 50
75 49 58
75 50 59
75 51 52
75 52 57
75 53 61
75 54 55
75 55 51
75 56 44
75 57 43
75 58 53
75 59 48
75 60 52
75 61 44
75 62 40
75 63 59
75 64 46
75 65 61
75 66 60
75 67 52
75 68 41
75 72 61
75 73 54
75 74 63
75 75 99
75 76 42
75 77 48
75 78 54
75 79 52
75 80 30
75 81 44
75 82 63
75 83 60
75 84 56
75 88 38
75 89 39
75 90 50
75 91 59
75 92 55
75 93 53
75 94 44
75 95 55
75 96 54
75 100 55
75 101 68
75 102 25
75 103 52
75 104 43
75 105 52
75 106 46
75 107 48
75 108 45
75 109 36
75 110 41
75 111 46
76 0 23
76 1 38
76 2 36
76 3 38
76 4 30
76 5 23
76 6 28
76 7 24
76 8 31
76 9 37
76 10 21
76 11 30
76 12 39
76 13 34
76 14 29
76 15 22
76 16 23
76 17 32
76 18 22
76 19 34
76 20 32
76 21 23
76 22 29
76 23 38
76 24 48
76 25 25
76 26 39
76 27 35
76 28 29
76 29 32
76 30 50
76 31 31
76 32 47
76 33 33
76 34 41
76 35 41
76 36 23
76 37 30
76 38 36
76 39 36
76 40 36
76 41 37
76 42 53
76 43 45
76 44 31
76 45 39
76 46 42
76 47 32
76 48 39
76 49 36
76 50 42
76 51 47
76 52 41
76 53 53
76 54 48
76 55 38
76 56 31
76 57 33
76 58 45
76 59 39
76 60 30
76 61 35
76 62 32
76 63 30
76 64 33
76 65 50
76 66 37
76 67 30
76 68 21
76 72 40
76 73 34
76 74 41
76 75 42
76 76 100
76 77 43
76 78 35
76 79 34
76 80 17
76 81 21
76 82 38
76 83 30
76 84 46
76 88 29
76 89 22
76 90 32
76 91 34
76 92 37
76 93 36
76 94 41
76 95 51
76 96 31
76 100 30
76 101 50
76 102 29
76 103 28
76 104 28
76 105 31
76 106 29
76 107 15
76 108 29
76 109 16
76 110 14
76 111 21
77 0 29
77 1 49
77 2 41
77 3 31
77 4 51
77 5 47
77 6 46
77 7 35
77 8 49
77 9 51
77 10 28
77 11 42
77 12 54
77 13 43
77 14 42
77 15 36
77 16 27
77 17 45
77 18 24
77 19 42
77 20 57
77 21 27
77 22 39
77 23 47
77 24 52
77 25 17
77 26 41
77 27 39
77 28 53
77 29 39
77 30 51
77 31 36
77 32 48
77 33 45
77 34 46
77 35 39
77 36 37
77 37 35
77 38 37
77 39 41
77 40 33
77 41 44
77 42 43
77 43 54
77 44 49
77 45 42
77 46 38
77 47 46
77 48 37
77 49 38
77 50 50
77 51 36
77 52 54
77 53 44
77 54 51
77 55 57
77 56 53
77 57 50
77 58 41
77 59 36
77 60 39
77 61 37
77 62 51
77 63 38
77 64 38
77 65 45
77 66 47
77 67 43
77 68 37
77 72 52
77 73 40
77 74 38
77 75 48
77 76 43
77 77 99
77 78 45
77 79 43
77 80 34
77 81 43
77 82 39
77 83 37
77 84 46
77 88 33
77 89 34
77 90 42
77 91 47
77 92 38
77 93 43
77 94 45
77 95 39
77 96 35
77 100 42
77 101 43
77 102 12
77 103 23
77 104 29
77 105 34
77 106 32
77 107 23
77 108 30
77 109 38
77 110 25
77 111 28
78 0 46
78 1 50
78 2 63
78 3 34
78 4 50
78 5 41
78 6 49
78 7 37
78 8 49
78 9 47
78 10 28
78 11 48
78 12 44
78 13 42
78 14 41
78 15 31
78 16 24
78 17 36
78 18 27
78 19 32
78 20 37
78 21 34
78 22 53
78 23 49
78 24 43
78 25 16
78 26 65
78 27 41
78 28 44
78 29 39
78 30 52
78 31 42
78 32 43
78 33 42
78 34 50
78 35 46
78 36 32
78 37 38
78 38 47
78 39 49
78 40 43
78 41 54
78 42 53
78 43 48
78 44 47
78 45 47
78 46 56
78 47 50
78 48 45
78 49 52
78 50 47
78 51 59
78 52 49
78 53 57
78 54 52
78 55 57
78 56 44
78 57 37
78 58 44
78 59 43
78 60 55
78 61 32
78 62 36
78 63 53
78 64 44
78 65 43
78 66 49
78 67 46
78 68 34
78 72 43
78 73 45
78 74 50
78 75 54
78 76 35
78 77 45
78 78 100
78 79 46
78 80 33
78 81 37
78 82 47
78 83 59
78 84 45
78 88 47
78 89 44
78 90 60
78 91 49
78 92 48
78 93 51
78 94 38
78 95 39
78 96 35
78 100 41
78 101 48
78 102 20
78 103 31
78 104 36
78 105 43
78 106 28
78 107 29
78 108 31
78 109 27
78 110 18
78 111 27
79 0 41
79 1 51
79 2 48
79 3 33
79 4 54
79 5 50
79 6 52
79 7 36
79 8 46
79 9 32
79 10 45
79 11 48
79 12 44
79 13 39
79 14 47
79 15 39
79 16 41
79 17 36
79 18 20
79 19 26
79 20 50
79 21 32
79 22 38
79 23 51
79 24 41
79 25 16
79 26 49
79 27 40
79 28 47
79 29 49
79 30 45
79 31 46
79 32 55
79 33 30
79 34 32
79 35 43
79 36 37
79 37 38
79 38 35
79 39 43
79 40 29
79 41 44
79 42 40
79 43 36
79 44 38
79 45 43
79 46 45
79 47 43
79 48 38
79 49 39
79 50 40
79 51 44
79 52 50
79 53 53
79 54 48
79 55 43
79 56 39
79 57 36
79 58 35
79 59 37
79 60 31
79 61 43
79 62 38
79 63 48
79 64 48
79 65 48
79 66 52
79 67 36
79 68 53
79 72 47
79 73 57
79 74 55
79 75 52
79 76 34
79 77 43
79 78 46
79 79 100
79 80 41
79 81 51
79 82 51
79 83 39
79 84 39
79 88 31
79 89 29
79 90 32
79 91 50
79 92 40
79 93 41
79 94 33
79 95 32
79 96 40
79 100 36
79 101 50
79 102 22
79 103 43
79 104 34
79 105 45
79 106 44
79 107 34
79 108 37
79 109 30
79 110 41
79 111 33
80 0 29
80 1 23
80 2 28
80 3 22
80 4 30
80 5 24
80 6 28
80 7 27
80 8 32
80 9 27
80 10 9
80 11 27
80 12 21
80 13 19
80 14 27
80 15 28
80 16 20
80 17 29
80 18 15
80 19 14
80 20 39
80 21 19
80 22 29
80 23 24
80 24 30
80 25 10
80 26 28
80 27 31
80 28 34
80 29 36
80 30 27
80 31 17
80 32 27
80 33 20
80 34 25
80 35 26
80 36 29
80 37 27
80 38 26
80 39 30
80 40 21
80 41 28
80 42 23
80 43 25
80 44 31
80 45 28
80 46 24
80 47 32
80 48 26
80 49 25
80 50 29
80 51 22
80 52 31
80 53 22
80 54 29
80 55 36
80 56 35
80 57 25
80 58 26
80 59 24
80 60 20
80 61 26
80 62 39
80 63 25
80 64 31
80 65 30
80 66 26
80 67 34
80 68 35
80 72 27
80 73 33
80 74 32
80 75 30
80 76 17
80 77 34
80 78 33
80 79 41
80 80 100
80 81 46
80 82 22
80 83 23
80 84 24
80 88 36
80 89 22
80 90 31
80 91 39
80 92 23
80 93 25
80 94 33
80 95 25
80 96 20
80 100 24
80 101 21
80 102 12
80 103 20
80 104 18
80 105 23
80 106 17
80 107 13
80 108 16
80 109 12
80 110 17
80 111 12
81 0 45
81 1 41
81 2 35
81 3 34
81 4 54
81 5 46
81 6 48
81 7 46
81 8 42
81 9 38
81 10 30
81 11 37
81 12 39
81 13 36
81 14 43
81 15 39
81 16 36
81 17 41
81 18 22
81 19 28
81 20 45
81 21 47
81 22 36
81 23 44
81 24 44
81 25 18
81 26 35
81 27 46
81 28 52
81 29 42
81 30 41
81 31 28
81 32 46
81 33 33
81 34 36
81 35 37
81 36 47
81 37 50
81 38 41
81 39 42
81 40 37
81 41 40
81 42 38
81 43 41
81 44 44
81 45 42
81 46 31
81 47 42
81 48 42
81 49 29
81 50 42
81 51 28
81 52 44
81 53 40
81 54 43
81 55 43
81 56 43
81 57 39
81 58 37
81 59 31
81 60 33
81 61 42
81 62 47
81 63 31
81 64 47
81 65 45
81 66 47
81 67 48
81 68 54
81 72 37
81 73 49
81 74 48
81 75 44
81 76 21
81 77 43
81 78 37
81 79 51
81 80 46
81 81 100
81 82 44
81 83 38
81 84 31
81 88 36
81 89 34
81 90 36
81 91 50
81 92 39
81 93 36
81 94 40
81 95 36
81 96 40
81 100 38
81 101 35
81 102 29
81 103 43
81 104 34
81 105 40
81 106 35
81 107 35
81 108 26
81 109 39
81 110 36
81 111 36
82 0 42
82 1 69
82 2 67
82 3 61
82 4 55
82 5 40
82 6 48
82 7 43
82 8 48
82 9 40
82 10 35
82 11 42
82 12 42
82 13 38
82 14 42
82 15 40
82 16 34
82 17 28
82 18 16
82 19 24
82 20 30
82 21 40
82 22 41
82 23 71
82 24 46
82 25 26
82 26 68
82 27 53
82 28 53
82 29 52
82 30 65
82 31 52
82 32 59
82 33 38
82 34 48
82 35 67
82 36 47
82 37 57
82 38 57
82 39 67
82 40 55
82 41 69
82 42 65
82 43 50
82 44 49
82 45 53
82 46 67
82 47 48
82 48 54
82 49 51
82 50 57
82 51 49
82 52 57
82 53 57
82 54 57
82 55 44
82 56 36
82 57 33
82 58 51
82 59 54
82 60 48
82 61 50
82 62 39
82 63 49
82 64 55
82 65 64
82 66 53
82 67 48
82 68 45
82 72 43
82 73 55
82 74 60
82 75 63
82 76 38
82 77 39
82 78 47
82 79 51
82 80 22
82 81 44
82 82 99
82 83 52
82 84 51
82 88 33
82 89 29
82 90 48
82 91 57
82 92 68
82 93 63
82 94 42
82 95 52
82 96 47
82 100 49
82 101 61
82 102 32
82 103 55
82 104 36
82 105 49
82 106 41
82 107 35
82 108 33
82 109 28
82 110 32
82 111 36
83 0 49
83 1 50
83 2 70
83 3 41
83 4 55
83 5 47
83 6 52
83 7 41
83 8 51
83 9 38
83 10 35
83 11 49
83 12 43
83 13 39
83 14 40
83 15 37
83 16 29
83 17 30
83 18 20
83 19 29
83 20 33
83 21 32
83 22 57
83 23 50
83 24 43
83 25 16
83 26 71
83 27 44
83 28 56
83 29 41
83 30 57
83 31 43
83 32 47
83 33 40
83 34 53
83 35 48
83 36 36
83 37 38
83 38 51
83 39 51
83 40 43
83 41 62
83 42 52
83 43 50
83 44 53
83 45 56
83 46 60
83 47 54
83 48 51
83 49 57
83 50 50
83 51 50
83 52 51
83 53 57
83 54 45
83 55 43
83 56 40
83 57 35
83 58 47
83 59 46
83 60 63
83 61 41
83 62 41
83 63 54
83 64 39
83 65 50
83 66 52
83 67 53
83 68 32
83 72 42
83 73 41
83 74 51
83 75 60
83 76 30
83 77 37
83 78 59
83 79 39
83 80 23
83 81 38
83 82 52
83 83 99
83 84 44
83 88 56
83 89 44
83 90 63
83 91 51
83 92 61
83 93 55
83 94 39
83 95 45
83 96 42
83 100 58
83 101 50
83 102 25
83 103 33
83 104 34
83 105 37
83 106 36
83 107 41
83 108 27
83 109 34
83 110 25
83 111 35
84 0 44
84 1 52
84 2 57
84 3 36
84 4 47
84 5 37
84 6 45
84 7 31
84 8 47
84 9 40
84 10 35
84 11 45
84 12 36
84 13 44
84 14 42
84 15 36
84 16 28
84 17 34
84 18 20
84 19 33
84 20 39
84 21 28
84 22 47
84 23 52
84 24 49
84 25 40
84 26 58
84 27 41
84 28 44
84 29 34
84 30 60
84 31 51
84 32 61
84 33 34
84 34 41
84 35 50
84 36 32
84 37 47
84 38 39
84 39 50
84 40 42
84 41 50
84 42 58
84 43 58
84 44 48
84 45 45
84 46 52
84 47 44
84 48 38
84 49 48
84 50 50
84 51 39
84 52 52
84 53 48
84 54 54
84 55 49
84 56 49
84 57 39
84 58 56
84 59 47
84 60 47
84 61 40
84 62 38
84 63 61
84 64 33
84 65 52
84 66 37
84 67 38
84 68 28
84 72 51
84 73 48
84 74 48
84 75 56
84 76 46
84 77 46
84 78 45
84 79 39
84 80 24
84 81 31
84 82 51
84 83 44
84 84 99
84 88 23
84 89 27
84 90 42
84 91 47
84 92 51
84 93 45
84 94 35
84 95 53
84 96 42
84 100 48
84 101 61
84 102 28
84 103 41
84 104 32
84 105 49
84 106 35
84 107 35
84 108 27
84 109 24
84 110 26
84 111 35
88 0 39
88 1 35
88 2 50
88 3 33
88 4 39
88 5 30
88 6 31
88 7 29
88 8 34
88 9 32
88 10 12
88 11 24
88 12 28
88 13 25
88 14 25
88 15 27
88 16 21
88 17 28
88 18 27
88 19 26
88 20 37
88 21 18
88 22 41
88 23 35
88 24 36
88 25 9
88 26 50
88 27 38
88 28 43
88 29 29
88 30 43
88 31 20
88 32 37
88 33 28
88 34 34
88 35 33
88 36 43
88 37 30
88 38 45
88 39 39
88 40 28
88 41 41
88 42 38
88 43 38
88 44 37
88 45 43
88 46 39
88 47 46
88 48 36
88 49 43
88 50 38
88 51 36
88 52 41
88 53 32
88 54 38
88 55 39
88 56 30
88 57 24
88 58 34
88 59 36
88 60 39
88 61 34
88 62 40
88 63 35
88 64 29
88 65 38
88 66 45
88 67 47
88 68 37
88 72 26
88 73 31
88 74 31
88 75 38
88 76 29
88 77 33
88 78 47
88 79 31
88 80 36
88 81 36
88 82 33
88 83 56
88 84 23
88 88 99
88 89 46
88 90 55
88 91 44
88 92 38
88 93 46
88 94 34
88 95 36
88 96 26
88 100 35
88 101 25
88 102 20
88 103 22
88 104 22
88 105 22
88 106 17
88 107 18
88 108 21
88 109 20
88 110 15
88 111 24
89 0 32
89 1 29
89 2 39
89 3 20
89 4 44
89 5 33
89 6 35
89 7 34
89 8 33
89 9 37
89 10 22
89 11 27
89 12 29
89 13 29
89 14 26
89 15 23
89 16 19
89 17 27
89 18 18
89 19 35
89 20 36
89 21 20
89 22 39
89 23 29
89 24 39
89 25 15
89 26 40
89 27 27
89 28 39
89 29 28
89 30 41
89 31 19
89 32 36
89 33 43
89 34 32
89 35 24
89 36 29
89 37 27
89 38 30
89 39 27
89 40 23
89 41 35
89 42 32
89 43 48
89 44 36
89 45 34
89 46 28
89 47 41
89 48 32
89 49 41
89 50 39
89 51 37
89 52 45
89 53 32
89 54 36
89 55 41
89 56 39
89 57 35
89 58 35
89 59 32
89 60 27
89 61 28
89 62 34
89 63 28
89 64 23
89 65 35
89 66 35
89 67 35
89 68 22
89 72 29
89 73 24
89 74 28
89 75 39
89 76 22
89 77 34
89 78 44
89 79 29
89 80 22
89 81 34
89 82 29
89 83 44
89 84 27
89 88 46
89 89 100
89 90 33
89 91 29
89 92 26
89 93 36
89 94 15
89 95 27
89 96 23
89 100 35
89 101 27
89 102 19
89 103 19
89 104 20
89 105 19
89 106 14
89 107 15
89 108 33
89 109 31
89 110 19
89 111 22
90 0 33
90 1 57
90 2 64
90 3 37
90 4 46
90 5 33
90 6 34
90 7 35
90 8 45
90 9 41
90 10 18
90 11 31
90 12 32
90 13 40
90 14 34
90 15 27
90 16 19
90 17 33
90 18 16
90 19 27
90 20 41
90 21 24
90 22 42
90 23 55
90 24 37
90 25 10
90 26 64
90 27 50
90 28 46
90 29 35
90 30 52
90 31 34
90 32 42
90 33 39
90 34 51
90 35 40
90 36 29
90 37 39
90 38 46
90 39 45
90 40 46
90 41 57
90 42 50
90 43 42
90 44 52
90 45 48
90 46 51
90 47 42
90 48 39
90 49 42
90 50 44
90 51 44
90 52 41
90 53 49
90 54 40
90 55 43
90 56 34
90 57 36
90 58 41
90 59 36
90 60 65
90 61 33
90 62 38
90 63 52
90 64 37
90 65 43
90 66 48
90 67 55
90 68 29
90 72 45
90 73 35
90 74 47
90 75 50
90 76 32
90 77 42
90 78 60
90 79 32
90 80 31
90 81 36
90 82 48
90 83 63
90 84 42
90 88 55
90 89 33
90 90 100
90 91 48
90 92 46
90 93 57
90 94 38
90 95 41
90 96 37
90 100 43
90 101 46
90 102 14
90 103 19
90 104 27
90 105 27
90 106 23
90 107 23
90 108 18
90 109 23
90 110 10
90 111 21
91 0 54
91 1 62
91 2 63
91 3 42
91 4 62
91 5 50
91 6 59
91 7 50
91 8 55
91 9 40
91 10 47
91 11 52
91 12 50
91 13 45
91 14 51
91 15 47
91 16 45
91 17 39
91 18 16
91 19 29
91 20 43
91 21 35
91 22 54
91 23 63
91 24 45
91 25 18
91 26 62
91 27 51
91 28 58
91 29 46
91 30 53
91 31 52
91 32 53
91 33 41
91 34 42
91 35 55
91 36 47
91 37 50
91 38 52
91 39 65
91 40 40
91 41 59
91 42 51
91 43 52
91 44 47
91 45 62
91 46 56
91 47 64
91 48 57
91 49 55
91 50 58
91 51 42
91 52 55
91 53 54
91 54 57
91 55 46
91 56 43
91 57 42
91 58 41
91 59 46
91 60 46
91 61 45
91 62 52
91 63 54
91 64 41
91 65 54
91 66 52
91 67 48
91 68 47
91 72 51
91 73 57
91 74 56
91 75 59
91 76 34
91 77 47
91 78 49
91 79 50
91 80 39
91 81 50
91 82 57
91 83 51
91 84 47
91 88 44
91 89 29
91 90 48
91 91 99
91 92 52
91 93 47
91 94 49
91 95 47
91 96 54
91 100 59
91 101 53
91 102 29
91 103 55
91 104 47
91 105 56
91 106 44
91 107 45
91 108 35
91 109 28
91 110 39
91 111 50
92 0 46
92 1 61
92 2 65
92 3 61
92 4 52
92 5 37
92 6 39
92 7 33
92 8 46
92 9 36
92 10 30
92 11 41
92 12 39
92 13 38
92 14 40
92 15 33
92 16 29
92 17 24
92 18 13
92 19 27
92 20 29
92 21 34
92 22 48
92 23 61
92 24 42
92 25 35
92 26 65
92 27 57
92 28 59
92 29 54
92 30 63
92 31 47
92 32 55
92 33 38
92 34 47
92 35 64
92 36 47
92 37 50
92 38 67
92 39 66
92 40 57
92 41 61
92 42 64
92 43 49
92 44 50
92 45 58
92 46 69
92 47 54
92 48 56
92 49 52
92 50 54
92 51 50
92 52 55
92 53 51
92 54 58
92 55 43
92 56 39
92 57 33
92 58 57
92 59 65
92 60 55
92 61 48
92 62 47
92 63 48
92 64 52
92 65 54
92 66 56
92 67 48
92 68 38
92 72 42
92 73 53
92 74 54
92 75 55
92 76 37
92 77 38
92 78 48
92 79 40
92 80 23
92 81 39
92 82 68
92 83 61
92 84 51
92 88 38
92 89 26
92 90 46
92 91 52
92 92 100
92 93 59
92 94 52
92 95 56
92 96 46
92 100 50
92 101 53
92 102 28
92 103 43
92 104 33
92 105 50
92 106 37
92 107 37
92 108 29
92 109 25
92 110 27
92 111 37
93 0 42
93 1 63
93 2 64
93 3 48
93 4 51
93 5 41
93 6 44
93 7 34
93 8 46
93 9 43
93 10 26
93 11 39
93 12 40
93 13 37
93 14 39
93 15 30
93 16 28
93 17 28
93 18 22
93 19 28
93 20 40
93 21 30
93 22 51
93 23 63
93 24 48
93 25 22
93 26 64
93 27 58
93 28 50
93 29 45
93 30 62
93 31 41
93 32 52
93 33 42
93 34 45
93 35 53
93 36 40
93 37 51
93 38 56
93 39 52
93 40 46
93 41 59
93 42 57
93 43 43
93 44 48
93 45 48
93 46 55
93 47 49
93 48 44
93 49 46
93 50 50
93 51 52
93 52 52
93 53 54
93 54 53
93 55 49
93 56 36
93 57 31
93 58 52
93 59 52
93 60 58
93 61 40
93 62 38
93 63 51
93 64 44
93 65 55
93 66 57
93 67 49
93 68 35
93 72 39
93 73 46
93 74 52
93 75 53
93 76 36
93 77 43
93 78 51
93 79 41
93 80 25
93 81 36
93 82 63
93 83 55
93 84 45
93 88 46
93 89 36
93 90 57
93 91 47
93 92 59
93 93 100
93 94 36
93 95 45
93 96 37
93 100 43
93 101 49
93 102 24
93 103 32
93 104 29
93 105 38
93 106 29
93 107 28
93 108 31
93 109 24
93 110 21
93 111 29
94 0 32
94 1 43
94 2 42
94 3 48
94 4 41
94 5 35
94 6 34
94 7 30
94 8 39
94 9 26
94 10 21
94 11 25
94 12 38
94 13 33
94 14 35
94 15 30
94 16 23
94 17 23
94 18 9
94 19 17
94 20 23
94 21 29
94 22 32
94 23 42
94 24 28
94 25 13
94 26 43
94 27 49
94 28 51
94 29 33
94 30 43
94 31 35
94 32 48
94 33 27
94 34 41
94 35 51
94 36 48
94 37 33
94 38 54
94 39 49
94 40 48
94 41 46
94 42 50
94 43 30
94 44 45
94 45 48
94 46 46
94 47 42
94 48 43
94 49 38
94 50 45
94 51 40
94 52 31
94 53 42
94 54 39
94 55 30
94 56 30
94 57 28
94 58 37
94 59 43
94 60 37
94 61 33
94 62 51
94 63 35
94 64 46
94 65 40
94 66 42
94 67 43
94 68 29
94 72 41
94 73 46
94 74 45
94 75 44
94 76 41
94 77 45
94 78 38
94 79 33
94 80 33
94 81 40
94 82 42
94 83 39
94 84 35
94 88 34
94 89 15
94 90 38
94 91 49
94 92 52
94 93 36
94 94 100
94 95 57
94 96 46
94 100 46
94 101 37
94 102 19
94 103 34
94 104 31
94 105 30
94 106 31
94 107 27
94 108 26
94 109 17
94 110 27
94 111 31
95 0 43
95 1 53
95 2 56
95 3 58
95 4 53
95 5 39
95 6 44
95 7 45
95 8 42
95 9 34
95 10 31
95 11 35
95 12 31
95 13 47
95 14 41
95 15 36
95 16 33
95 17 30
95 18 25
95 19 30
95 20 34
95 21 38
95 22 42
95 23 56
95 24 56
95 25 34
95 26 56
95 27 53
95 28 51
95 29 39
95 30 69
95 31 44
95 32 63
95 33 34
95 34 36
95 35 61
95 36 42
95 37 47
95 38 57
95 39 55
95 40 54
95 41 53
95 42 67
95 43 51
95 44 48
95 45 57
95 46 52
95 47 54
95 48 50
95 49 46
95 50 64
95 51 40
95 52 46
95 53 47
95 54 63
95 55 41
95 56 36
95 57 39
95 58 64
95 59 65
95 60 43
95 61 48
95 62 44
95 63 42
95 64 44
95 65 58
95 66 47
95 67 44
95 68 37
95 72 50
95 73 48
95 74 48
95 75 55
95 76 51
95 77 39
95 78 39
95 79 32
95 80 25
95 81 36
95 82 52
95 83 45
95 84 53
95 88 36
95 89 27
95 90 41
95 91 47
95 92 56
95 93 45
95 94 57
95 95 100
95 96 54
95 100 51
95 101 59
95 102 43
95 103 52
95 104 40
95 105 44
95 106 34
95 107 35
95 108 32
95 109 21
95 110 29
95 111 40
96 0 40
96 1 55
96 2 54
96 3 44
96 4 58
96 5 50
96 6 52
96 7 50
96 8 39
96 9 31
96 10 45
96 11 39
96 12 40
96 13 52
96 14 52
96 15 37
96 16 36
96 17 26
96 18 13
96 19 22
96 20 31
96 21 42
96 22 35
96 23 57
96 24 31
96 25 22
96 26 53
96 27 45
96 28 53
96 29 33
96 30 54
96 31 57
96 32 53
96 33 32
96 34 34
96 35 53
96 36 39
96 37 46
96 38 42
96 39 44
96 40 50
96 41 50
96 42 53
96 43 34
96 44 43
96 45 58
96 46 41
96 47 49
96 48 51
96 49 42
96 50 55
96 51 32
96 52 35
96 53 44
96 54 43
96 55 30
96 56 33
96 57 29
96 58 36
96 59 40
96 60 45
96 61 34
96 62 39
96 63 38
96 64 32
96 65 43
96 66 49
96 67 40
96 68 31
96 72 48
96 73 47
96 74 48
96 75 54
96 76 31
96 77 35
96 78 35
96 79 40
96 80 20
96 81 40
96 82 47
96 83 42
96 84 42
96 88 26
96 89 23
96 90 37
96 91 54
96 92 46
96 93 37
96 94 46
96 95 54
96 96 99
96 100 47
96 101 55
96 102 31
96 103 56
96 104 46
96 105 48
96 106 39
96 107 44
96 108 32
96 109 24
96 110 39
96 111 47
100 0 43
100 1 52
100 2 52
100 3 39
100 4 63
100 5 44
100 6 49
100 7 56
100 8 48
100 9 38
100 10 38
100 11 46
100 12 39
100 13 38
100 14 44
100 15 45
100 16 40
100 17 28
100 18 10
100 19 33
100 20 38
100 21 31
100 22 56
100 23 52
100 24 46
100 25 24
100 26 53
100 27 38
100 28 64
100 29 40
100 30 48
100 31 38
100 32 50
100 33 40
100 34 46
100 35 49
100 36 42
100 37 45
100 38 45
100 39 52
100 40 41
100 41 63
100 42 48
100 43 54
100 44 52
100 45 65
100 46 52
100 47 67
100 48 62
100 49 56
100 50 55
100 51 39
100 52 54
100 53 53
100 54 57
100 55 47
100 56 37
100 57 47
100 58 40
100 59 49
100 60 43
100 61 58
100 62 62
100 63 47
100 64 36
100 65 59
100 66 45
100 67 43
100 68 30
100 72 52
100 73 41
100 74 49
100 75 55
100 76 30
100 77 42
100 78 41
100 79 36
100 80 24
100 81 38
100 82 49
100 83 58
100 84 48
100 88 35
100 89 35
100 90 43
100 91 59
100 92 50
100 93 43
100 94 46
100 95 51
100 96 47
100 100 100
100 101 47
100 102 24
100 103 45
100 104 52
100 105 48
100 106 53
100 107 39
100 108 44
100 109 36
100 110 36
100 111 54
101 0 43
101 1 63
101 2 65
101 3 42
101 4 61
101 5 50
101 6 61
101 7 52
101 8 62
101 9 46
101 10 55
101 11 57
101 12 47
101 13 51
101 14 61
101 15 51
101 16 50
101 17 41
101 18 21
101 19 28
101 20 39
101 21 37
101 22 47
101 23 64
101 24 51
101 25 26
101 26 66
101 27 44
101 28 53
101 29 43
101 30 65
101 31 69
101 32 58
101 33 43
101 34 46
101 35 58
101 36 34
101 37 47
101 38 49
101 39 58
101 40 55
101 41 63
101 42 65
101 43 58
101 44 54
101 45 54
101 46 58
101 47 51
101 48 49
101 49 58
101 50 58
101 51 42
101 52 56
101 53 62
101 54 57
101 55 49
101 56 52
101 57 42
101 58 51
101 59 47
101 60 56
101 61 41
101 62 36
101 63 52
101 64 45
101 65 57
101 66 51
101 67 46
101 68 35
101 72 58
101 73 50
101 74 60
101 75 68
101 76 50
101 77 43
101 78 48
101 79 50
101 80 21
101 81 35
101 82 61
101 83 50
101 84 61
101 88 25
101 89 27
101 90 46
101 91 53
101 92 53
101 93 49
101 94 37
101 95 59
101 96 55
101 100 47
101 101 100
101 102 27
101 103 53
101 104 56
101 105 61
101 106 52
101 107 52
101 108 43
101 109 29
101 110 47
101 111 50
102 0 35
102 1 21
102 2 25
102 3 30
102 4 25
102 5 18
102 6 27
102 7 25
102 8 18
102 9 16
102 10 20
102 11 22
102 12 13
102 13 20
102 14 18
102 15 15
102 16 23
102 17 16
102 18 15
102 19 15
102 20 14
102 21 29
102 22 21
102 23 28
102 24 39
102 25 41
102 26 25
102 27 21
102 28 19
102 29 16
102 30 37
102 31 20
102 32 38
102 33 18
102 34 11
102 35 32
102 36 27
102 37 41
102 38 20
102 39 23
102 40 19
102 41 26
102 42 39
102 43 30
102 44 14
102 45 26
102 46 20
102 47 25
102 48 32
102 49 22
102 50 43
102 51 19
102 52 24
102 53 25
102 54 39
102 55 16
102 56 19
102 57 18
102 58 46
102 59 35
102 60 19
102 61 30
102 62 16
102 63 18
102 64 25
102 65 37
102 66 22
102 67 18
102 68 27
102 72 20
102 73 25
102 74 27
102 75 25
102 76 29
102 77 12
102 78 20
102 79 22
102 80 12
102 81 29
102 82 32
102 83 25
102 84 28
102 88 20
102 89 19
102 90 14
102 91 29
102 92 28
102 93 24
102 94 19
102 95 43
102 96 31
102 100 24
102 101 27
102 102 100
102 103 43
102 104 16
102 105 24
102 106 22
102 107 19
102 108 10
102 109 11
102 110 13
102 111 19
103 0 57
103 1 47
103 2 50
103 3 52
103 4 49
103 5 44
103 6 56
103 7 47
103 8 43
103 9 25
103 10 51
103 11 43
103 12 33
103 13 35
103 14 42
103 15 40
103 16 44
103 17 24
103 18 9
103 19 14
103 20 19
103 21 39
103 22 38
103 23 54
103 24 35
103 25 18
103 26 49
103 27 33
103 28 39
103 29 29
103 30 50
103 31 54
103 32 45
103 33 24
103 34 21
103 35 61
103 36 44
103 37 47
103 38 34
103 39 47
103 40 32
103 41 43
103 42 45
103 43 34
103 44 30
103 45 55
103 46 43
103 47 47
103 48 47
103 49 40
103 50 48
103 51 22
103 52 40
103 53 39
103 54 47
103 55 28
103 56 33
103 57 19
103 58 37
103 59 41
103 60 28
103 61 40
103 62 26
103 63 40
103 64 34
103 65 50
103 66 39
103 67 24
103 68 46
103 72 37
103 73 47
103 74 46
103 75 52
103 76 28
103 77 23
103 78 31
103 79 43
103 80 20
103 81 43
103 82 55
103 83 33
103 84 41
103 88 22
103 89 19
103 90 19
103 91 55
103 92 43
103 93 32
103 94 34
103 95 52
103 96 56
103 100 45
103 101 53
103 102 43
103 103 99
103 104 51
103 105 62
103 106 48
103 107 47
103 108 39
103 109 20
103 110 48
103 111 49
104 0 31
104 1 44
104 2 41
104 3 30
104 4 50
104 5 51
104 6 47
104 7 49
104 8 53
104 9 38
104 10 48
104 11 56
104 12 46
104 13 43
104 14 57
104 15 53
104 16 46
104 17 32
104 18 16
104 19 23
104 20 29
104 21 36
104 22 34
104 23 44
104 24 33
104 25 18
104 26 42
104 27 32
104 28 45
104 29 38
104 30 41
104 31 45
104 32 41
104 33 34
104 34 31
104 35 43
104 36 35
104 37 35
104 38 32
104 39 43
104 40 37
104 41 40
104 42 42
104 43 41
104 44 33
104 45 53
104 46 39
104 47 47
104 48 47
104 49 43
104 50 44
104 51 30
104 52 41
104 53 47
104 54 45
104 55 35
104 56 34
104 57 36
104 58 34
104 59 40
104 60 29
104 61 44
104 62 41
104 63 28
104 64 29
104 65 44
104 66 37
104 67 36
104 68 32
104 72 42
104 73 35
104 74 41
104 75 43
104 76 28
104 77 29
104 78 36
104 79 34
104 80 18
104 81 34
104 82 36
104 83 34
104 84 32
104 88 22
104 89 20
104 90 27
104 91 47
104 92 33
104 93 29
104 94 31
104 95 40
104 96 46
104 100 52
104 101 56
104 102 16
104 103 51
104 104 99
104 105 61
104 106 58
104 107 52
104 108 43
104 109 25
104 110 46
104 111 56
105 0 51
105 1 53
105 2 51
105 3 38
105 4 54
105 5 49
105 6 53
105 7 45
105 8 53
105 9 36
105 10 56
105 11 59
105 12 39
105 13 43
105 14 55
105 15 50
105 16 53
105 17 36
105 18 24
105 19 28
105 20 33
105 21 45
105 22 47
105 23 54
105 24 39
105 25 27
105 26 52
105 27 40
105 28 46
105 29 33
105 30 49
105 31 57
105 32 46
105 33 27
105 34 35
105 35 49
105 36 37
105 37 46
105 38 42
105 39 54
105 40 42
105 41 46
105 42 50
105 43 44
105 44 41
105 45 52
105 46 45
105 47 48
105 48 45
105 49 40
105 50 47
105 51 32
105 52 45
105 53 44
105 54 50
105 55 43
105 56 42
105 57 34
105 58 38
105 59 39
105 60 38
105 61 46
105 62 40
105 63 39
105 64 34
105 65 47
105 66 45
105 67 38
105 68 43
105 72 41
105 73 55
105 74 54
105 75 52
105 76 31
105 77 34
105 78 43
105 79 45
105 80 23
105 81 40
105 82 49
105 83 37
105 84 49
105 88 22
105 89 19
105 90 27
105 91 56
105 92 50
105 93 38
105 94 30
105 95 44
105 96 48
105 100 48
105 101 61
105 102 24
105 103 62
105 104 61
105 105 100
105 106 66
105 107 65
105 108 54
105 109 37
105 110 63
105 111 67
106 0 37
106 1 40
106 2 37
106 3 31
106 4 54
106 5 53
106 6 50
106 7 47
106 8 50
106 9 29
106 10 57
106 11 57
106 12 34
106 13 41
106 14 54
106 15 52
106 16 56
106 17 32
106 18 13
106 19 21
106 20 27
106 21 34
106 22 37
106 23 41
106 24 32
106 25 23
106 26 38
106 27 29
106 28 44
106 29 30
106 30 35
106 31 46
106 32 41
106 33 21
106 34 30
106 35 40
106 36 32
106 37 38
106 38 31
106 39 38
106 40 32
106 41 42
106 42 38
106 43 32
106 44 34
106 45 44
106 46 35
106 47 43
106 48 40
106 49 34
106 50 42
106 51 32
106 52 39
106 53 42
106 54 42
106 55 33
106 56 35
106 57 31
106 58 27
106 59 26
106 60 26
106 61 51
106 62 38
106 63 30
106 64 30
106 65 42
106 66 39
106 67 28
106 68 34
106 72 42
106 73 42
106 74 50
106 75 46
106 76 29
106 77 32
106 78 28
106 79 44
106 80 17
106 81 35
106 82 41
106 83 36
106 84 35
106 88 17
106 89 14
106 90 23
106 91 44
106 92 37
106 93 29
106 94 31
106 95 34
106 96 39
106 100 53
106 101 52
106 102 22
106 103 48
106 104 58
106 105 66
106 106 100
106 107 68
106 108 46
106 109 50
106 110 53
106 111 68
107 0 50
107 1 40
107 2 42
107 3 19
107 4 52
107 5 49
107 6 58
107 7 41
107 8 47
107 9 22
107 10 60
107 11 54
107 12 36
107 13 42
107 14 50
107 15 49
107 16 50
107 17 19
107 18 9
107 19 15
107 20 21
107 21 29
107 22 44
107 23 41
107 24 23
107 25 19
107 26 41
107 27 27
107 28 38
107 29 26
107 30 33
107 31 50
107 32 36
107 33 22
107 34 24
107 35 31
107 36 28
107 37 41
107 38 30
107 39 34
107 40 34
107 41 36
107 42 32
107 43 25
107 44 31
107 45 42
107 46 29
107 47 39
107 48 33
107 49 34
107 50 35
107 51 22
107 52 33
107 53 37
107 54 34
107 55 23
107 56 33
107 57 20
107 58 25
107 59 27
107 60 31
107 61 36
107 62 25
107 63 33
107 64 32
107 65 37
107 66 39
107 67 28
107 68 26
107 72 31
107 73 38
107 74 44
107 75 48
107 76 15
107 77 23
107 78 29
107 79 34
107 80 13
107 81 35
107 82 35
107 83 41
107 84 35
107 88 18
107 89 15
107 90 23
107 91 45
107 92 37
107 93 28
107 94 27
107 95 35
107 96 44
107 100 39
107 101 52
107 102 19
107 103 47
107 104 52
107 105 65
107 106 68
107 107 99
107 108 40
107 109 47
107 110 54
107 111 68
108 0 33
108 1 36
108 2 33
108 3 25
108 4 44
108 5 38
108 6 43
108 7 43
108 8 49
108 9 27
108 10 55
108 11 47
108 12 37
108 13 28
108 14 42
108 15 43
108 16 47
108 17 33
108 18 9
108 19 22
108 20 29
108 21 28
108 22 40
108 23 36
108 24 30
108 25 13
108 26 35
108 27 26
108 28 33
108 29 33
108 30 34
108 31 45
108 32 38
108 33 30
108 34 38
108 35 31
108 36 29
108 37 23
108 38 29
108 39 34
108 40 29
108 41 33
108 42 27
108 43 31
108 44 25
108 45 40
108 46 32
108 47 37
108 48 38
108 49 28
108 50 31
108 51 39
108 52 37
108 53 36
108 54 37
108 55 31
108 56 35
108 57 28
108 58 28
108 59 30
108 60 25
108 61 38
108 62 36
108 63 26
108 64 33
108 65 34
108 66 38
108 67 32
108 68 23
108 72 29
108 73 33
108 74 35
108 75 45
108 76 29
108 77 30
108 78 31
108 79 37
108 80 16
108 81 26
108 82 33
108 83 27
108 84 27
108 88 21
108 89 33
108 90 18
108 91 35
108 92 29
108 93 31
108 94 26
108 95 32
108 96 32
108 100 44
108 101 43
108 102 10
108 103 39
108 104 43
108 105 54
108 106 46
108 107 40
108 108 100
108 109 18
108 110 77
108 111 50
109 0 31
109 1 26
109 2 27
109 3 13
109 4 49
109 5 37
109 6 41
109 7 34
109 8 41
109 9 29
109 10 35
109 11 42
109 12 30
109 13 35
109 14 35
109 15 39
109 16 30
109 17 25
109 18 16
109 19 34
109 20 28
109 21 27
109 22 33
109 23 25
109 24 29
109 25 9
109 26 26
109 27 22
109 28 37
109 29 19
109 30 25
109 31 27
109 32 32
109 33 27
109 34 31
109 35 19
109 36 14
109 37 26
109 38 22
109 39 23
109 40 22
109 41 31
109 42 27
109 43 33
109 44 34
109 45 31
109 46 18
109 47 32
109 48 21
109 49 26
109 50 30
109 51 19
109 52 37
109 53 27
109 54 33
109 55 33
109 56 34
109 57 31
109 58 22
109 59 21
109 60 23
109 61 32
109 62 30
109 63 21
109 64 22
109 65 31
109 66 37
109 67 31
109 68 23
109 72 30
109 73 27
109 74 35
109 75 36
109 76 16
109 77 38
109 78 27
109 79 30
109 80 12
109 81 39
109 82 28
109 83 34
109 84 24
109 88 20
109 89 31
109 90 23
109 91 28
109 92 25
109 93 24
109 94 17
109 95 21
109 96 24
109 100 36
109 101 29
109 102 11
109 103 20
109 104 25
109 105 37
109 106 50
109 107 47
109 108 18
109 109 99
109 110 25
109 111 52
110 0 36
110 1 31
110 2 31
110 3 20
110 4 51
110 5 48
110 6 48
110 7 42
110 8 48
110 9 18
110 10 64
110 11 46
110 12 32
110 13 31
110 14 48
110 15 48
110 16 51
110 17 30
110 18 12
110 19 18
110 20 22
110 21 32
110 22 34
110 23 32
110 24 22
110 25 13
110 26 31
110 27 27
110 28 32
110 29 28
110 30 31
110 31 50
110 32 32
110 33 19
110 34 18
110 35 28
110 36 30
110 37 29
110 38 23
110 39 33
110 40 25
110 41 28
110 42 25
110 43 24
110 44 23
110 45 42
110 46 23
110 47 36
110 48 34
110 49 23
110 50 31
110 51 17
110 52 26
110 53 25
110 54 28
110 55 22
110 56 36
110 57 24
110 58 20
110 59 23
110 60 20
110 61 38
110 62 33
110 63 24
110 64 28
110 65 29
110 66 38
110 67 32
110 68 33
110 72 27
110 73 38
110 74 39
110 75 41
110 76 14
110 77 25
110 78 18
110 79 41
110 80 17
110 81 36
110 82 32
110 83 25
110 84 26
110 88 15
110 89 19
110 90 10
110 91 39
110 92 27
110 93 21
110 94 27
110 95 29
110 96 39
110 100 36
110 101 47
110 102 13
110 103 48
110 104 46
110 105 63
110 106 53
110 107 54
110 108 77
110 109 25
110 110 100
110 111 59
111 0 41
111 1 40
111 2 37
111 3 26
111 4 58
111 5 47
111 6 52
111 7 50
111 8 47
111 9 28
111 10 58
111 11 46
111 12 34
111 13 43
111 14 46
111 15 55
111 16 49
111 17 28
111 18 12
111 19 23
111 20 26
111 21 41
111 22 45
111 23 41
111 24 31
111 25 21
111 26 37
111 27 32
111 28 45
111 29 28
111 30 37
111 31 49
111 32 41
111 33 27
111 34 30
111 35 35
111 36 28
111 37 39
111 38 36
111 39 36
111 40 36
111 41 43
111 42 39
111 43 35
111 44 35
111 45 52
111 46 32
111 47 50
111 48 40
111 49 38
111 50 42
111 51 20
111 52 37
111 53 36
111 54 40
111 55 32
111 56 32
111 57 33
111 58 27
111 59 36
111 60 27
111 61 44
111 62 40
111 63 31
111 64 24
111 65 41
111 66 41
111 67 36
111 68 27
111 72 39
111 73 37
111 74 44
111 75 46
111 76 21
111 77 28
111 78 27
111 79 33
111 80 12
111 81 36
111 82 36
111 83 35
111 84 35
111 88 24
111 89 22
111 90 21
111 91 50
111 92 37
111 93 29
111 94 31
111 95 40
111 96 47
111 100 54
111 101 50
111 102 19
111 103 49
111 104 56
111 105 67
111 106 68
111 107 68
111 108 50
111 109 52
111 110 59
111 111 100
