0 0 99
0 1 55
0 2 61
0 3 46
0 4 51
0 5 77
0 6 86
0 7 65
0 8 47
0 9 59
0 10 62
0 11 61
0 12 42
0 13 52
0 14 36
0 15 65
0 16 63
0 17 57
0 18 61
0 19 52
0 20 48
0 21 57
0 22 53
0 23 70
0 24 57
0 25 59
0 26 33
0 27 25
0 28 49
0 29 31
0 30 49
0 31 35
0 32 43
0 33 58
1 0 55
1 1 100
1 2 58
1 3 42
1 4 39
1 5 59
1 6 58
1 7 54
1 8 86
1 9 64
1 10 73
1 11 60
1 12 47
1 13 57
1 14 37
1 15 66
1 16 61
1 17 53
1 18 40
1 19 51
1 20 38
1 21 31
1 22 50
1 23 49
1 24 58
1 25 39
1 26 34
1 27 16
1 28 44
1 29 29
1 30 55
1 31 47
1 32 61
1 33 61
2 0 61
2 1 58
2 2 100
2 3 60
2 4 40
2 5 55
2 6 64
2 7 60
2 8 55
2 9 76
2 10 49
2 11 98
2 12 41
2 13 53
2 14 48
2 15 68
2 16 57
2 17 74
2 18 34
2 19 40
2 20 31
2 21 32
2 22 35
2 23 42
2 24 49
2 25 32
2 26 32
2 27 11
2 28 39
2 29 29
2 30 51
2 31 33
2 32 46
2 33 56
3 0 46
3 1 42
3 2 60
3 3 100
3 4 33
3 5 43
3 6 52
3 7 43
3 8 39
3 9 65
3 10 36
3 11 59
3 12 50
3 13 40
3 14 35
3 15 53
3 16 60
3 17 82
3 18 27
3 19 38
3 20 21
3 21 23
3 22 28
3 23 29
3 24 42
3 25 32
3 26 28
3 27 13
3 28 42
3 29 21
3 30 38
3 31 30
3 32 38
3 33 44
4 0 51
4 1 39
4 2 40
4 3 33
4 4 100
4 5 53
4 6 56
4 7 57
4 8 40
4 9 41
4 10 50
4 11 41
4 12 42
4 13 43
4 14 36
4 15 47
4 16 47
4 17 35
4 18 61
4 19 47
4 20 50
4 21 48
4 22 44
4 23 55
4 24 54
4 25 74
4 26 79
4 27 28
4 28 47
4 29 62
4 30 49
4 31 37
4 32 46
4 33 56
5 0 77
5 1 59
5 2 55
5 3 43
5 4 53
5 5 100
5 6 73
5 7 69
5 8 51
5 9 58
5 10 64
5 11 54
5 12 48
5 13 61
5 14 46
5 15 61
5 16 58
5 17 51
5 18 63
5 19 56
5 20 50
5 21 60
5 22 50
5 23 66
5 24 62
5 25 53
5 26 42
5 27 29
5 28 52
5 29 33
5 30 49
5 31 38
5 32 50
5 33 61
6 0 86
6 1 58
6 2 64
6 3 52
6 4 56
6 5 73
6 6 99
6 7 65
6 8 52
6 9 68
6 10 59
6 11 64
6 12 48
6 13 53
6 14 40
6 15 68
6 16 63
6 17 60
6 18 56
6 19 51
6 20 45
6 21 54
6 22 51
6 23 65
6 24 58
6 25 62
6 26 41
6 27 23
6 28 51
6 29 34
6 30 49
6 31 38
6 32 51
6 33 60
7 0 65
7 1 54
7 2 60
7 3 43
7 4 57
7 5 69
7 6 65
7 7 100
7 8 51
7 9 61
7 10 59
7 11 61
7 12 46
7 13 52
7 14 38
7 15 58
7 16 57
7 17 45
7 18 49
7 19 50
7 20 49
7 21 60
7 22 47
7 23 62
7 24 61
7 25 49
7 26 54
7 27 27
7 28 48
7 29 40
7 30 54
7 31 42
7 32 51
7 33 63
8 0 47
8 1 86
8 2 55
8 3 39
8 4 40
8 5 51
8 6 52
8 7 51
8 8 99
8 9 62
8 10 51
8 11 58
8 12 44
8 13 45
8 14 26
8 15 57
8 16 52
8 17 46
8 18 35
8 19 49
8 20 36
8 21 33
8 22 45
8 23 52
8 24 61
8 25 37
8 26 36
8 27 10
8 28 39
8 29 25
8 30 47
8 31 37
8 32 57
8 33 58
9 0 59
9 1 64
9 2 76
9 3 65
9 4 41
9 5 58
9 6 68
9 7 61
9 8 62
9 9 99
9 10 53
9 11 75
9 12 43
9 13 47
9 14 35
9 15 68
9 16 59
9 17 77
9 18 36
9 19 47
9 20 31
9 21 34
9 22 33
9 23 47
9 24 57
9 25 36
9 26 35
9 27 18
9 28 36
9 29 27
9 30 50
9 31 36
9 32 48
9 33 56
10 0 62
10 1 73
10 2 49
10 3 36
10 4 50
10 5 64
10 6 59
10 7 59
10 8 51
10 9 53
10 10 100
10 11 51
10 12 45
10 13 57
10 14 43
10 15 56
10 16 59
10 17 44
10 18 53
10 19 46
10 20 56
10 21 42
10 22 62
10 23 50
10 24 59
10 25 42
10 26 51
10 27 29
10 28 46
10 29 47
10 30 55
10 31 51
10 32 60
10 33 58
11 0 61
11 1 60
11 2 98
11 3 59
11 4 41
11 5 54
11 6 64
11 7 61
11 8 58
11 9 75
11 10 51
11 11 100
11 12 44
11 13 52
11 14 47
11 15 69
11 16 59
11 17 72
11 18 34
11 19 42
11 20 36
11 21 36
11 22 39
11 23 45
11 24 53
11 25 34
11 26 35
11 27 10
11 28 38
11 29 34
11 30 50
11 31 33
11 32 49
11 33 57
12 0 42
12 1 47
12 2 41
12 3 50
12 4 42
12 5 48
12 6 48
12 7 46
12 8 44
12 9 43
12 10 45
12 11 44
12 12 99
12 13 37
12 14 27
12 15 41
12 16 50
12 17 40
12 18 40
12 19 59
12 20 38
12 21 37
12 22 41
12 23 44
12 24 51
12 25 40
12 26 43
12 27 13
12 28 63
12 29 28
12 30 34
12 31 27
12 32 49
12 33 58
13 0 52
13 1 57
13 2 53
13 3 40
13 4 43
13 5 61
13 6 53
13 7 52
13 8 45
13 9 47
13 10 57
13 11 52
13 12 37
13 13 100
13 14 80
13 15 57
13 16 56
13 17 43
13 18 54
13 19 39
13 20 36
13 21 34
13 22 41
13 23 45
13 24 47
13 25 38
13 26 35
13 27 10
13 28 53
13 29 30
13 30 64
13 31 54
13 32 45
13 33 46
14 0 36
14 1 37
14 2 48
14 3 35
14 4 36
14 5 46
14 6 40
14 7 38
14 8 26
14 9 35
14 10 43
14 11 47
14 12 27
14 13 80
14 14 99
14 15 44
14 16 42
14 17 39
14 18 45
14 19 24
14 20 29
14 21 25
14 22 31
14 23 30
14 24 39
14 25 30
14 26 29
14 27 8
14 28 48
14 29 27
14 30 47
14 31 41
14 32 32
14 33 34
15 0 65
15 1 66
15 2 68
15 3 53
15 4 47
15 5 61
15 6 68
15 7 58
15 8 57
15 9 68
15 10 56
15 11 69
15 12 41
15 13 57
15 14 44
15 15 99
15 16 67
15 17 66
15 18 47
15 19 50
15 20 45
15 21 38
15 22 45
15 23 50
15 24 55
15 25 41
15 26 39
15 27 13
15 28 46
15 29 39
15 30 51
15 31 43
15 32 50
15 33 57
16 0 63
16 1 61
16 2 57
16 3 60
16 4 47
16 5 58
16 6 63
16 7 57
16 8 52
16 9 59
16 10 59
16 11 59
16 12 50
16 13 56
16 14 42
16 15 67
16 16 99
16 17 58
16 18 45
16 19 47
16 20 48
16 21 35
16 22 45
16 23 53
16 24 55
16 25 49
16 26 41
16 27 16
16 28 49
16 29 33
16 30 49
16 31 44
16 32 57
16 33 52
17 0 57
17 1 53
17 2 74
17 3 82
17 4 35
17 5 51
17 6 60
17 7 45
17 8 46
17 9 77
17 10 44
17 11 72
17 12 40
17 13 43
17 14 39
17 15 66
17 16 58
17 17 99
17 18 28
17 19 42
17 20 23
17 21 19
17 22 24
17 23 30
17 24 42
17 25 34
17 26 26
17 27 16
17 28 38
17 29 21
17 30 43
17 31 31
17 32 39
17 33 46
18 0 61
18 1 40
18 2 34
18 3 27
18 4 61
18 5 63
18 6 56
18 7 49
18 8 35
18 9 36
18 10 53
18 11 34
18 12 40
18 13 54
18 14 45
18 15 47
18 16 45
18 17 28
18 18 100
18 19 45
18 20 55
18 21 59
18 22 54
18 23 67
18 24 63
18 25 59
18 26 44
18 27 26
18 28 56
18 29 41
18 30 49
18 31 37
18 32 43
18 33 53
19 0 52
19 1 51
19 2 40
19 3 38
19 4 47
19 5 56
19 6 51
19 7 50
19 8 49
19 9 47
19 10 46
19 11 42
19 12 59
19 13 39
19 14 24
19 15 50
19 16 47
19 17 42
19 18 45
19 19 100
19 20 43
19 21 39
19 22 47
19 23 53
19 24 55
19 25 52
19 26 39
19 27 18
19 28 49
19 29 28
19 30 35
19 31 28
19 32 43
19 33 59
20 0 48
20 1 38
20 2 31
20 3 21
20 4 50
20 5 50
20 6 45
20 7 49
20 8 36
20 9 31
20 10 56
20 11 36
20 12 38
20 13 36
20 14 29
20 15 45
20 16 48
20 17 23
20 18 55
20 19 43
20 20 99
20 21 49
20 22 53
20 23 55
20 24 60
20 25 41
20 26 53
20 27 17
20 28 41
20 29 45
20 30 36
20 31 34
20 32 48
20 33 52
21 0 57
21 1 31
21 2 32
21 3 23
21 4 48
21 5 60
21 6 54
21 7 60
21 8 33
21 9 34
21 10 42
21 11 36
21 12 37
21 13 34
21 14 25
21 15 38
21 16 35
21 17 19
21 18 59
21 19 39
21 20 49
21 21 100
21 22 51
21 23 64
21 24 58
21 25 46
21 26 44
21 27 20
21 28 40
21 29 40
21 30 32
21 31 32
21 32 37
21 33 53
22 0 53
22 1 50
22 2 35
22 3 28
22 4 44
22 5 50
22 6 51
22 7 47
22 8 45
22 9 33
22 10 62
22 11 39
22 12 41
22 13 41
22 14 31
22 15 45
22 16 45
22 17 24
22 18 54
22 19 47
22 20 53
22 21 51
22 22 99
22 23 60
22 24 60
22 25 38
22 26 46
22 27 11
22 28 40
22 29 48
22 30 41
22 31 36
22 32 49
22 33 53
23 0 70
23 1 49
23 2 42
23 3 29
23 4 55
23 5 66
23 6 65
23 7 62
23 8 52
23 9 47
23 10 50
23 11 45
23 12 44
23 13 45
23 14 30
23 15 50
23 16 53
23 17 30
23 18 67
23 19 53
23 20 55
23 21 64
23 22 60
23 23 100
23 24 65
23 25 59
23 26 42
23 27 18
23 28 50
23 29 38
23 30 49
23 31 40
23 32 48
23 33 62
24 0 57
24 1 58
24 2 49
24 3 42
24 4 54
24 5 62
24 6 58
24 7 61
24 8 61
24 9 57
24 10 59
24 11 53
24 12 51
24 13 47
24 14 39
24 15 55
24 16 55
24 17 42
24 18 63
24 19 55
24 20 60
24 21 58
24 22 60
24 23 65
24 24 100
24 25 49
24 26 52
24 27 21
24 28 50
24 29 44
24 30 47
24 31 35
24 32 60
24 33 69
25 0 59
25 1 39
25 2 32
25 3 32
25 4 74
25 5 53
25 6 62
25 7 49
25 8 37
25 9 36
25 10 42
25 11 34
25 12 40
25 13 38
25 14 30
25 15 41
25 16 49
25 17 34
25 18 59
25 19 52
25 20 41
25 21 46
25 22 38
25 23 59
25 24 49
25 25 100
25 26 42
25 27 22
25 28 49
25 29 39
25 30 41
25 31 34
25 32 42
25 33 49
26 0 33
26 1 34
26 2 32
26 3 28
26 4 79
26 5 42
26 6 41
26 7 54
26 8 36
26 9 35
26 10 51
26 11 35
26 12 43
26 13 35
26 14 29
26 15 39
26 16 41
26 17 26
26 18 44
26 19 39
26 20 53
26 21 44
26 22 46
26 23 42
26 24 52
26 25 42
26 26 100
26 27 25
26 28 39
26 29 61
26 30 38
26 31 36
26 32 48
26 33 54
27 0 25
27 1 16
27 2 11
27 3 13
27 4 28
27 5 29
27 6 23
27 7 27
27 8 10
27 9 18
27 10 29
27 11 10
27 12 13
27 13 10
27 14 8
27 15 13
27 16 16
27 17 16
27 18 26
27 19 18
27 20 17
27 21 20
27 22 11
27 23 18
27 24 21
27 25 22
27 26 25
27 27 99
27 28 19
27 29 20
27 30 14
27 31 15
27 32 17
27 33 24
28 0 49
28 1 44
28 2 39
28 3 42
28 4 47
28 5 52
28 6 51
28 7 48
28 8 39
28 9 36
28 10 46
28 11 38
28 12 63
28 13 53
28 14 48
28 15 46
28 16 49
28 17 38
28 18 56
28 19 49
28 20 41
28 21 40
28 22 40
28 23 50
28 24 50
28 25 49
28 26 39
28 27 19
28 28 99
28 29 28
28 30 46
28 31 46
28 32 47
28 33 54
29 0 31
29 1 29
29 2 29
29 3 21
29 4 62
29 5 33
29 6 34
29 7 40
29 8 25
29 9 27
29 10 47
29 11 34
29 12 28
29 13 30
29 14 27
29 15 39
29 16 33
29 17 21
29 18 41
29 19 28
29 20 45
29 21 40
29 22 48
29 23 38
29 24 44
29 25 39
29 26 61
29 27 20
29 28 28
29 29 99
29 30 31
29 31 34
29 32 43
29 33 43
30 0 49
30 1 55
30 2 51
30 3 38
30 4 49
30 5 49
30 6 49
30 7 54
30 8 47
30 9 50
30 10 55
30 11 50
30 12 34
30 13 64
30 14 47
30 15 51
30 16 49
30 17 43
30 18 49
30 19 35
30 20 36
30 21 32
30 22 41
30 23 49
30 24 47
30 25 41
30 26 38
30 27 14
30 28 46
30 29 31
30 30 100
30 31 56
30 32 43
30 33 53
31 0 35
31 1 47
31 2 33
31 3 30
31 4 37
31 5 38
31 6 38
31 7 42
31 8 37
31 9 36
31 10 51
31 11 33
31 12 27
31 13 54
31 14 41
31 15 43
31 16 44
31 17 31
31 18 37
31 19 28
31 20 34
31 21 32
31 22 36
31 23 40
31 24 35
31 25 34
31 26 36
31 27 15
31 28 46
31 29 34
31 30 56
31 31 99
31 32 43
31 33 43
32 0 43
32 1 61
32 2 46
32 3 38
32 4 46
32 5 50
32 6 51
32 7 51
32 8 57
32 9 48
32 10 60
32 11 49
32 12 49
32 13 45
32 14 32
32 15 50
32 16 57
32 17 39
32 18 43
32 19 43
32 20 48
32 21 37
32 22 49
32 23 48
32 24 60
32 25 42
32 26 48
32 27 17
32 28 47
32 29 43
32 30 43
32 31 43
32 32 100
32 33 58
33 0 58
33 1 61
33 2 56
33 3 44
33 4 56
33 5 61
33 6 60
33 7 63
33 8 58
33 9 56
33 10 58
33 11 57
33 12 58
33 13 46
33 14 34
33 15 57
33 16 52
33 17 46
33 18 53
33 19 59
33 20 52
33 21 53
33 22 53
33 23 62
33 24 69
33 25 49
33 26 54
33 27 24
33 28 54
33 29 43
33 30 53
33 31 43
33 32 58
33 33 100
