0 0 100
0 1 58
0 2 52
0 3 49
0 4 46
0 5 84
0 6 59
0 7 49
0 8 61
0 9 52
0 10 50
0 11 38
0 12 55
0 13 48
0 14 52
0 15 52
0 16 42
0 17 51
0 18 54
0 19 36
0 20 49
0 21 58
0 22 41
0 23 50
0 24 46
0 25 53
0 26 54
0 27 54
1 0 58
1 1 99
1 2 53
1 3 40
1 4 41
1 5 61
1 6 61
1 7 43
1 8 93
1 9 46
1 10 51
1 11 49
1 12 52
1 13 41
1 14 47
1 15 51
1 16 38
1 17 44
1 18 43
1 19 31
1 20 45
1 21 38
1 22 34
1 23 37
1 24 37
1 25 52
1 26 32
1 27 44
2 0 52
2 1 53
2 2 100
2 3 32
2 4 44
2 5 51
2 6 51
2 7 52
2 8 57
2 9 87
2 10 55
2 11 33
2 12 46
2 13 38
2 14 48
2 15 50
2 16 31
2 17 42
2 18 44
2 19 23
2 20 37
2 21 40
2 22 42
2 23 34
2 24 38
2 25 42
2 26 28
2 27 37
3 0 49
3 1 40
3 2 32
3 3 100
3 4 41
3 5 67
3 6 45
3 7 45
3 8 42
3 9 37
3 10 48
3 11 30
3 12 56
3 13 47
3 14 34
3 15 43
3 16 61
3 17 52
3 18 84
3 19 41
3 20 72
3 21 57
3 22 34
3 23 55
3 24 46
3 25 52
3 26 51
3 27 61
4 0 46
4 1 41
4 2 44
4 3 41
4 4 99
4 5 54
4 6 46
4 7 40
4 8 46
4 9 44
4 10 42
4 11 33
4 12 49
4 13 41
4 14 37
4 15 52
4 16 34
4 17 48
4 18 49
4 19 42
4 20 55
4 21 52
4 22 93
4 23 51
4 24 45
4 25 54
4 26 43
4 27 46
5 0 84
5 1 61
5 2 51
5 3 67
5 4 54
5 5 100
5 6 64
5 7 53
5 8 63
5 9 52
5 10 59
5 11 47
5 12 67
5 13 54
5 14 53
5 15 58
5 16 62
5 17 65
5 18 73
5 19 46
5 20 68
5 21 68
5 22 48
5 23 59
5 24 52
5 25 64
5 26 62
5 27 64
6 0 59
6 1 61
6 2 51
6 3 45
6 4 46
6 5 64
6 6 99
6 7 63
6 8 61
6 9 47
6 10 54
6 11 37
6 12 44
6 13 51
6 14 50
6 15 56
6 16 41
6 17 44
6 18 49
6 19 32
6 20 47
6 21 47
6 22 41
6 23 42
6 24 38
6 25 45
6 26 38
6 27 44
7 0 49
7 1 43
7 2 52
7 3 45
7 4 40
7 5 53
7 6 63
7 7 100
7 8 53
7 9 54
7 10 63
7 11 30
7 12 55
7 13 43
7 14 41
7 15 52
7 16 42
7 17 52
7 18 57
7 19 34
7 20 49
7 21 51
7 22 36
7 23 51
7 24 48
7 25 45
7 26 42
7 27 43
8 0 61
8 1 93
8 2 57
8 3 42
8 4 46
8 5 63
8 6 61
8 7 53
8 8 100
8 9 53
8 10 54
8 11 45
8 12 55
8 13 45
8 14 47
8 15 50
8 16 40
8 17 49
8 18 47
8 19 31
8 20 49
8 21 44
8 22 41
8 23 43
8 24 42
8 25 52
8 26 35
8 27 45
9 0 52
9 1 46
9 2 87
9 3 37
9 4 44
9 5 52
9 6 47
9 7 54
9 8 53
9 9 100
9 10 47
9 11 33
9 12 49
9 13 35
9 14 49
9 15 45
9 16 29
9 17 47
9 18 52
9 19 21
9 20 38
9 21 44
9 22 41
9 23 41
9 24 42
9 25 48
9 26 33
9 27 42
10 0 50
10 1 51
10 2 55
10 3 48
10 4 42
10 5 59
10 6 54
10 7 63
10 8 54
10 9 47
10 10 100
10 11 33
10 12 61
10 13 49
10 14 39
10 15 48
10 16 55
10 17 65
10 18 57
10 19 44
10 20 63
10 21 60
10 22 40
10 23 47
10 24 60
10 25 52
10 26 45
10 27 59
11 0 38
11 1 49
11 2 33
11 3 30
11 4 33
11 5 47
11 6 37
11 7 30
11 8 45
11 9 33
11 10 33
11 11 100
11 12 40
11 13 32
11 14 52
11 15 35
11 16 29
11 17 35
11 18 34
11 19 21
11 20 39
11 21 30
11 22 29
11 23 34
11 24 28
11 25 53
11 26 25
11 27 35
12 0 55
12 1 52
12 2 46
12 3 56
12 4 49
12 5 67
12 6 44
12 7 55
12 8 55
12 9 49
12 10 61
12 11 40
12 12 100
12 13 46
12 14 38
12 15 50
12 16 54
12 17 70
12 18 67
12 19 52
12 20 66
12 21 62
12 22 45
12 23 54
12 24 54
12 25 62
12 26 68
12 27 65
13 0 48
13 1 41
13 2 38
13 3 47
13 4 41
13 5 54
13 6 51
13 7 43
13 8 45
13 9 35
13 10 49
13 11 32
13 12 46
13 13 100
13 14 35
13 15 48
13 16 60
13 17 46
13 18 51
13 19 55
13 20 60
13 21 40
13 22 38
13 23 42
13 24 48
13 25 37
13 26 36
13 27 45
14 0 52
14 1 47
14 2 48
14 3 34
14 4 37
14 5 53
14 6 50
14 7 41
14 8 47
14 9 49
14 10 39
14 11 52
14 12 38
14 13 35
14 14 99
14 15 45
14 16 27
14 17 38
14 18 43
14 19 16
14 20 32
14 21 42
14 22 36
14 23 33
14 24 29
14 25 47
14 26 31
14 27 38
15 0 52
15 1 51
15 2 50
15 3 43
15 4 52
15 5 58
15 6 56
15 7 52
15 8 50
15 9 45
15 10 48
15 11 35
15 12 50
15 13 48
15 14 45
15 15 100
15 16 44
15 17 50
15 18 54
15 19 38
15 20 50
15 21 48
15 22 41
15 23 48
15 24 44
15 25 50
15 26 45
15 27 42
16 0 42
16 1 38
16 2 31
16 3 61
16 4 34
16 5 62
16 6 41
16 7 42
16 8 40
16 9 29
16 10 55
16 11 29
16 12 54
16 13 60
16 14 27
16 15 44
16 16 99
16 17 61
16 18 62
16 19 53
16 20 67
16 21 53
16 22 29
16 23 45
16 24 47
16 25 42
16 26 48
16 27 49
17 0 51
17 1 44
17 2 42
17 3 52
17 4 48
17 5 65
17 6 44
17 7 52
17 8 49
17 9 47
17 10 65
17 11 35
17 12 70
17 13 46
17 14 38
17 15 50
17 16 61
17 17 100
17 18 65
17 19 45
17 20 65
17 21 62
17 22 39
17 23 53
17 24 60
17 25 57
17 26 57
17 27 61
18 0 54
18 1 43
18 2 44
18 3 84
18 4 49
18 5 73
18 6 49
18 7 57
18 8 47
18 9 52
18 10 57
18 11 34
18 12 67
18 13 51
18 14 43
18 15 54
18 16 62
18 17 65
18 18 99
18 19 47
18 20 75
18 21 66
18 22 41
18 23 66
18 24 59
18 25 59
18 26 60
18 27 62
19 0 36
19 1 31
19 2 23
19 3 41
19 4 42
19 5 46
19 6 32
19 7 34
19 8 31
19 9 21
19 10 44
19 11 21
19 12 52
19 13 55
19 14 16
19 15 38
19 16 53
19 17 45
19 18 47
19 19 100
19 20 65
19 21 38
19 22 36
19 23 41
19 24 50
19 25 35
19 26 38
19 27 52
20 0 49
20 1 45
20 2 37
20 3 72
20 4 55
20 5 68
20 6 47
20 7 49
20 8 49
20 9 38
20 10 63
20 11 39
20 12 66
20 13 60
20 14 32
20 15 50
20 16 67
20 17 65
20 18 75
20 19 65
20 20 99
20 21 62
20 22 46
20 23 68
20 24 66
20 25 63
20 26 55
20 27 70
21 0 58
21 1 38
21 2 40
21 3 57
21 4 52
21 5 68
21 6 47
21 7 51
21 8 44
21 9 44
21 10 60
21 11 30
21 12 62
21 13 40
21 14 42
21 15 48
21 16 53
21 17 62
21 18 66
21 19 38
21 20 62
21 21 99
21 22 49
21 23 54
21 24 50
21 25 58
21 26 67
21 27 56
22 0 41
22 1 34
22 2 42
22 3 34
22 4 93
22 5 48
22 6 41
22 7 36
22 8 41
22 9 41
22 10 40
22 11 29
22 12 45
22 13 38
22 14 36
22 15 41
22 16 29
22 17 39
22 18 41
22 19 36
22 20 46
22 21 49
22 22 100
22 23 42
22 24 38
22 25 48
22 26 40
22 27 40
23 0 50
23 1 37
23 2 34
23 3 55
23 4 51
23 5 59
23 6 42
23 7 51
23 8 43
23 9 41
23 10 47
23 11 34
23 12 54
23 13 42
23 14 33
23 15 48
23 16 45
23 17 53
23 18 66
23 19 41
23 20 68
23 21 54
23 22 42
23 23 100
23 24 60
23 25 56
23 26 46
23 27 57
24 0 46
24 1 37
24 2 38
24 3 46
24 4 45
24 5 52
24 6 38
24 7 48
24 8 42
24 9 42
24 10 60
24 11 28
24 12 54
24 13 48
24 14 29
24 15 44
24 16 47
24 17 60
24 18 59
24 19 50
24 20 66
24 21 50
24 22 38
24 23 60
24 24 99
24 25 45
24 26 43
24 27 55
25 0 53
25 1 52
25 2 42
25 3 52
25 4 54
25 5 64
25 6 45
25 7 45
25 8 52
25 9 48
25 10 52
25 11 53
25 12 62
25 13 37
25 14 47
25 15 50
25 16 42
25 17 57
25 18 59
25 19 35
25 20 63
25 21 58
25 22 48
25 23 56
25 24 45
25 25 99
25 26 55
25 27 57
26 0 54
26 1 32
26 2 28
26 3 51
26 4 43
26 5 62
26 6 38
26 7 42
26 8 35
26 9 33
26 10 45
26 11 25
26 12 68
26 13 36
26 14 31
26 15 45
26 16 48
26 17 57
26 18 60
26 19 38
26 20 55
26 21 67
26 22 40
26 23 46
26 24 43
26 25 55
26 26 100
26 27 55
27 0 54
27 1 44
27 2 37
27 3 61
27 4 46
27 5 64
27 6 44
27 7 43
27 8 45
27 9 42
27 10 59
27 11 35
27 12 65
27 13 45
27 14 38
27 15 42
27 16 49
27 17 61
27 18 62
27 19 52
27 20 70
27 21 56
27 22 40
27 23 57
27 24 55
27 25 57
27 26 55
27 27 100
