0 0 100
0 1 59
0 2 49
0 3 33
0 4 53
0 5 61
0 6 57
0 7 48
0 8 67
0 9 54
0 10 26
0 11 58
0 12 47
0 13 47
0 14 48
0 15 44
0 16 45
0 17 48
0 18 36
0 19 52
0 20 46
0 21 53
0 22 57
0 23 53
0 24 54
0 25 64
0 26 58
0 27 45
0 28 61
0 29 45
0 30 49
1 0 59
1 1 100
1 2 57
1 3 41
1 4 50
1 5 63
1 6 60
1 7 55
1 8 59
1 9 80
1 10 30
1 11 73
1 12 75
1 13 62
1 14 55
1 15 61
1 16 60
1 17 54
1 18 47
1 19 60
1 20 56
1 21 63
1 22 61
1 23 49
1 24 59
1 25 64
1 26 64
1 27 48
1 28 69
1 29 52
1 30 50
2 0 49
2 1 57
2 2 99
2 3 40
2 4 36
2 5 49
2 6 68
2 7 54
2 8 54
2 9 51
2 10 24
2 11 65
2 12 52
2 13 56
2 14 49
2 15 57
2 16 40
2 17 84
2 18 43
2 19 72
2 20 42
2 21 58
2 22 41
2 23 41
2 24 62
2 25 59
2 26 61
2 27 50
2 28 58
2 29 40
2 30 39
3 0 33
3 1 41
3 2 40
3 3 99
3 4 45
3 5 39
3 6 43
3 7 38
3 8 34
3 9 39
3 10 21
3 11 49
3 12 36
3 13 40
3 14 29
3 15 39
3 16 27
3 17 37
3 18 38
3 19 34
3 20 32
3 21 56
3 22 40
3 23 31
3 24 44
3 25 53
3 26 51
3 27 32
3 28 42
3 29 42
3 30 50
4 0 53
4 1 50
4 2 36
4 3 45
4 4 100
4 5 58
4 6 42
4 7 43
4 8 45
4 9 42
4 10 28
4 11 48
4 12 38
4 13 42
4 14 42
4 15 40
4 16 44
4 17 35
4 18 30
4 19 37
4 20 51
4 21 46
4 22 76
4 23 37
4 24 49
4 25 63
4 26 51
4 27 35
4 28 53
4 29 53
4 30 56
5 0 61
5 1 63
5 2 49
5 3 39
5 4 58
5 5 99
5 6 52
5 7 49
5 8 51
5 9 56
5 10 28
5 11 65
5 12 54
5 13 55
5 14 44
5 15 47
5 16 46
5 17 46
5 18 42
5 19 53
5 20 59
5 21 55
5 22 64
5 23 47
5 24 62
5 25 60
5 26 59
5 27 45
5 28 65
5 29 72
5 30 51
6 0 57
6 1 60
6 2 68
6 3 43
6 4 42
6 5 52
6 6 99
6 7 45
6 8 54
6 9 55
6 10 27
6 11 63
6 12 55
6 13 51
6 14 47
6 15 43
6 16 38
6 17 68
6 18 49
6 19 59
6 20 36
6 21 56
6 22 46
6 23 36
6 24 60
6 25 58
6 26 63
6 27 37
6 28 59
6 29 38
6 30 37
7 0 48
7 1 55
7 2 54
7 3 38
7 4 43
7 5 49
7 6 45
7 7 99
7 8 52
7 9 45
7 10 27
7 11 54
7 12 45
7 13 51
7 14 41
7 15 65
7 16 42
7 17 53
7 18 49
7 19 45
7 20 49
7 21 56
7 22 48
7 23 37
7 24 49
7 25 63
7 26 66
7 27 47
7 28 50
7 29 56
7 30 56
8 0 67
8 1 59
8 2 54
8 3 34
8 4 45
8 5 51
8 6 54
8 7 52
8 8 100
8 9 51
8 10 50
8 11 52
8 12 46
8 13 49
8 14 63
8 15 46
8 16 41
8 17 54
8 18 37
8 19 55
8 20 46
8 21 50
8 22 51
8 23 61
8 24 55
8 25 65
8 26 65
8 27 52
8 28 49
8 29 51
8 30 49
9 0 54
9 1 80
9 2 51
9 3 39
9 4 42
9 5 56
9 6 55
9 7 45
9 8 51
9 9 99
9 10 28
9 11 55
9 12 69
9 13 55
9 14 49
9 15 48
9 16 55
9 17 51
9 18 41
9 19 60
9 20 39
9 21 53
9 22 49
9 23 54
9 24 55
9 25 55
9 26 61
9 27 43
9 28 65
9 29 41
9 30 34
10 0 26
10 1 30
10 2 24
10 3 21
10 4 28
10 5 28
10 6 27
10 7 27
10 8 50
10 9 28
10 10 100
10 11 27
10 12 29
10 13 31
10 14 28
10 15 17
10 16 20
10 17 25
10 18 25
10 19 30
10 20 24
10 21 26
10 22 36
10 23 29
10 24 38
10 25 33
10 26 35
10 27 32
10 28 25
10 29 31
10 30 25
11 0 58
11 1 73
11 2 65
11 3 49
11 4 48
11 5 65
11 6 63
11 7 54
11 8 52
11 9 55
11 10 27
11 11 99
11 12 63
11 13 65
11 14 45
11 15 60
11 16 47
11 17 62
11 18 51
11 19 56
11 20 58
11 21 66
11 22 54
11 23 44
11 24 64
11 25 64
11 26 68
11 27 52
11 28 66
11 29 54
11 30 54
12 0 47
12 1 75
12 2 52
12 3 36
12 4 38
12 5 54
12 6 55
12 7 45
12 8 46
12 9 69
12 10 29
12 11 63
12 12 100
12 13 57
12 14 38
12 15 44
12 16 40
12 17 54
12 18 46
12 19 53
12 20 50
12 21 51
12 22 49
12 23 40
12 24 52
12 25 53
12 26 58
12 27 48
12 28 55
12 29 45
12 30 37
13 0 47
13 1 62
13 2 56
13 3 40
13 4 42
13 5 55
13 6 51
13 7 51
13 8 49
13 9 55
13 10 31
13 11 65
13 12 57
13 13 100
13 14 38
13 15 45
13 16 41
13 17 59
13 18 52
13 19 52
13 20 43
13 21 56
13 22 46
13 23 43
13 24 53
13 25 57
13 26 59
13 27 43
13 28 64
13 29 50
13 30 42
14 0 48
14 1 55
14 2 49
14 3 29
14 4 42
14 5 44
14 6 47
14 7 41
14 8 63
14 9 49
14 10 28
14 11 45
14 12 38
14 13 38
14 14 99
14 15 38
14 16 50
14 17 45
14 18 35
14 19 53
14 20 40
14 21 39
14 22 56
14 23 76
14 24 48
14 25 50
14 26 48
14 27 40
14 28 51
14 29 32
14 30 32
15 0 44
15 1 61
15 2 57
15 3 39
15 4 40
15 5 47
15 6 43
15 7 65
15 8 46
15 9 48
15 10 17
15 11 60
15 12 44
15 13 45
15 14 38
15 15 99
15 16 50
15 17 52
15 18 46
15 19 38
15 20 50
15 21 53
15 22 39
15 23 33
15 24 49
15 25 56
15 26 51
15 27 48
15 28 56
15 29 49
15 30 59
16 0 45
16 1 60
16 2 40
16 3 27
16 4 44
16 5 46
16 6 38
16 7 42
16 8 41
16 9 55
16 10 20
16 11 47
16 12 40
16 13 41
16 14 50
16 15 50
16 16 99
16 17 42
16 18 36
16 19 46
16 20 38
16 21 46
16 22 51
16 23 42
16 24 42
16 25 44
16 26 39
16 27 36
16 28 53
16 29 38
16 30 36
17 0 48
17 1 54
17 2 84
17 3 37
17 4 35
17 5 46
17 6 68
17 7 53
17 8 54
17 9 51
17 10 25
17 11 62
17 12 54
17 13 59
17 14 45
17 15 52
17 16 42
17 17 99
17 18 50
17 19 63
17 20 38
17 21 57
17 22 41
17 23 41
17 24 56
17 25 57
17 26 64
17 27 47
17 28 54
17 29 40
17 30 35
18 0 36
18 1 47
18 2 43
18 3 38
18 4 30
18 5 42
18 6 49
18 7 49
18 8 37
18 9 41
18 10 25
18 11 51
18 12 46
18 13 52
18 14 35
18 15 46
18 16 36
18 17 50
18 18 100
18 19 52
18 20 38
18 21 41
18 22 39
18 23 28
18 24 51
18 25 44
18 26 52
18 27 38
18 28 42
18 29 36
18 30 41
19 0 52
19 1 60
19 2 72
19 3 34
19 4 37
19 5 53
19 6 59
19 7 45
19 8 55
19 9 60
19 10 30
19 11 56
19 12 53
19 13 52
19 14 53
19 15 38
19 16 46
19 17 63
19 18 52
19 19 100
19 20 37
19 21 47
19 22 50
19 23 47
19 24 56
19 25 52
19 26 60
19 27 42
19 28 53
19 29 38
19 30 30
20 0 46
20 1 56
20 2 42
20 3 32
20 4 51
20 5 59
20 6 36
20 7 49
20 8 46
20 9 39
20 10 24
20 11 58
20 12 50
20 13 43
20 14 40
20 15 50
20 16 38
20 17 38
20 18 38
20 19 37
20 20 99
20 21 48
20 22 60
20 23 38
20 24 52
20 25 59
20 26 48
20 27 43
20 28 45
20 29 54
20 30 52
21 0 53
21 1 63
21 2 58
21 3 56
21 4 46
21 5 55
21 6 56
21 7 56
21 8 50
21 9 53
21 10 26
21 11 66
21 12 51
21 13 56
21 14 39
21 15 53
21 16 46
21 17 57
21 18 41
21 19 47
21 20 48
21 21 100
21 22 51
21 23 33
21 24 53
21 25 63
21 26 59
21 27 49
21 28 58
21 29 52
21 30 46
22 0 57
22 1 61
22 2 41
22 3 40
22 4 76
22 5 64
22 6 46
22 7 48
22 8 51
22 9 49
22 10 36
22 11 54
22 12 49
22 13 46
22 14 56
22 15 39
22 16 51
22 17 41
22 18 39
22 19 50
22 20 60
22 21 51
22 22 99
22 23 46
22 24 57
22 25 64
22 26 55
22 27 40
22 28 54
22 29 50
22 30 50
23 0 53
23 1 49
23 2 41
23 3 31
23 4 37
23 5 47
23 6 36
23 7 37
23 8 61
23 9 54
23 10 29
23 11 44
23 12 40
23 13 43
23 14 76
23 15 33
23 16 42
23 17 41
23 18 28
23 19 47
23 20 38
23 21 33
23 22 46
23 23 99
23 24 44
23 25 47
23 26 54
23 27 41
23 28 53
23 29 33
23 30 31
24 0 54
24 1 59
24 2 62
24 3 44
24 4 49
24 5 62
24 6 60
24 7 49
24 8 55
24 9 55
24 10 38
24 11 64
24 12 52
24 13 53
24 14 48
24 15 49
24 16 42
24 17 56
24 18 51
24 19 56
24 20 52
24 21 53
24 22 57
24 23 44
24 24 99
24 25 67
24 26 68
24 27 46
24 28 65
24 29 51
24 30 55
25 0 64
25 1 64
25 2 59
25 3 53
25 4 63
25 5 60
25 6 58
25 7 63
25 8 65
25 9 55
25 10 33
25 11 64
25 12 53
25 13 57
25 14 50
25 15 56
25 16 44
25 17 57
25 18 44
25 19 52
25 20 59
25 21 63
25 22 64
25 23 47
25 24 67
25 25 100
25 26 72
25 27 46
25 28 57
25 29 54
25 30 63
26 0 58
26 1 64
26 2 61
26 3 51
26 4 51
26 5 59
26 6 63
26 7 66
26 8 65
26 9 61
26 10 35
26 11 68
26 12 58
26 13 59
26 14 48
26 15 51
26 16 39
26 17 64
26 18 52
26 19 60
26 20 48
26 21 59
26 22 55
26 23 54
26 24 68
26 25 72
26 26 99
26 27 45
26 28 62
26 29 50
26 30 52
27 0 45
27 1 48
27 2 50
27 3 32
27 4 35
27 5 45
27 6 37
27 7 47
27 8 52
27 9 43
27 10 32
27 11 52
27 12 48
27 13 43
27 14 40
27 15 48
27 16 36
27 17 47
27 18 38
27 19 42
27 20 43
27 21 49
27 22 40
27 23 41
27 24 46
27 25 46
27 26 45
27 27 100
27 28 45
27 29 44
27 30 45
28 0 61
28 1 69
28 2 58
28 3 42
28 4 53
28 5 65
28 6 59
28 7 50
28 8 49
28 9 65
28 10 25
28 11 66
28 12 55
28 13 64
28 14 51
28 15 56
28 16 53
28 17 54
28 18 42
28 19 53
28 20 45
28 21 58
28 22 54
28 23 53
28 24 65
28 25 57
28 26 62
28 27 45
28 28 100
28 29 50
28 30 47
29 0 45
29 1 52
29 2 40
29 3 42
29 4 53
29 5 72
29 6 38
29 7 56
29 8 51
29 9 41
29 10 31
29 11 54
29 12 45
29 13 50
29 14 32
29 15 49
29 16 38
29 17 40
29 18 36
29 19 38
29 20 54
29 21 52
29 22 50
29 23 33
29 24 51
29 25 54
29 26 50
29 27 44
29 28 50
29 29 100
29 30 61
30 0 49
30 1 50
30 2 39
30 3 50
30 4 56
30 5 51
30 6 37
30 7 56
30 8 49
30 9 34
30 10 25
30 11 54
30 12 37
30 13 42
30 14 32
30 15 59
30 16 36
30 17 35
30 18 41
30 19 30
30 20 52
30 21 46
30 22 50
30 23 31
30 24 55
30 25 63
30 26 52
30 27 45
30 28 47
30 29 61
30 30 99
