0 0 99
0 1 47
0 2 62
0 3 65
0 4 53
0 5 54
0 6 43
0 7 48
0 8 55
0 9 53
0 10 57
0 11 48
0 12 60
0 13 42
0 14 43
0 15 54
0 16 57
0 17 65
0 18 46
0 19 43
0 20 48
0 21 47
0 22 51
0 23 49
0 24 51
0 25 48
0 26 40
0 27 58
0 28 37
0 32 57
0 33 52
0 34 49
0 35 53
0 36 43
0 37 26
0 38 31
0 39 33
0 40 31
0 41 41
0 42 46
0 43 45
0 44 38
0 45 49
0 46 43
0 47 29
0 48 49
0 49 54
0 50 41
0 51 52
0 52 57
0 53 49
0 54 45
0 55 54
0 56 45
0 57 48
0 58 53
1 0 47
1 1 100
1 2 55
1 3 57
1 4 41
1 5 69
1 6 54
1 7 78
1 8 50
1 9 35
1 10 24
1 11 26
1 12 32
1 13 26
1 14 25
1 15 34
1 16 37
1 17 36
1 18 46
1 19 72
1 20 68
1 21 80
1 22 65
1 23 59
1 24 41
1 25 33
1 26 47
1 27 44
1 28 25
1 32 30
1 33 34
1 34 59
1 35 35
1 36 49
1 37 25
1 38 28
1 39 28
1 40 31
1 41 31
1 42 30
1 43 28
1 44 30
1 45 38
1 46 35
1 47 20
1 48 29
1 49 31
1 50 25
1 51 32
1 52 21
1 53 27
1 54 27
1 55 37
1 56 41
1 57 68
1 58 30
2 0 62
2 1 55
2 2 99
2 3 67
2 4 48
2 5 61
2 6 44
2 7 53
2 8 60
2 9 39
2 10 39
2 11 35
2 12 44
2 13 34
2 14 35
2 15 47
2 16 50
2 17 52
2 18 44
2 19 56
2 20 52
2 21 53
2 22 49
2 23 54
2 24 61
2 25 44
2 26 58
2 27 57
2 28 48
2 32 44
2 33 45
2 34 52
2 35 44
2 36 48
2 37 20
2 38 32
2 39 30
2 40 41
2 41 32
2 42 37
2 43 42
2 44 37
2 45 46
2 46 39
2 47 17
2 48 37
2 49 40
2 50 33
2 51 40
2 52 44
2 53 46
2 54 35
2 55 48
2 56 39
2 57 50
2 58 37
3 0 65
3 1 57
3 2 67
3 3 99
3 4 56
3 5 68
3 6 53
3 7 56
3 8 59
3 9 42
3 10 39
3 11 37
3 12 56
3 13 38
3 14 33
3 15 45
3 16 53
3 17 62
3 18 51
3 19 52
3 20 57
3 21 53
3 22 53
3 23 57
3 24 51
3 25 48
3 26 44
3 27 58
3 28 41
3 32 43
3 33 49
3 34 77
3 35 56
3 36 52
3 37 39
3 38 33
3 39 46
3 40 34
3 41 50
3 42 47
3 43 42
3 44 47
3 45 52
3 46 48
3 47 25
3 48 46
3 49 50
3 50 36
3 51 46
3 52 45
3 53 45
3 54 40
3 55 51
3 56 40
3 57 58
3 58 38
4 0 53
4 1 41
4 2 48
4 3 56
4 4 100
4 5 52
4 6 55
4 7 37
4 8 50
4 9 38
4 10 38
4 11 50
4 12 56
4 13 41
4 14 29
4 15 46
4 16 60
4 17 61
4 18 43
4 19 44
4 20 48
4 21 43
4 22 44
4 23 46
4 24 49
4 25 58
4 26 41
4 27 54
4 28 38
4 32 50
4 33 54
4 34 42
4 35 48
4 36 48
4 37 23
4 38 33
4 39 47
4 40 37
4 41 35
4 42 53
4 43 48
4 44 32
4 45 44
4 46 47
4 47 31
4 48 36
4 49 42
4 50 32
4 51 39
4 52 42
4 53 32
4 54 42
4 55 51
4 56 33
4 57 46
4 58 50
5 0 54
5 1 69
5 2 61
5 3 68
5 4 52
5 5 99
5 6 55
5 7 66
5 8 58
5 9 37
5 10 41
5 11 41
5 12 52
5 13 50
5 14 29
5 15 46
5 16 50
5 17 54
5 18 50
5 19 61
5 20 57
5 21 64
5 22 61
5 23 62
5 24 58
5 25 49
5 26 49
5 27 61
5 28 49
5 32 46
5 33 54
5 34 59
5 35 40
5 36 53
5 37 29
5 38 30
5 39 42
5 40 37
5 41 39
5 42 47
5 43 40
5 44 36
5 45 43
5 46 40
5 47 23
5 48 29
5 49 40
5 50 31
5 51 40
5 52 35
5 53 30
5 54 34
5 55 53
5 56 34
5 57 63
5 58 37
6 0 43
6 1 54
6 2 44
6 3 53
6 4 55
6 5 55
6 6 99
6 7 45
6 8 47
6 9 35
6 10 41
6 11 37
6 12 41
6 13 33
6 14 24
6 15 30
6 16 54
6 17 49
6 18 40
6 19 43
6 20 60
6 21 47
6 22 49
6 23 50
6 24 38
6 25 45
6 26 43
6 27 43
6 28 35
6 32 34
6 33 51
6 34 41
6 35 53
6 36 47
6 37 17
6 38 27
6 39 49
6 40 34
6 41 34
6 42 47
6 43 31
6 44 31
6 45 43
6 46 44
6 47 20
6 48 35
6 49 35
6 50 24
6 51 43
6 52 32
6 53 30
6 54 33
6 55 45
6 56 33
6 57 56
6 58 43
7 0 48
7 1 78
7 2 53
7 3 56
7 4 37
7 5 66
7 6 45
7 7 100
7 8 45
7 9 41
7 10 27
7 11 30
7 12 38
7 13 37
7 14 26
7 15 41
7 16 43
7 17 38
7 18 41
7 19 68
7 20 62
7 21 75
7 22 66
7 23 56
7 24 41
7 25 34
7 26 44
7 27 49
7 28 32
7 32 39
7 33 43
7 34 60
7 35 41
7 36 45
7 37 27
7 38 30
7 39 35
7 40 40
7 41 34
7 42 31
7 43 29
7 44 33
7 45 32
7 46 39
7 47 15
7 48 26
7 49 38
7 50 30
7 51 40
7 52 28
7 53 32
7 54 27
7 55 44
7 56 40
7 57 58
7 58 33
8 0 55
8 1 50
8 2 60
8 3 59
8 4 50
8 5 58
8 6 47
8 7 45
8 8 100
8 9 28
8 10 26
8 11 27
8 12 41
8 13 33
8 14 29
8 15 42
8 16 45
8 17 51
8 18 41
8 19 49
8 20 48
8 21 49
8 22 55
8 23 51
8 24 49
8 25 45
8 26 30
8 27 52
8 28 43
8 32 40
8 33 43
8 34 47
8 35 44
8 36 30
8 37 19
8 38 21
8 39 21
8 40 29
8 41 37
8 42 33
8 43 34
8 44 30
8 45 43
8 46 33
8 47 20
8 48 36
8 49 40
8 50 21
8 51 42
8 52 47
8 53 41
8 54 32
8 55 45
8 56 27
8 57 53
8 58 36
9 0 53
9 1 35
9 2 39
9 3 42
9 4 38
9 5 37
9 6 35
9 7 41
9 8 28
9 9 100
9 10 30
9 11 31
9 12 41
9 13 32
9 14 29
9 15 35
9 16 45
9 17 43
9 18 32
9 19 39
9 20 47
9 21 42
9 22 36
9 23 42
9 24 36
9 25 50
9 26 44
9 27 52
9 28 51
9 32 30
9 33 38
9 34 36
9 35 51
9 36 42
9 37 13
9 38 48
9 39 35
9 40 38
9 41 29
9 42 41
9 43 36
9 44 39
9 45 31
9 46 47
9 47 18
9 48 34
9 49 41
9 50 36
9 51 44
9 52 32
9 53 44
9 54 39
9 55 51
9 56 54
9 57 30
9 58 51
10 0 57
10 1 24
10 2 39
10 3 39
10 4 38
10 5 41
10 6 41
10 7 27
10 8 26
10 9 30
10 10 99
10 11 38
10 12 38
10 13 42
10 14 32
10 15 40
10 16 42
10 17 41
10 18 19
10 19 25
10 20 31
10 21 26
10 22 34
10 23 30
10 24 51
10 25 33
10 26 33
10 27 43
10 28 28
10 32 53
10 33 50
10 34 30
10 35 31
10 36 36
10 37 23
10 38 29
10 39 26
10 40 23
10 41 18
10 42 45
10 43 35
10 44 31
10 45 28
10 46 31
10 47 17
10 48 21
10 49 34
10 50 27
10 51 28
10 52 37
10 53 31
10 54 29
10 55 39
10 56 30
10 57 26
10 58 48
11 0 48
11 1 26
11 2 35
11 3 37
11 4 50
11 5 41
11 6 37
11 7 30
11 8 27
11 9 31
11 10 38
11 11 99
11 12 51
11 13 47
11 14 42
11 15 49
11 16 51
11 17 46
11 18 23
11 19 25
11 20 31
11 21 31
11 22 34
11 23 34
11 24 43
11 25 38
11 26 32
11 27 53
11 28 36
11 32 50
11 33 51
11 34 30
11 35 32
11 36 41
11 37 16
11 38 30
11 39 40
11 40 23
11 41 22
11 42 43
11 43 39
11 44 27
11 45 29
11 46 27
11 47 25
11 48 17
11 49 30
11 50 29
11 51 23
11 52 41
11 53 29
11 54 31
11 55 43
11 56 32
11 57 27
11 58 50
12 0 60
12 1 32
12 2 44
12 3 56
12 4 56
12 5 52
12 6 41
12 7 38
12 8 41
12 9 41
12 10 38
12 11 51
12 12 100
12 13 57
12 14 38
12 15 50
12 16 61
12 17 72
12 18 35
12 19 34
12 20 41
12 21 40
12 22 38
12 23 45
12 24 44
12 25 60
12 26 33
12 27 66
12 28 41
12 32 50
12 33 53
12 34 45
12 35 46
12 36 34
12 37 22
12 38 27
12 39 37
12 40 35
12 41 34
12 42 43
12 43 46
12 44 47
12 45 48
12 46 51
12 47 41
12 48 48
12 49 56
12 50 43
12 51 54
12 52 48
12 53 34
12 54 48
12 55 61
12 56 37
12 57 41
12 58 51
13 0 42
13 1 26
13 2 34
13 3 38
13 4 41
13 5 50
13 6 33
13 7 37
13 8 33
13 9 32
13 10 42
13 11 47
13 12 57
13 13 100
13 14 37
13 15 52
13 16 55
13 17 48
13 18 20
13 19 28
13 20 30
13 21 32
13 22 30
13 23 34
13 24 41
13 25 35
13 26 33
13 27 47
13 28 37
13 32 55
13 33 57
13 34 33
13 35 29
13 36 32
13 37 15
13 38 29
13 39 40
13 40 28
13 41 21
13 42 41
13 43 44
13 44 29
13 45 24
13 46 28
13 47 20
13 48 17
13 49 32
13 50 37
13 51 33
13 52 38
13 53 24
13 54 30
13 55 48
13 56 24
13 57 24
13 58 42
14 0 43
14 1 25
14 2 35
14 3 33
14 4 29
14 5 29
14 6 24
14 7 26
14 8 29
14 9 29
14 10 32
14 11 42
14 12 38
14 13 37
14 14 99
14 15 49
14 16 47
14 17 44
14 18 16
14 19 25
14 20 28
14 21 29
14 22 24
14 23 30
14 24 39
14 25 29
14 26 24
14 27 36
14 28 33
14 32 47
14 33 41
14 34 24
14 35 34
14 36 29
14 37 12
14 38 19
14 39 22
14 40 16
14 41 16
14 42 30
14 43 30
14 44 22
14 45 22
14 46 24
14 47 14
14 48 19
14 49 31
14 50 21
14 51 29
14 52 41
14 53 37
14 54 24
14 55 36
14 56 23
14 57 22
14 58 42
15 0 54
15 1 34
15 2 47
15 3 45
15 4 46
15 5 46
15 6 30
15 7 41
15 8 42
15 9 35
15 10 40
15 11 49
15 12 50
15 13 52
15 14 49
15 15 100
15 16 56
15 17 54
15 18 26
15 19 36
15 20 29
15 21 39
15 22 38
15 23 41
15 24 50
15 25 38
15 26 30
15 27 50
15 28 38
15 32 53
15 33 50
15 34 38
15 35 33
15 36 38
15 37 14
15 38 31
15 39 30
15 40 26
15 41 22
15 42 36
15 43 51
15 44 32
15 45 31
15 46 30
15 47 22
15 48 26
15 49 39
15 50 37
15 51 33
15 52 54
15 53 36
15 54 34
15 55 52
15 56 31
15 57 30
15 58 50
16 0 57
16 1 37
16 2 50
16 3 53
16 4 60
16 5 50
16 6 54
16 7 43
16 8 45
16 9 45
16 10 42
16 11 51
16 12 61
16 13 55
16 14 47
16 15 56
16 16 99
16 17 66
16 18 37
16 19 39
16 20 43
16 21 43
16 22 43
16 23 47
16 24 46
16 25 51
16 26 46
16 27 53
16 28 47
16 32 56
16 33 56
16 34 43
16 35 56
16 36 50
16 37 19
16 38 35
16 39 47
16 40 37
16 41 35
16 42 52
16 43 53
16 44 42
16 45 46
16 46 46
16 47 33
16 48 41
16 49 54
16 50 49
16 51 46
16 52 58
16 53 42
16 54 60
16 55 69
16 56 52
16 57 40
16 58 54
17 0 65
17 1 36
17 2 52
17 3 62
17 4 61
17 5 54
17 6 49
17 7 38
17 8 51
17 9 43
17 10 41
17 11 46
17 12 72
17 13 48
17 14 44
17 15 54
17 16 66
17 17 99
17 18 41
17 19 35
17 20 46
17 21 39
17 22 37
17 23 54
17 24 47
17 25 54
17 26 40
17 27 57
17 28 40
17 32 47
17 33 59
17 34 46
17 35 46
17 36 43
17 37 27
17 38 30
17 39 41
17 40 33
17 41 42
17 42 57
17 43 53
17 44 48
17 45 56
17 46 48
17 47 42
17 48 52
17 49 60
17 50 41
17 51 51
17 52 55
17 53 38
17 54 52
17 55 62
17 56 38
17 57 47
17 58 47
18 0 46
18 1 46
18 2 44
18 3 51
18 4 43
18 5 50
18 6 40
18 7 41
18 8 41
18 9 32
18 10 19
18 11 23
18 12 35
18 13 20
18 14 16
18 15 26
18 16 37
18 17 41
18 18 99
18 19 47
18 20 51
18 21 39
18 22 52
18 23 40
18 24 26
18 25 33
18 26 35
18 27 32
18 28 23
18 32 21
18 33 39
18 34 40
18 35 37
18 36 31
18 37 35
18 38 17
18 39 30
18 40 35
18 41 48
18 42 33
18 43 20
18 44 22
18 45 46
18 46 38
18 47 27
18 48 33
18 49 35
18 50 24
18 51 37
18 52 31
18 53 22
18 54 39
18 55 34
18 56 35
18 57 58
18 58 34
19 0 43
19 1 72
19 2 56
19 3 52
19 4 44
19 5 61
19 6 43
19 7 68
19 8 49
19 9 39
19 10 25
19 11 25
19 12 34
19 13 28
19 14 25
19 15 36
19 16 39
19 17 35
19 18 47
19 19 99
19 20 60
19 21 68
19 22 57
19 23 56
19 24 51
19 25 39
19 26 46
19 27 45
19 28 38
19 32 33
19 33 41
19 34 57
19 35 39
19 36 43
19 37 25
19 38 36
19 39 28
19 40 34
19 41 31
19 42 32
19 43 37
19 44 37
19 45 38
19 46 34
19 47 20
19 48 27
19 49 33
19 50 27
19 51 32
19 52 24
19 53 30
19 54 32
19 55 41
19 56 39
19 57 59
19 58 40
20 0 48
20 1 68
20 2 52
20 3 57
20 4 48
20 5 57
20 6 60
20 7 62
20 8 48
20 9 47
20 10 31
20 11 31
20 12 41
20 13 30
20 14 28
20 15 29
20 16 43
20 17 46
20 18 51
20 19 60
20 20 100
20 21 68
20 22 61
20 23 53
20 24 40
20 25 44
20 26 48
20 27 49
20 28 37
20 32 32
20 33 49
20 34 52
20 35 51
20 36 47
20 37 27
20 38 33
20 39 32
20 40 62
20 41 41
20 42 44
20 43 31
20 44 33
20 45 45
20 46 55
20 47 21
20 48 42
20 49 40
20 50 27
20 51 49
20 52 32
20 53 38
20 54 36
20 55 50
20 56 47
20 57 58
20 58 47
21 0 47
21 1 80
21 2 53
21 3 53
21 4 43
21 5 64
21 6 47
21 7 75
21 8 49
21 9 42
21 10 26
21 11 31
21 12 40
21 13 32
21 14 29
21 15 39
21 16 43
21 17 39
21 18 39
21 19 68
21 20 68
21 21 100
21 22 57
21 23 58
21 24 46
21 25 42
21 26 49
21 27 51
21 28 39
21 32 40
21 33 38
21 34 57
21 35 40
21 36 50
21 37 26
21 38 31
21 39 28
21 40 46
21 41 29
21 42 33
21 43 37
21 44 36
21 45 37
21 46 39
21 47 23
21 48 26
21 49 42
21 50 32
21 51 36
21 52 28
21 53 30
21 54 33
21 55 46
21 56 44
21 57 64
21 58 41
22 0 51
22 1 65
22 2 49
22 3 53
22 4 44
22 5 61
22 6 49
22 7 66
22 8 55
22 9 36
22 10 34
22 11 34
22 12 38
22 13 30
22 14 24
22 15 38
22 16 43
22 17 37
22 18 52
22 19 57
22 20 61
22 21 57
22 22 99
22 23 53
22 24 39
22 25 45
22 26 39
22 27 46
22 28 32
22 32 33
22 33 43
22 34 53
22 35 46
22 36 39
22 37 31
22 38 22
22 39 32
22 40 40
22 41 43
22 42 32
22 43 27
22 44 27
22 45 38
22 46 38
22 47 19
22 48 25
22 49 37
22 50 18
22 51 33
22 52 29
22 53 27
22 54 31
22 55 38
22 56 39
22 57 59
22 58 42
23 0 49
23 1 59
23 2 54
23 3 57
23 4 46
23 5 62
23 6 50
23 7 56
23 8 51
23 9 42
23 10 30
23 11 34
23 12 45
23 13 34
23 14 30
23 15 41
23 16 47
23 17 54
23 18 40
23 19 56
23 20 53
23 21 58
23 22 53
23 23 100
23 24 51
23 25 46
23 26 46
23 27 56
23 28 39
23 32 39
23 33 43
23 34 58
23 35 46
23 36 42
23 37 25
23 38 41
23 39 34
23 40 37
23 41 36
23 42 34
23 43 38
23 44 43
23 45 40
23 46 46
23 47 25
23 48 34
23 49 41
23 50 36
23 51 42
23 52 35
23 53 38
23 54 37
23 55 50
23 56 43
23 57 51
23 58 37
24 0 51
24 1 41
24 2 61
24 3 51
24 4 49
24 5 58
24 6 38
24 7 41
24 8 49
24 9 36
24 10 51
24 11 43
24 12 44
24 13 41
24 14 39
24 15 50
24 16 46
24 17 47
24 18 26
24 19 51
24 20 40
24 21 46
24 22 39
24 23 51
24 24 100
24 25 49
24 26 53
24 27 58
24 28 54
24 32 58
24 33 51
24 34 43
24 35 41
24 36 51
24 37 23
24 38 42
24 39 31
24 40 25
24 41 22
24 42 38
24 43 55
24 44 39
24 45 36
24 46 35
24 47 17
24 48 25
24 49 32
24 50 26
24 51 36
24 52 35
24 53 41
24 54 27
24 55 51
24 56 33
24 57 44
24 58 52
25 0 48
25 1 33
25 2 44
25 3 48
25 4 58
25 5 49
25 6 45
25 7 34
25 8 45
25 9 50
25 10 33
25 11 38
25 12 60
25 13 35
25 14 29
25 15 38
25 16 51
25 17 54
25 18 33
25 19 39
25 20 44
25 21 42
25 22 45
25 23 46
25 24 49
25 25 100
25 26 37
25 27 58
25 28 58
25 32 45
25 33 47
25 34 42
25 35 57
25 36 42
25 37 19
25 38 36
25 39 33
25 40 34
25 41 37
25 42 38
25 43 41
25 44 39
25 45 46
25 46 45
25 47 30
25 48 36
25 49 35
25 50 27
25 51 51
25 52 33
25 53 33
25 54 39
25 55 52
25 56 38
25 57 41
25 58 54
26 0 40
26 1 47
26 2 58
26 3 44
26 4 41
26 5 49
26 6 43
26 7 44
26 8 30
26 9 44
26 10 33
26 11 32
26 12 33
26 13 33
26 14 24
26 15 30
26 16 46
26 17 40
26 18 35
26 19 46
26 20 48
26 21 49
26 22 39
26 23 46
26 24 53
26 25 37
26 26 99
26 27 46
26 28 44
26 32 42
26 33 41
26 34 42
26 35 42
26 36 65
26 37 18
26 38 46
26 39 35
26 40 41
26 41 22
26 42 42
26 43 44
26 44 31
26 45 38
26 46 36
26 47 25
26 48 28
26 49 28
26 50 30
26 51 43
26 52 25
26 53 39
26 54 34
26 55 49
26 56 42
26 57 44
26 58 36
27 0 58
27 1 44
27 2 57
27 3 58
27 4 54
27 5 61
27 6 43
27 7 49
27 8 52
27 9 52
27 10 43
27 11 53
27 12 66
27 13 47
27 14 36
27 15 50
27 16 53
27 17 57
27 18 32
27 19 45
27 20 49
27 21 51
27 22 46
27 23 56
27 24 58
27 25 58
27 26 46
27 27 99
27 28 65
27 32 54
27 33 53
27 34 51
27 35 52
27 36 48
27 37 29
27 38 44
27 39 45
27 40 42
27 41 37
27 42 43
27 43 48
27 44 46
27 45 38
27 46 47
27 47 20
27 48 27
27 49 43
27 50 33
27 51 49
27 52 46
27 53 47
27 54 44
27 55 54
27 56 40
27 57 35
27 58 52
28 0 37
28 1 25
28 2 48
28 3 41
28 4 38
28 5 49
28 6 35
28 7 32
28 8 43
28 9 51
28 10 28
28 11 36
28 12 41
28 13 37
28 14 33
28 15 38
28 16 47
28 17 40
28 18 23
28 19 38
28 20 37
28 21 39
28 22 32
28 23 39
28 24 54
28 25 58
28 26 44
28 27 65
28 28 99
28 32 51
28 33 44
28 34 31
28 35 54
28 36 43
28 37 14
28 38 41
28 39 34
28 40 40
28 41 27
28 42 42
28 43 42
28 44 33
28 45 26
28 46 38
28 47 13
28 48 21
28 49 26
28 50 19
28 51 41
28 52 32
28 53 40
28 54 31
28 55 53
28 56 35
28 57 25
28 58 51
32 0 57
32 1 30
32 2 44
32 3 43
32 4 50
32 5 46
32 6 34
32 7 39
32 8 40
32 9 30
32 10 53
32 11 50
32 12 50
32 13 55
32 14 47
32 15 53
32 16 56
32 17 47
32 18 21
32 19 33
32 20 32
32 21 40
32 22 33
32 23 39
32 24 58
32 25 45
32 26 42
32 27 54
32 28 51
32 32 100
32 33 49
32 34 34
32 35 44
32 36 48
32 37 20
32 38 37
32 39 28
32 40 26
32 41 22
32 42 33
32 43 44
32 44 31
32 45 30
32 46 33
32 47 20
32 48 27
32 49 34
32 50 26
32 51 36
32 52 42
32 53 38
32 54 32
32 55 47
32 56 29
32 57 29
32 58 49
33 0 52
33 1 34
33 2 45
33 3 49
33 4 54
33 5 54
33 6 51
33 7 43
33 8 43
33 9 38
33 10 50
33 11 51
33 12 53
33 13 57
33 14 41
33 15 50
33 16 56
33 17 59
33 18 39
33 19 41
33 20 49
33 21 38
33 22 43
33 23 43
33 24 51
33 25 47
33 26 41
33 27 53
33 28 44
33 32 49
33 33 99
33 34 41
33 35 42
33 36 41
33 37 25
33 38 34
33 39 36
33 40 38
33 41 32
33 42 49
33 43 46
33 44 29
33 45 37
33 46 40
33 47 23
33 48 29
33 49 40
33 50 35
33 51 45
33 52 47
33 53 37
33 54 39
33 55 58
33 56 38
33 57 40
33 58 54
34 0 49
34 1 59
34 2 52
34 3 77
34 4 42
34 5 59
34 6 41
34 7 60
34 8 47
34 9 36
34 10 30
34 11 30
34 12 45
34 13 33
34 14 24
34 15 38
34 16 43
34 17 46
34 18 40
34 19 57
34 20 52
34 21 57
34 22 53
34 23 58
34 24 43
34 25 42
34 26 42
34 27 51
34 28 31
34 32 34
34 33 41
34 34 99
34 35 39
34 36 50
34 37 36
34 38 33
34 39 39
34 40 34
34 41 48
34 42 35
34 43 37
34 44 47
34 45 39
34 46 38
34 47 29
34 48 34
34 49 41
34 50 34
34 51 34
34 52 32
34 53 30
34 54 33
34 55 42
34 56 41
34 57 53
34 58 27
35 0 53
35 1 35
35 2 44
35 3 56
35 4 48
35 5 40
35 6 53
35 7 41
35 8 44
35 9 51
35 10 31
35 11 32
35 12 46
35 13 29
35 14 34
35 15 33
35 16 56
35 17 46
35 18 37
35 19 39
35 20 51
35 21 40
35 22 46
35 23 46
35 24 41
35 25 57
35 26 42
35 27 52
35 28 54
35 32 44
35 33 42
35 34 39
35 35 99
35 36 43
35 37 26
35 38 33
35 39 37
35 40 40
35 41 47
35 42 33
35 43 35
35 44 33
35 45 46
35 46 52
35 47 22
35 48 42
35 49 39
35 50 30
35 51 54
35 52 42
35 53 43
35 54 40
35 55 53
35 56 45
35 57 34
35 58 57
36 0 43
36 1 49
36 2 48
36 3 52
36 4 48
36 5 53
36 6 47
36 7 45
36 8 30
36 9 42
36 10 36
36 11 41
36 12 34
36 13 32
36 14 29
36 15 38
36 16 50
36 17 43
36 18 31
36 19 43
36 20 47
36 21 50
36 22 39
36 23 42
36 24 51
36 25 42
36 26 65
36 27 48
36 28 43
36 32 48
36 33 41
36 34 50
36 35 43
36 36 99
36 37 27
36 38 40
36 39 43
36 40 33
36 41 31
36 42 48
36 43 38
36 44 34
36 45 46
36 46 35
36 47 22
36 48 32
36 49 36
36 50 27
36 51 33
36 52 29
36 53 33
36 54 28
36 55 49
36 56 40
36 57 46
36 58 43
37 0 26
37 1 25
37 2 20
37 3 39
37 4 23
37 5 29
37 6 17
37 7 27
37 8 19
37 9 13
37 10 23
37 11 16
37 12 22
37 13 15
37 14 12
37 15 14
37 16 19
37 17 27
37 18 35
37 19 25
37 20 27
37 21 26
37 22 31
37 23 25
37 24 23
37 25 19
37 26 18
37 27 29
37 28 14
37 32 20
37 33 25
37 34 36
37 35 26
37 36 27
37 37 100
37 38 14
37 39 22
37 40 18
37 41 53
37 42 28
37 43 15
37 44 27
37 45 34
37 46 27
37 47 20
37 48 14
37 49 32
37 50 14
37 51 19
37 52 14
37 53 18
37 54 27
37 55 18
37 56 19
37 57 25
37 58 21
38 0 31
38 1 28
38 2 32
38 3 33
38 4 33
38 5 30
38 6 27
38 7 30
38 8 21
38 9 48
38 10 29
38 11 30
38 12 27
38 13 29
38 14 19
38 15 31
38 16 35
38 17 30
38 18 17
38 19 36
38 20 33
38 21 31
38 22 22
38 23 41
38 24 42
38 25 36
38 26 46
38 27 44
38 28 41
38 32 37
38 33 34
38 34 33
38 35 33
38 36 40
38 37 14
38 38 100
38 39 25
38 40 28
38 41 18
38 42 32
38 43 40
38 44 40
38 45 22
38 46 37
38 47 11
38 48 19
38 49 19
38 50 30
38 51 30
38 52 19
38 53 40
38 54 28
38 55 40
38 56 42
38 57 20
38 58 35
39 0 33
39 1 28
39 2 30
39 3 46
39 4 47
39 5 42
39 6 49
39 7 35
39 8 21
39 9 35
39 10 26
39 11 40
39 12 37
39 13 40
39 14 22
39 15 30
39 16 47
39 17 41
39 18 30
39 19 28
39 20 32
39 21 28
39 22 32
39 23 34
39 24 31
39 25 33
39 26 35
39 27 45
39 28 34
39 32 28
39 33 36
39 34 39
39 35 37
39 36 43
39 37 22
39 38 25
39 39 100
39 40 23
39 41 32
39 42 50
39 43 32
39 44 29
39 45 30
39 46 30
39 47 23
39 48 21
39 49 31
39 50 30
39 51 33
39 52 32
39 53 21
39 54 27
39 55 39
39 56 27
39 57 27
39 58 33
40 0 31
40 1 31
40 2 41
40 3 34
40 4 37
40 5 37
40 6 34
40 7 40
40 8 29
40 9 38
40 10 23
40 11 23
40 12 35
40 13 28
40 14 16
40 15 26
40 16 37
40 17 33
40 18 35
40 19 34
40 20 62
40 21 46
40 22 40
40 23 37
40 24 25
40 25 34
40 26 41
40 27 42
40 28 40
40 32 26
40 33 38
40 34 34
40 35 40
40 36 33
40 37 18
40 38 28
40 39 23
40 40 100
40 41 27
40 42 34
40 43 26
40 44 26
40 45 24
40 46 46
40 47 14
40 48 27
40 49 31
40 50 27
40 51 38
40 52 32
40 53 35
40 54 31
40 55 43
40 56 44
40 57 26
40 58 35
41 0 41
41 1 31
41 2 32
41 3 50
41 4 35
41 5 39
41 6 34
41 7 34
41 8 37
41 9 29
41 10 18
41 11 22
41 12 34
41 13 21
41 14 16
41 15 22
41 16 35
41 17 42
41 18 48
41 19 31
41 20 41
41 21 29
41 22 43
41 23 36
41 24 22
41 25 37
41 26 22
41 27 37
41 28 27
41 32 22
41 33 32
41 34 48
41 35 47
41 36 31
41 37 53
41 38 18
41 39 32
41 40 27
41 41 99
41 42 34
41 43 17
41 44 39
41 45 44
41 46 35
41 47 20
41 48 33
41 49 41
41 50 19
41 51 37
41 52 29
41 53 19
41 54 36
41 55 36
41 56 28
41 57 40
41 58 25
42 0 46
42 1 30
42 2 37
42 3 47
42 4 53
42 5 47
42 6 47
42 7 31
42 8 33
42 9 41
42 10 45
42 11 43
42 12 43
42 13 41
42 14 30
42 15 36
42 16 52
42 17 57
42 18 33
42 19 32
42 20 44
42 21 33
42 22 32
42 23 34
42 24 38
42 25 38
42 26 42
42 27 43
42 28 42
42 32 33
42 33 49
42 34 35
42 35 33
42 36 48
42 37 28
42 38 32
42 39 50
42 40 34
42 41 34
42 42 99
42 43 42
42 44 34
42 45 38
42 46 37
42 47 31
42 48 32
42 49 43
42 50 33
42 51 35
42 52 33
42 53 33
42 54 37
42 55 50
42 56 37
42 57 34
42 58 43
43 0 45
43 1 28
43 2 42
43 3 42
43 4 48
43 5 40
43 6 31
43 7 29
43 8 34
43 9 36
43 10 35
43 11 39
43 12 46
43 13 44
43 14 30
43 15 51
43 16 53
43 17 53
43 18 20
43 19 37
43 20 31
43 21 37
43 22 27
43 23 38
43 24 55
43 25 41
43 26 44
43 27 48
43 28 42
43 32 44
43 33 46
43 34 37
43 35 35
43 36 38
43 37 15
43 38 40
43 39 32
43 40 26
43 41 17
43 42 42
43 43 99
43 44 46
43 45 38
43 46 32
43 47 25
43 48 28
43 49 42
43 50 39
43 51 36
43 52 39
43 53 35
43 54 40
43 55 58
43 56 37
43 57 30
43 58 47
44 0 38
44 1 30
44 2 37
44 3 47
44 4 32
44 5 36
44 6 31
44 7 33
44 8 30
44 9 39
44 10 31
44 11 27
44 12 47
44 13 29
44 14 22
44 15 32
44 16 42
44 17 48
44 18 22
44 19 37
44 20 33
44 21 36
44 22 27
44 23 43
44 24 39
44 25 39
44 26 31
44 27 46
44 28 33
44 32 31
44 33 29
44 34 47
44 35 33
44 36 34
44 37 27
44 38 40
44 39 29
44 40 26
44 41 39
44 42 34
44 43 46
44 44 99
44 45 44
44 46 44
44 47 25
44 48 32
44 49 43
44 50 34
44 51 33
44 52 30
44 53 37
44 54 40
44 55 46
44 56 40
44 57 32
44 58 31
45 0 49
45 1 38
45 2 46
45 3 52
45 4 44
45 5 43
45 6 43
45 7 32
45 8 43
45 9 31
45 10 28
45 11 29
45 12 48
45 13 24
45 14 22
45 15 31
45 16 46
45 17 56
45 18 46
45 19 38
45 20 45
45 21 37
45 22 38
45 23 40
45 24 36
45 25 46
45 26 38
45 27 38
45 28 26
45 32 30
45 33 37
45 34 39
45 35 46
45 36 46
45 37 34
45 38 22
45 39 30
45 40 24
45 41 44
45 42 38
45 43 38
45 44 44
45 45 99
45 46 44
45 47 50
45 48 60
45 49 62
45 50 33
45 51 51
45 52 41
45 53 28
45 54 54
45 55 52
45 56 39
45 57 54
45 58 42
46 0 43
46 1 35
46 2 39
46 3 48
46 4 47
46 5 40
46 6 44
46 7 39
46 8 33
46 9 47
46 10 31
46 11 27
46 12 51
46 13 28
46 14 24
46 15 30
46 16 46
46 17 48
46 18 38
46 19 34
46 20 55
46 21 39
46 22 38
46 23 46
46 24 35
46 25 45
46 26 36
46 27 47
46 28 38
46 32 33
46 33 40
46 34 38
46 35 52
46 36 35
46 37 27
46 38 37
46 39 30
46 40 46
46 41 35
46 42 37
46 43 32
46 44 44
46 45 44
46 46 100
46 47 24
46 48 46
46 49 45
46 50 32
46 51 47
46 52 32
46 53 43
46 54 43
46 55 53
46 56 45
46 57 37
46 58 44
47 0 29
47 1 20
47 2 17
47 3 25
47 4 31
47 5 23
47 6 20
47 7 15
47 8 20
47 9 18
47 10 17
47 11 25
47 12 41
47 13 20
47 14 14
47 15 22
47 16 33
47 17 42
47 18 27
47 19 20
47 20 21
47 21 23
47 22 19
47 23 25
47 24 17
47 25 30
47 26 25
47 27 20
47 28 13
47 32 20
47 33 23
47 34 29
47 35 22
47 36 22
47 37 20
47 38 11
47 39 23
47 40 14
47 41 20
47 42 31
47 43 25
47 44 25
47 45 50
47 46 24
47 47 100
47 48 48
47 49 37
47 50 20
47 51 23
47 52 23
47 53 11
47 54 39
47 55 34
47 56 22
47 57 30
47 58 23
48 0 49
48 1 29
48 2 37
48 3 46
48 4 36
48 5 29
48 6 35
48 7 26
48 8 36
48 9 34
48 10 21
48 11 17
48 12 48
48 13 17
48 14 19
48 15 26
48 16 41
48 17 52
48 18 33
48 19 27
48 20 42
48 21 26
48 22 25
48 23 34
48 24 25
48 25 36
48 26 28
48 27 27
48 28 21
48 32 27
48 33 29
48 34 34
48 35 42
48 36 32
48 37 14
48 38 19
48 39 21
48 40 27
48 41 33
48 42 32
48 43 28
48 44 32
48 45 60
48 46 46
48 47 48
48 48 99
48 49 61
48 50 42
48 51 44
48 52 41
48 53 29
48 54 45
48 55 49
48 56 37
48 57 42
48 58 29
49 0 54
49 1 31
49 2 40
49 3 50
49 4 42
49 5 40
49 6 35
49 7 38
49 8 40
49 9 41
49 10 34
49 11 30
49 12 56
49 13 32
49 14 31
49 15 39
49 16 54
49 17 60
49 18 35
49 19 33
49 20 40
49 21 42
49 22 37
49 23 41
49 24 32
49 25 35
49 26 28
49 27 43
49 28 26
49 32 34
49 33 40
49 34 41
49 35 39
49 36 36
49 37 32
49 38 19
49 39 31
49 40 31
49 41 41
49 42 43
49 43 42
49 44 43
49 45 62
49 46 45
49 47 37
49 48 61
49 49 100
49 50 49
49 51 48
49 52 49
49 53 34
49 54 61
49 55 57
49 56 43
49 57 40
49 58 43
50 0 41
50 1 25
50 2 33
50 3 36
50 4 32
50 5 31
50 6 24
50 7 30
50 8 21
50 9 36
50 10 27
50 11 29
50 12 43
50 13 37
50 14 21
50 15 37
50 16 49
50 17 41
50 18 24
50 19 27
50 20 27
50 21 32
50 22 18
50 23 36
50 24 26
50 25 27
50 26 30
50 27 33
50 28 19
50 32 26
50 33 35
50 34 34
50 35 30
50 36 27
50 37 14
50 38 30
50 39 30
50 40 27
50 41 19
50 42 33
50 43 39
50 44 34
50 45 33
50 46 32
50 47 20
50 48 42
50 49 49
50 50 100
50 51 41
50 52 53
50 53 29
50 54 47
50 55 53
50 56 45
50 57 22
50 58 32
51 0 52
51 1 32
51 2 40
51 3 46
51 4 39
51 5 40
51 6 43
51 7 40
51 8 42
51 9 44
51 10 28
51 11 23
51 12 54
51 13 33
51 14 29
51 15 33
51 16 46
51 17 51
51 18 37
51 19 32
51 20 49
51 21 36
51 22 33
51 23 42
51 24 36
51 25 51
51 26 43
51 27 49
51 28 41
51 32 36
51 33 45
51 34 34
51 35 54
51 36 33
51 37 19
51 38 30
51 39 33
51 40 38
51 41 37
51 42 35
51 43 36
51 44 33
51 45 51
51 46 47
51 47 23
51 48 44
51 49 48
51 50 41
51 51 99
51 52 40
51 53 45
51 54 40
51 55 60
51 56 39
51 57 37
51 58 48
52 0 57
52 1 21
52 2 44
52 3 45
52 4 42
52 5 35
52 6 32
52 7 28
52 8 47
52 9 32
52 10 37
52 11 41
52 12 48
52 13 38
52 14 41
52 15 54
52 16 58
52 17 55
52 18 31
52 19 24
52 20 32
52 21 28
52 22 29
52 23 35
52 24 35
52 25 33
52 26 25
52 27 46
52 28 32
52 32 42
52 33 47
52 34 32
52 35 42
52 36 29
52 37 14
52 38 19
52 39 32
52 40 32
52 41 29
52 42 33
52 43 39
52 44 30
52 45 41
52 46 32
52 47 23
52 48 41
52 49 49
52 50 53
52 51 40
52 52 100
52 53 44
52 54 44
52 55 52
52 56 35
52 57 30
52 58 44
53 0 49
53 1 27
53 2 46
53 3 45
53 4 32
53 5 30
53 6 30
53 7 32
53 8 41
53 9 44
53 10 31
53 11 29
53 12 34
53 13 24
53 14 37
53 15 36
53 16 42
53 17 38
53 18 22
53 19 30
53 20 38
53 21 30
53 22 27
53 23 38
53 24 41
53 25 33
53 26 39
53 27 47
53 28 40
53 32 38
53 33 37
53 34 30
53 35 43
53 36 33
53 37 18
53 38 40
53 39 21
53 40 35
53 41 19
53 42 33
53 43 35
53 44 37
53 45 28
53 46 43
53 47 11
53 48 29
53 49 34
53 50 29
53 51 45
53 52 44
53 53 100
53 54 28
53 55 43
53 56 44
53 57 20
53 58 41
54 0 45
54 1 27
54 2 35
54 3 40
54 4 42
54 5 34
54 6 33
54 7 27
54 8 32
54 9 39
54 10 29
54 11 31
54 12 48
54 13 30
54 14 24
54 15 34
54 16 60
54 17 52
54 18 39
54 19 32
54 20 36
54 21 33
54 22 31
54 23 37
54 24 27
54 25 39
54 26 34
54 27 44
54 28 31
54 32 32
54 33 39
54 34 33
54 35 40
54 36 28
54 37 27
54 38 28
54 39 27
54 40 31
54 41 36
54 42 37
54 43 40
54 44 40
54 45 54
54 46 43
54 47 39
54 48 45
54 49 61
54 50 47
54 51 40
54 52 44
54 53 28
54 54 100
54 55 54
54 56 59
54 57 35
54 58 44
55 0 54
55 1 37
55 2 48
55 3 51
55 4 51
55 5 53
55 6 45
55 7 44
55 8 45
55 9 51
55 10 39
55 11 43
55 12 61
55 13 48
55 14 36
55 15 52
55 16 69
55 17 62
55 18 34
55 19 41
55 20 50
55 21 46
55 22 38
55 23 50
55 24 51
55 25 52
55 26 49
55 27 54
55 28 53
55 32 47
55 33 58
55 34 42
55 35 53
55 36 49
55 37 18
55 38 40
55 39 39
55 40 43
55 41 36
55 42 50
55 43 58
55 44 46
55 45 52
55 46 53
55 47 34
55 48 49
55 49 57
55 50 53
55 51 60
55 52 52
55 53 43
55 54 54
55 55 100
55 56 51
55 57 40
55 58 56
56 0 45
56 1 41
56 2 39
56 3 40
56 4 33
56 5 34
56 6 33
56 7 40
56 8 27
56 9 54
56 10 30
56 11 32
56 12 37
56 13 24
56 14 23
56 15 31
56 16 52
56 17 38
56 18 35
56 19 39
56 20 47
56 21 44
56 22 39
56 23 43
56 24 33
56 25 38
56 26 42
56 27 40
56 28 35
56 32 29
56 33 38
56 34 41
56 35 45
56 36 40
56 37 19
56 38 42
56 39 27
56 40 44
56 41 28
56 42 37
56 43 37
56 44 40
56 45 39
56 46 45
56 47 22
56 48 37
56 49 43
56 50 45
56 51 39
56 52 35
56 53 44
56 54 59
56 55 51
56 56 99
56 57 32
56 58 43
57 0 48
57 1 68
57 2 50
57 3 58
57 4 46
57 5 63
57 6 56
57 7 58
57 8 53
57 9 30
57 10 26
57 11 27
57 12 41
57 13 24
57 14 22
57 15 30
57 16 40
57 17 47
57 18 58
57 19 59
57 20 58
57 21 64
57 22 59
57 23 51
57 24 44
57 25 41
57 26 44
57 27 35
57 28 25
57 32 29
57 33 40
57 34 53
57 35 34
57 36 46
57 37 25
57 38 20
57 39 27
57 40 26
57 41 40
57 42 34
57 43 30
57 44 32
57 45 54
57 46 37
57 47 30
57 48 42
57 49 40
57 50 22
57 51 37
57 52 30
57 53 20
57 54 35
57 55 40
57 56 32
57 57 100
57 58 33
58 0 53
58 1 30
58 2 37
58 3 38
58 4 50
58 5 37
58 6 43
58 7 33
58 8 36
58 9 51
58 10 48
58 11 50
58 12 51
58 13 42
58 14 42
58 15 50
58 16 54
58 17 47
58 18 34
58 19 40
58 20 47
58 21 41
58 22 42
58 23 37
58 24 52
58 25 54
58 26 36
58 27 52
58 28 51
58 32 49
58 33 54
58 34 27
58 35 57
58 36 43
58 37 21
58 38 35
58 39 33
58 40 35
58 41 25
58 42 43
58 43 47
58 44 31
58 45 42
58 46 44
58 47 23
58 48 29
58 49 43
58 50 32
58 51 48
58 52 44
58 53 41
58 54 44
58 55 56
58 56 43
58 57 33
58 58 99
