0 0 100
0 1 40
0 2 54
0 3 46
0 4 45
0 5 34
0 6 28
0 7 48
0 8 45
0 9 34
0 13 33
0 14 61
0 15 44
0 16 52
0 17 40
0 18 78
0 19 37
0 20 23
0 21 29
0 22 42
0 23 54
0 24 25
0 25 65
0 26 45
0 27 58
0 28 42
0 29 59
0 30 36
0 31 37
0 32 45
0 33 57
0 34 36
0 35 21
0 36 38
0 37 21
0 38 45
0 39 15
0 40 48
0 41 51
0 42 25
0 43 38
1 0 40
1 1 100
1 2 40
1 3 40
1 4 34
1 5 33
1 6 24
1 7 40
1 8 35
1 9 25
1 13 25
1 14 33
1 15 30
1 16 40
1 17 28
1 18 34
1 19 33
1 20 13
1 21 28
1 22 47
1 23 40
1 24 29
1 25 55
1 26 51
1 27 41
1 28 29
1 29 32
1 30 24
1 31 21
1 32 29
1 33 46
1 34 37
1 35 14
1 36 34
1 37 14
1 38 37
1 39 3
1 40 36
1 41 27
1 42 22
1 43 40
2 0 54
2 1 40
2 2 100
2 3 37
2 4 37
2 5 25
2 6 24
2 7 40
2 8 37
2 9 29
2 13 26
2 14 50
2 15 36
2 16 38
2 17 28
2 18 46
2 19 35
2 20 19
2 21 28
2 22 27
2 23 46
2 24 22
2 25 50
2 26 32
2 27 62
2 28 30
2 29 44
2 30 23
2 31 32
2 32 37
2 33 44
2 34 30
2 35 13
2 36 30
2 37 13
2 38 32
2 39 6
2 40 38
2 41 47
2 42 21
2 43 31
3 0 46
3 1 40
3 2 37
3 3 100
3 4 40
3 5 40
3 6 27
3 7 56
3 8 50
3 9 33
3 13 39
3 14 44
3 15 46
3 16 38
3 17 34
3 18 43
3 19 30
3 20 19
3 21 38
3 22 41
3 23 72
3 24 48
3 25 55
3 26 32
3 27 47
3 28 39
3 29 46
3 30 38
3 31 31
3 32 34
3 33 42
3 34 42
3 35 13
3 36 32
3 37 13
3 38 39
3 39 15
3 40 41
3 41 45
3 42 24
3 43 33
4 0 45
4 1 34
4 2 37
4 3 40
4 4 100
4 5 24
4 6 30
4 7 47
4 8 44
4 9 22
4 13 18
4 14 34
4 15 29
4 16 35
4 17 22
4 18 42
4 19 17
4 20 27
4 21 21
4 22 31
4 23 70
4 24 35
4 25 48
4 26 27
4 27 49
4 28 48
4 29 43
4 30 22
4 31 32
4 32 32
4 33 37
4 34 33
4 35 15
4 36 35
4 37 15
4 38 52
4 39 12
4 40 39
4 41 39
4 42 25
4 43 42
5 0 34
5 1 33
5 2 25
5 3 40
5 4 24
5 5 100
5 6 43
5 7 43
5 8 29
5 9 31
5 13 34
5 14 30
5 15 38
5 16 41
5 17 24
5 18 38
5 19 37
5 20 19
5 21 36
5 22 40
5 23 44
5 24 27
5 25 56
5 26 40
5 27 38
5 28 31
5 29 31
5 30 27
5 31 22
5 32 32
5 33 45
5 34 43
5 35 29
5 36 48
5 37 29
5 38 25
5 39 29
5 40 40
5 41 49
5 42 32
5 43 29
6 0 28
6 1 24
6 2 24
6 3 27
6 4 30
6 5 43
6 6 100
6 7 32
6 8 27
6 9 21
6 13 23
6 14 31
6 15 29
6 16 23
6 17 16
6 18 27
6 19 21
6 20 19
6 21 17
6 22 37
6 23 33
6 24 30
6 25 47
6 26 29
6 27 37
6 28 27
6 29 34
6 30 17
6 31 24
6 32 24
6 33 43
6 34 27
6 35 58
6 36 26
6 37 58
6 38 32
6 39 60
6 40 27
6 41 33
6 42 43
6 43 35
7 0 48
7 1 40
7 2 40
7 3 56
7 4 47
7 5 43
7 6 32
7 7 99
7 8 59
7 9 38
7 13 35
7 14 46
7 15 54
7 16 45
7 17 32
7 18 46
7 19 36
7 20 29
7 21 32
7 22 44
7 23 63
7 24 39
7 25 57
7 26 39
7 27 45
7 28 47
7 29 52
7 30 40
7 31 35
7 32 40
7 33 48
7 34 42
7 35 23
7 36 41
7 37 23
7 38 49
7 39 23
7 40 41
7 41 57
7 42 33
7 43 50
8 0 45
8 1 35
8 2 37
8 3 50
8 4 44
8 5 29
8 6 27
8 7 59
8 8 100
8 9 59
8 13 57
8 14 60
8 15 70
8 16 53
8 17 51
8 18 49
8 19 47
8 20 37
8 21 41
8 22 40
8 23 63
8 24 37
8 25 54
8 26 42
8 27 43
8 28 53
8 29 75
8 30 58
8 31 47
8 32 59
8 33 48
8 34 37
8 35 26
8 36 38
8 37 26
8 38 41
8 39 22
8 40 40
8 41 45
8 42 41
8 43 45
9 0 34
9 1 25
9 2 29
9 3 33
9 4 22
9 5 31
9 6 21
9 7 38
9 8 59
9 9 100
9 13 82
9 14 58
9 15 66
9 16 51
9 17 80
9 18 32
9 19 53
9 20 20
9 21 46
9 22 33
9 23 42
9 24 20
9 25 45
9 26 42
9 27 34
9 28 31
9 29 62
9 30 54
9 31 56
9 32 76
9 33 34
9 34 24
9 35 25
9 36 18
9 37 25
9 38 20
9 39 18
9 40 17
9 41 27
9 42 31
9 43 26
13 0 33
13 1 25
13 2 26
13 3 39
13 4 18
13 5 34
13 6 23
13 7 35
13 8 57
13 9 82
13 13 99
13 14 58
13 15 65
13 16 51
13 17 69
13 18 31
13 19 58
13 20 17
13 21 55
13 22 34
13 23 41
13 24 23
13 25 40
13 26 37
13 27 36
13 28 31
13 29 62
13 30 59
13 31 59
13 32 79
13 33 33
13 34 29
13 35 24
13 36 19
13 37 24
13 38 14
13 39 18
13 40 21
13 41 23
13 42 30
13 43 23
14 0 61
14 1 33
14 2 50
14 3 44
14 4 34
14 5 30
14 6 31
14 7 46
14 8 60
14 9 58
14 13 58
14 14 99
14 15 65
14 16 52
14 17 53
14 18 61
14 19 44
14 20 26
14 21 40
14 22 40
14 23 54
14 24 27
14 25 64
14 26 44
14 27 47
14 28 34
14 29 76
14 30 60
14 31 49
14 32 68
14 33 53
14 34 35
14 35 23
14 36 31
14 37 23
14 38 33
14 39 16
14 40 40
14 41 48
14 42 30
14 43 38
15 0 44
15 1 30
15 2 36
15 3 46
15 4 29
15 5 38
15 6 29
15 7 54
15 8 70
15 9 66
15 13 65
15 14 65
15 15 100
15 16 56
15 17 56
15 18 49
15 19 54
15 20 22
15 21 49
15 22 44
15 23 54
15 24 39
15 25 52
15 26 49
15 27 45
15 28 46
15 29 69
15 30 63
15 31 55
15 32 68
15 33 40
15 34 35
15 35 25
15 36 27
15 37 25
15 38 27
15 39 19
15 40 28
15 41 44
15 42 33
15 43 35
16 0 52
16 1 40
16 2 38
16 3 38
16 4 35
16 5 41
16 6 23
16 7 45
16 8 53
16 9 51
16 13 51
16 14 52
16 15 56
16 16 100
16 17 48
16 18 50
16 19 53
16 20 26
16 21 50
16 22 46
16 23 50
16 24 30
16 25 55
16 26 50
16 27 49
16 28 38
16 29 55
16 30 47
16 31 46
16 32 58
16 33 45
16 34 36
16 35 19
16 36 33
16 37 19
16 38 27
16 39 14
16 40 45
16 41 37
16 42 33
16 43 32
17 0 40
17 1 28
17 2 28
17 3 34
17 4 22
17 5 24
17 6 16
17 7 32
17 8 51
17 9 80
17 13 69
17 14 53
17 15 56
17 16 48
17 17 100
17 18 32
17 19 46
17 20 16
17 21 38
17 22 31
17 23 44
17 24 20
17 25 42
17 26 44
17 27 34
17 28 27
17 29 58
17 30 52
17 31 44
17 32 65
17 33 30
17 34 22
17 35 23
17 36 15
17 37 23
17 38 22
17 39 13
17 40 20
17 41 24
17 42 28
17 43 25
18 0 78
18 1 34
18 2 46
18 3 43
18 4 42
18 5 38
18 6 27
18 7 46
18 8 49
18 9 32
18 13 31
18 14 61
18 15 49
18 16 50
18 17 32
18 18 99
18 19 40
18 20 22
18 21 32
18 22 45
18 23 53
18 24 22
18 25 64
18 26 46
18 27 57
18 28 44
18 29 58
18 30 40
18 31 33
18 32 41
18 33 53
18 34 34
18 35 23
18 36 37
18 37 23
18 38 39
18 39 17
18 40 51
18 41 49
18 42 27
18 43 37
19 0 37
19 1 33
19 2 35
19 3 30
19 4 17
19 5 37
19 6 21
19 7 36
19 8 47
19 9 53
19 13 58
19 14 44
19 15 54
19 16 53
19 17 46
19 18 40
19 19 99
19 20 20
19 21 54
19 22 37
19 23 38
19 24 28
19 25 46
19 26 36
19 27 36
19 28 31
19 29 48
19 30 39
19 31 48
19 32 51
19 33 38
19 34 31
19 35 27
19 36 22
19 37 27
19 38 20
19 39 16
19 40 25
19 41 28
19 42 34
19 43 23
20 0 23
20 1 13
20 2 19
20 3 19
20 4 27
20 5 19
20 6 19
20 7 29
20 8 37
20 9 20
20 13 17
20 14 26
20 15 22
20 16 26
20 17 16
20 18 22
20 19 20
20 20 99
20 21 23
20 22 22
20 23 29
20 24 27
20 25 32
20 26 25
20 27 20
20 28 39
20 29 35
20 30 23
20 31 18
20 32 19
20 33 46
20 34 40
20 35 15
20 36 43
20 37 15
20 38 51
20 39 15
20 40 35
20 41 32
20 42 40
20 43 40
21 0 29
21 1 28
21 2 28
21 3 38
21 4 21
21 5 36
21 6 17
21 7 32
21 8 41
21 9 46
21 13 55
21 14 40
21 15 49
21 16 50
21 17 38
21 18 32
21 19 54
21 20 23
21 21 100
21 22 26
21 23 44
21 24 27
21 25 37
21 26 32
21 27 35
21 28 32
21 29 42
21 30 39
21 31 43
21 32 47
21 33 35
21 34 38
21 35 19
21 36 30
21 37 19
21 38 19
21 39 11
21 40 22
21 41 26
21 42 28
21 43 28
22 0 42
22 1 47
22 2 27
22 3 41
22 4 31
22 5 40
22 6 37
22 7 44
22 8 40
22 9 33
22 13 34
22 14 40
22 15 44
22 16 46
22 17 31
22 18 45
22 19 37
22 20 22
22 21 26
22 22 100
22 23 41
22 24 39
22 25 58
22 26 58
22 27 43
22 28 39
22 29 46
22 30 38
22 31 32
22 32 36
22 33 53
22 34 35
22 35 25
22 36 34
22 37 25
22 38 40
22 39 26
22 40 41
22 41 29
22 42 32
22 43 40
23 0 54
23 1 40
23 2 46
23 3 72
23 4 70
23 5 44
23 6 33
23 7 63
23 8 63
23 9 42
23 13 41
23 14 54
23 15 54
23 16 50
23 17 44
23 18 53
23 19 38
23 20 29
23 21 44
23 22 41
23 23 100
23 24 52
23 25 63
23 26 42
23 27 52
23 28 51
23 29 62
23 30 45
23 31 41
23 32 44
23 33 51
23 34 49
23 35 25
23 36 43
23 37 25
23 38 52
23 39 20
23 40 47
23 41 60
23 42 34
23 43 48
24 0 25
24 1 29
24 2 22
24 3 48
24 4 35
24 5 27
24 6 30
24 7 39
24 8 37
24 9 20
24 13 23
24 14 27
24 15 39
24 16 30
24 17 20
24 18 22
24 19 28
24 20 27
24 21 27
24 22 39
24 23 52
24 24 99
24 25 40
24 26 24
24 27 33
24 28 41
24 29 37
24 30 40
24 31 24
24 32 28
24 33 30
24 34 26
24 35 18
24 36 19
24 37 18
24 38 31
24 39 15
24 40 23
24 41 28
24 42 29
24 43 29
25 0 65
25 1 55
25 2 50
25 3 55
25 4 48
25 5 56
25 6 47
25 7 57
25 8 54
25 9 45
25 13 40
25 14 64
25 15 52
25 16 55
25 17 42
25 18 64
25 19 46
25 20 32
25 21 37
25 22 58
25 23 63
25 24 40
25 25 99
25 26 59
25 27 62
25 28 44
25 29 61
25 30 39
25 31 37
25 32 49
25 33 65
25 34 47
25 35 32
25 36 51
25 37 32
25 38 52
25 39 28
25 40 57
25 41 59
25 42 38
25 43 48
26 0 45
26 1 51
26 2 32
26 3 32
26 4 27
26 5 40
26 6 29
26 7 39
26 8 42
26 9 42
26 13 37
26 14 44
26 15 49
26 16 50
26 17 44
26 18 46
26 19 36
26 20 25
26 21 32
26 22 58
26 23 42
26 24 24
26 25 59
26 26 99
26 27 40
26 28 37
26 29 47
26 30 36
26 31 32
26 32 44
26 33 46
26 34 35
26 35 28
26 36 36
26 37 28
26 38 36
26 39 22
26 40 37
26 41 33
26 42 36
26 43 39
27 0 58
27 1 41
27 2 62
27 3 47
27 4 49
27 5 38
27 6 37
27 7 45
27 8 43
27 9 34
27 13 36
27 14 47
27 15 45
27 16 49
27 17 34
27 18 57
27 19 36
27 20 20
27 21 35
27 22 43
27 23 52
27 24 33
27 25 62
27 26 40
27 27 100
27 28 46
27 29 56
27 30 33
27 31 41
27 32 45
27 33 49
27 34 31
27 35 18
27 36 32
27 37 18
27 38 38
27 39 15
27 40 43
27 41 44
27 42 28
27 43 32
28 0 42
28 1 29
28 2 30
28 3 39
28 4 48
28 5 31
28 6 27
28 7 47
28 8 53
28 9 31
28 13 31
28 14 34
28 15 46
28 16 38
28 17 27
28 18 44
28 19 31
28 20 39
28 21 32
28 22 39
28 23 51
28 24 41
28 25 44
28 26 37
28 27 46
28 28 100
28 29 47
28 30 40
28 31 29
28 32 39
28 33 44
28 34 37
28 35 16
28 36 30
28 37 16
28 38 44
28 39 17
28 40 42
28 41 38
28 42 39
28 43 40
29 0 59
29 1 32
29 2 44
29 3 46
29 4 43
29 5 31
29 6 34
29 7 52
29 8 75
29 9 62
29 13 62
29 14 76
29 15 69
29 16 55
29 17 58
29 18 58
29 19 48
29 20 35
29 21 42
29 22 46
29 23 62
29 24 37
29 25 61
29 26 47
29 27 56
29 28 47
29 29 100
29 30 68
29 31 65
29 32 72
29 33 54
29 34 36
29 35 27
29 36 35
29 37 27
29 38 41
29 39 20
29 40 40
29 41 51
29 42 40
29 43 46
30 0 36
30 1 24
30 2 23
30 3 38
30 4 22
30 5 27
30 6 17
30 7 40
30 8 58
30 9 54
30 13 59
30 14 60
30 15 63
30 16 47
30 17 52
30 18 40
30 19 39
30 20 23
30 21 39
30 22 38
30 23 45
30 24 40
30 25 39
30 26 36
30 27 33
30 28 40
30 29 68
30 30 100
30 31 46
30 32 62
30 33 34
30 34 26
30 35 15
30 36 22
30 37 15
30 38 23
30 39 7
30 40 24
30 41 34
30 42 29
30 43 28
31 0 37
31 1 21
31 2 32
31 3 31
31 4 32
31 5 22
31 6 24
31 7 35
31 8 47
31 9 56
31 13 59
31 14 49
31 15 55
31 16 46
31 17 44
31 18 33
31 19 48
31 20 18
31 21 43
31 22 32
31 23 41
31 24 24
31 25 37
31 26 32
31 27 41
31 28 29
31 29 65
31 30 46
31 31 100
31 32 68
31 33 29
31 34 24
31 35 12
31 36 14
31 37 12
31 38 16
31 39 6
31 40 15
31 41 25
31 42 21
31 43 18
32 0 45
32 1 29
32 2 37
32 3 34
32 4 32
32 5 32
32 6 24
32 7 40
32 8 59
32 9 76
32 13 79
32 14 68
32 15 68
32 16 58
32 17 65
32 18 41
32 19 51
32 20 19
32 21 47
32 22 36
32 23 44
32 24 28
32 25 49
32 26 44
32 27 45
32 28 39
32 29 72
32 30 62
32 31 68
32 32 99
32 33 39
32 34 25
32 35 19
32 36 21
32 37 19
32 38 21
32 39 11
32 40 26
32 41 31
32 42 31
32 43 27
33 0 57
33 1 46
33 2 44
33 3 42
33 4 37
33 5 45
33 6 43
33 7 48
33 8 48
33 9 34
33 13 33
33 14 53
33 15 40
33 16 45
33 17 30
33 18 53
33 19 38
33 20 46
33 21 35
33 22 53
33 23 51
33 24 30
33 25 65
33 26 46
33 27 49
33 28 44
33 29 54
33 30 34
33 31 29
33 32 39
33 33 100
33 34 54
33 35 44
33 36 58
33 37 44
33 38 71
33 39 43
33 40 65
33 41 57
33 42 52
33 43 69
34 0 36
34 1 37
34 2 30
34 3 42
34 4 33
34 5 43
34 6 27
34 7 42
34 8 37
34 9 24
34 13 29
34 14 35
34 15 35
34 16 36
34 17 22
34 18 34
34 19 31
34 20 40
34 21 38
34 22 35
34 23 49
34 24 26
34 25 47
34 26 35
34 27 31
34 28 37
34 29 36
34 30 26
34 31 24
34 32 25
34 33 54
34 34 100
34 35 22
34 36 57
34 37 22
34 38 56
34 39 16
34 40 58
34 41 48
34 42 43
34 43 48
35 0 21
35 1 14
35 2 13
35 3 13
35 4 15
35 5 29
35 6 58
35 7 23
35 8 26
35 9 25
35 13 24
35 14 23
35 15 25
35 16 19
35 17 23
35 18 23
35 19 27
35 20 15
35 21 19
35 22 25
35 23 25
35 24 18
35 25 32
35 26 28
35 27 18
35 28 16
35 29 27
35 30 15
35 31 12
35 32 19
35 33 44
35 34 22
35 35 99
35 36 27
35 37 99
35 38 24
35 39 85
35 40 17
35 41 21
35 42 65
35 43 48
36 0 38
36 1 34
36 2 30
36 3 32
36 4 35
36 5 48
36 6 26
36 7 41
36 8 38
36 9 18
36 13 19
36 14 31
36 15 27
36 16 33
36 17 15
36 18 37
36 19 22
36 20 43
36 21 30
36 22 34
36 23 43
36 24 19
36 25 51
36 26 36
36 27 32
36 28 30
36 29 35
36 30 22
36 31 14
36 32 21
36 33 58
36 34 57
36 35 27
36 36 99
36 37 27
36 38 54
36 39 22
36 40 60
36 41 47
36 42 37
36 43 49
37 0 21
37 1 14
37 2 13
37 3 13
37 4 15
37 5 29
37 6 58
37 7 23
37 8 26
37 9 25
37 13 24
37 14 23
37 15 25
37 16 19
37 17 23
37 18 23
37 19 27
37 20 15
37 21 19
37 22 25
37 23 25
37 24 18
37 25 32
37 26 28
37 27 18
37 28 16
37 29 27
37 30 15
37 31 12
37 32 19
37 33 44
37 34 22
37 35 99
37 36 27
37 37 99
37 38 24
37 39 85
37 40 17
37 41 21
37 42 65
37 43 48
38 0 45
38 1 37
38 2 32
38 3 39
38 4 52
38 5 25
38 6 32
38 7 49
38 8 41
38 9 20
38 13 14
38 14 33
38 15 27
38 16 27
38 17 22
38 18 39
38 19 20
38 20 51
38 21 19
38 22 40
38 23 52
38 24 31
38 25 52
38 26 36
38 27 38
38 28 44
38 29 41
38 30 23
38 31 16
38 32 21
38 33 71
38 34 56
38 35 24
38 36 54
38 37 24
38 38 100
38 39 27
38 40 62
38 41 45
38 42 33
38 43 65
39 0 15
39 1 3
39 2 6
39 3 15
39 4 12
39 5 29
39 6 60
39 7 23
39 8 22
39 9 18
39 13 18
39 14 16
39 15 19
39 16 14
39 17 13
39 18 17
39 19 16
39 20 15
39 21 11
39 22 26
39 23 20
39 24 15
39 25 28
39 26 22
39 27 15
39 28 17
39 29 20
39 30 7
39 31 6
39 32 11
39 33 43
39 34 16
39 35 85
39 36 22
39 37 85
39 38 27
39 39 99
39 40 23
39 41 20
39 42 57
39 43 41
40 0 48
40 1 36
40 2 38
40 3 41
40 4 39
40 5 40
40 6 27
40 7 41
40 8 40
40 9 17
40 13 21
40 14 40
40 15 28
40 16 45
40 17 20
40 18 51
40 19 25
40 20 35
40 21 22
40 22 41
40 23 47
40 24 23
40 25 57
40 26 37
40 27 43
40 28 42
40 29 40
40 30 24
40 31 15
40 32 26
40 33 65
40 34 58
40 35 17
40 36 60
40 37 17
40 38 62
40 39 23
40 40 99
40 41 50
40 42 35
40 43 51
41 0 51
41 1 27
41 2 47
41 3 45
41 4 39
41 5 49
41 6 33
41 7 57
41 8 45
41 9 27
41 13 23
41 14 48
41 15 44
41 16 37
41 17 24
41 18 49
41 19 28
41 20 32
41 21 26
41 22 29
41 23 60
41 24 28
41 25 59
41 26 33
41 27 44
41 28 38
41 29 51
41 30 34
41 31 25
41 32 31
41 33 57
41 34 48
41 35 21
41 36 47
41 37 21
41 38 45
41 39 20
41 40 50
41 41 99
41 42 34
41 43 43
42 0 25
42 1 22
42 2 21
42 3 24
42 4 25
42 5 32
42 6 43
42 7 33
42 8 41
42 9 31
42 13 30
42 14 30
42 15 33
42 16 33
42 17 28
42 18 27
42 19 34
42 20 40
42 21 28
42 22 32
42 23 34
42 24 29
42 25 38
42 26 36
42 27 28
42 28 39
42 29 40
42 30 29
42 31 21
42 32 31
42 33 52
42 34 43
42 35 65
42 36 37
42 37 65
42 38 33
42 39 57
42 40 35
42 41 34
42 42 100
42 43 52
43 0 38
43 1 40
43 2 31
43 3 33
43 4 42
43 5 29
43 6 35
43 7 50
43 8 45
43 9 26
43 13 23
43 14 38
43 15 35
43 16 32
43 17 25
43 18 37
43 19 23
43 20 40
43 21 28
43 22 40
43 23 48
43 24 29
43 25 48
43 26 39
43 27 32
43 28 40
43 29 46
43 30 28
43 31 18
43 32 27
43 33 69
43 34 48
43 35 48
43 36 49
43 37 48
43 38 65
43 39 41
43 40 51
43 41 43
43 42 52
43 43 100
