0 0 100
0 1 44
0 2 42
0 3 39
0 4 34
0 5 44
0 6 49
0 7 21
0 8 58
0 9 33
0 10 50
0 11 59
0 12 34
0 13 57
0 14 53
0 15 35
0 16 57
0 17 46
0 18 19
0 19 39
0 20 38
0 21 25
0 22 54
0 23 32
0 24 49
0 25 57
0 26 43
0 27 51
0 28 22
0 29 52
0 30 53
1 0 44
1 1 100
1 2 60
1 3 33
1 4 31
1 5 42
1 6 66
1 7 14
1 8 48
1 9 40
1 10 61
1 11 44
1 12 52
1 13 58
1 14 72
1 15 55
1 16 36
1 17 46
1 18 25
1 19 56
1 20 54
1 21 45
1 22 53
1 23 44
1 24 60
1 25 55
1 26 60
1 27 55
1 28 28
1 29 46
1 30 43
2 0 42
2 1 60
2 2 100
2 3 29
2 4 40
2 5 49
2 6 64
2 7 14
2 8 44
2 9 34
2 10 58
2 11 39
2 12 52
2 13 75
2 14 56
2 15 63
2 16 43
2 17 49
2 18 18
2 19 60
2 20 55
2 21 38
2 22 44
2 23 37
2 24 47
2 25 52
2 26 40
2 27 37
2 28 24
2 29 49
2 30 34
3 0 39
3 1 33
3 2 29
3 3 100
3 4 24
3 5 31
3 6 37
3 7 28
3 8 52
3 9 32
3 10 31
3 11 37
3 12 40
3 13 40
3 14 33
3 15 43
3 16 31
3 17 37
3 18 27
3 19 30
3 20 24
3 21 18
3 22 27
3 23 32
3 24 26
3 25 25
3 26 44
3 27 21
3 28 12
3 29 27
3 30 22
4 0 34
4 1 31
4 2 40
4 3 24
4 4 99
4 5 52
4 6 36
4 7 22
4 8 31
4 9 27
4 10 39
4 11 31
4 12 27
4 13 42
4 14 35
4 15 45
4 16 67
4 17 48
4 18 3
4 19 26
4 20 36
4 21 24
4 22 24
4 23 43
4 24 25
4 25 28
4 26 35
4 27 23
4 28 4
4 29 26
4 30 22
5 0 44
5 1 42
5 2 49
5 3 31
5 4 52
5 5 100
5 6 56
5 7 13
5 8 42
5 9 36
5 10 52
5 11 37
5 12 34
5 13 52
5 14 53
5 15 44
5 16 57
5 17 74
5 18 23
5 19 43
5 20 54
5 21 45
5 22 47
5 23 34
5 24 44
5 25 45
5 26 35
5 27 35
5 28 18
5 29 51
5 30 30
6 0 49
6 1 66
6 2 64
6 3 37
6 4 36
6 5 56
6 6 99
6 7 17
6 8 53
6 9 42
6 10 74
6 11 44
6 12 53
6 13 64
6 14 71
6 15 56
6 16 48
6 17 66
6 18 20
6 19 65
6 20 68
6 21 56
6 22 62
6 23 39
6 24 67
6 25 67
6 26 60
6 27 65
6 28 39
6 29 74
6 30 44
7 0 21
7 1 14
7 2 14
7 3 28
7 4 22
7 5 13
7 6 17
7 7 100
7 8 20
7 9 18
7 10 22
7 11 25
7 12 20
7 13 16
7 14 11
7 15 18
7 16 24
7 17 17
7 18 0
7 19 11
7 20 19
7 21 6
7 22 16
7 23 11
7 24 15
7 25 17
7 26 19
7 27 16
7 28 20
7 29 8
7 30 16
8 0 58
8 1 48
8 2 44
8 3 52
8 4 31
8 5 42
8 6 53
8 7 20
8 8 100
8 9 38
8 10 53
8 11 58
8 12 45
8 13 59
8 14 46
8 15 47
8 16 52
8 17 49
8 18 27
8 19 54
8 20 48
8 21 33
8 22 53
8 23 33
8 24 57
8 25 59
8 26 51
8 27 47
8 28 26
8 29 51
8 30 49
9 0 33
9 1 40
9 2 34
9 3 32
9 4 27
9 5 36
9 6 42
9 7 18
9 8 38
9 9 100
9 10 47
9 11 33
9 12 37
9 13 34
9 14 36
9 15 28
9 16 37
9 17 42
9 18 19
9 19 25
9 20 38
9 21 24
9 22 33
9 23 28
9 24 31
9 25 28
9 26 43
9 27 26
9 28 23
9 29 27
9 30 34
10 0 50
10 1 61
10 2 58
10 3 31
10 4 39
10 5 52
10 6 74
10 7 22
10 8 53
10 9 47
10 10 99
10 11 50
10 12 45
10 13 60
10 14 66
10 15 54
10 16 48
10 17 61
10 18 24
10 19 57
10 20 64
10 21 51
10 22 57
10 23 50
10 24 65
10 25 66
10 26 55
10 27 59
10 28 43
10 29 61
10 30 40
11 0 59
11 1 44
11 2 39
11 3 37
11 4 31
11 5 37
11 6 44
11 7 25
11 8 58
11 9 33
11 10 50
11 11 99
11 12 42
11 13 54
11 14 40
11 15 44
11 16 53
11 17 45
11 18 21
11 19 44
11 20 43
11 21 30
11 22 50
11 23 32
11 24 52
11 25 66
11 26 37
11 27 48
11 28 39
11 29 46
11 30 51
12 0 34
12 1 52
12 2 52
12 3 40
12 4 27
12 5 34
12 6 53
12 7 20
12 8 45
12 9 37
12 10 45
12 11 42
12 12 99
12 13 48
12 14 50
12 15 54
12 16 33
12 17 36
12 18 30
12 19 50
12 20 51
12 21 28
12 22 41
12 23 32
12 24 44
12 25 39
12 26 41
12 27 33
12 28 18
12 29 31
12 30 27
13 0 57
13 1 58
13 2 75
13 3 40
13 4 42
13 5 52
13 6 64
13 7 16
13 8 59
13 9 34
13 10 60
13 11 54
13 12 48
13 13 100
13 14 67
13 15 62
13 16 52
13 17 60
13 18 27
13 19 53
13 20 58
13 21 41
13 22 60
13 23 42
13 24 55
13 25 62
13 26 48
13 27 45
13 28 26
13 29 65
13 30 42
14 0 53
14 1 72
14 2 56
14 3 33
14 4 35
14 5 53
14 6 71
14 7 11
14 8 46
14 9 36
14 10 66
14 11 40
14 12 50
14 13 67
14 14 99
14 15 56
14 16 44
14 17 57
14 18 24
14 19 53
14 20 63
14 21 53
14 22 63
14 23 51
14 24 57
14 25 54
14 26 58
14 27 47
14 28 18
14 29 61
14 30 31
15 0 35
15 1 55
15 2 63
15 3 43
15 4 45
15 5 44
15 6 56
15 7 18
15 8 47
15 9 28
15 10 54
15 11 44
15 12 54
15 13 62
15 14 56
15 15 99
15 16 45
15 17 50
15 18 24
15 19 57
15 20 51
15 21 42
15 22 46
15 23 52
15 24 45
15 25 44
15 26 58
15 27 32
15 28 16
15 29 47
15 30 26
16 0 57
16 1 36
16 2 43
16 3 31
16 4 67
16 5 57
16 6 48
16 7 24
16 8 52
16 9 37
16 10 48
16 11 53
16 12 33
16 13 52
16 14 44
16 15 45
16 16 99
16 17 54
16 18 7
16 19 38
16 20 48
16 21 32
16 22 45
16 23 42
16 24 46
16 25 52
16 26 39
16 27 42
16 28 21
16 29 45
16 30 48
17 0 46
17 1 46
17 2 49
17 3 37
17 4 48
17 5 74
17 6 66
17 7 17
17 8 49
17 9 42
17 10 61
17 11 45
17 12 36
17 13 60
17 14 57
17 15 50
17 16 54
17 17 100
17 18 27
17 19 43
17 20 62
17 21 46
17 22 52
17 23 44
17 24 63
17 25 61
17 26 43
17 27 43
17 28 32
17 29 64
17 30 37
18 0 19
18 1 25
18 2 18
18 3 27
18 4 3
18 5 23
18 6 20
18 7 0
18 8 27
18 9 19
18 10 24
18 11 21
18 12 30
18 13 27
18 14 24
18 15 24
18 16 7
18 17 27
18 18 99
18 19 21
18 20 17
18 21 16
18 22 24
18 23 15
18 24 18
18 25 20
18 26 23
18 27 17
18 28 23
18 29 16
18 30 10
19 0 39
19 1 56
19 2 60
19 3 30
19 4 26
19 5 43
19 6 65
19 7 11
19 8 54
19 9 25
19 10 57
19 11 44
19 12 50
19 13 53
19 14 53
19 15 57
19 16 38
19 17 43
19 18 21
19 19 100
19 20 59
19 21 47
19 22 49
19 23 36
19 24 65
19 25 63
19 26 46
19 27 57
19 28 33
19 29 49
19 30 37
20 0 38
20 1 54
20 2 55
20 3 24
20 4 36
20 5 54
20 6 68
20 7 19
20 8 48
20 9 38
20 10 64
20 11 43
20 12 51
20 13 58
20 14 63
20 15 51
20 16 48
20 17 62
20 18 17
20 19 59
20 20 99
20 21 57
20 22 54
20 23 45
20 24 60
20 25 62
20 26 42
20 27 42
20 28 33
20 29 59
20 30 39
21 0 25
21 1 45
21 2 38
21 3 18
21 4 24
21 5 45
21 6 56
21 7 6
21 8 33
21 9 24
21 10 51
21 11 30
21 12 28
21 13 41
21 14 53
21 15 42
21 16 32
21 17 46
21 18 16
21 19 47
21 20 57
21 21 100
21 22 66
21 23 33
21 24 53
21 25 53
21 26 36
21 27 40
21 28 21
21 29 67
21 30 26
22 0 54
22 1 53
22 2 44
22 3 27
22 4 24
22 5 47
22 6 62
22 7 16
22 8 53
22 9 33
22 10 57
22 11 50
22 12 41
22 13 60
22 14 63
22 15 46
22 16 45
22 17 52
22 18 24
22 19 49
22 20 54
22 21 66
22 22 99
22 23 30
22 24 62
22 25 65
22 26 44
22 27 51
22 28 28
22 29 76
22 30 39
23 0 32
23 1 44
23 2 37
23 3 32
23 4 43
23 5 34
23 6 39
23 7 11
23 8 33
23 9 28
23 10 50
23 11 32
23 12 32
23 13 42
23 14 51
23 15 52
23 16 42
23 17 44
23 18 15
23 19 36
23 20 45
23 21 33
23 22 30
23 23 100
23 24 43
23 25 34
23 26 51
23 27 28
23 28 19
23 29 32
23 30 22
24 0 49
24 1 60
24 2 47
24 3 26
24 4 25
24 5 44
24 6 67
24 7 15
24 8 57
24 9 31
24 10 65
24 11 52
24 12 44
24 13 55
24 14 57
24 15 45
24 16 46
24 17 63
24 18 18
24 19 65
24 20 60
24 21 53
24 22 62
24 23 43
24 24 100
24 25 78
24 26 47
24 27 75
24 28 41
24 29 65
24 30 49
25 0 57
25 1 55
25 2 52
25 3 25
25 4 28
25 5 45
25 6 67
25 7 17
25 8 59
25 9 28
25 10 66
25 11 66
25 12 39
25 13 62
25 14 54
25 15 44
25 16 52
25 17 61
25 18 20
25 19 63
25 20 62
25 21 53
25 22 65
25 23 34
25 24 78
25 25 100
25 26 44
25 27 68
25 28 55
25 29 75
25 30 64
26 0 43
26 1 60
26 2 40
26 3 44
26 4 35
26 5 35
26 6 60
26 7 19
26 8 51
26 9 43
26 10 55
26 11 37
26 12 41
26 13 48
26 14 58
26 15 58
26 16 39
26 17 43
26 18 23
26 19 46
26 20 42
26 21 36
26 22 44
26 23 51
26 24 47
26 25 44
26 26 99
26 27 42
26 28 23
26 29 44
26 30 27
27 0 51
27 1 55
27 2 37
27 3 21
27 4 23
27 5 35
27 6 65
27 7 16
27 8 47
27 9 26
27 10 59
27 11 48
27 12 33
27 13 45
27 14 47
27 15 32
27 16 42
27 17 43
27 18 17
27 19 57
27 20 42
27 21 40
27 22 51
27 23 28
27 24 75
27 25 68
27 26 42
27 27 100
27 28 42
27 29 53
27 30 46
28 0 22
28 1 28
28 2 24
28 3 12
28 4 4
28 5 18
28 6 39
28 7 20
28 8 26
28 9 23
28 10 43
28 11 39
28 12 18
28 13 26
28 14 18
28 15 16
28 16 21
28 17 32
28 18 23
28 19 33
28 20 33
28 21 21
28 22 28
28 23 19
28 24 41
28 25 55
28 26 23
28 27 42
28 28 100
28 29 36
28 30 38
29 0 52
29 1 46
29 2 49
29 3 27
29 4 26
29 5 51
29 6 74
29 7 8
29 8 51
29 9 27
29 10 61
29 11 46
29 12 31
29 13 65
29 14 61
29 15 47
29 16 45
29 17 64
29 18 16
29 19 49
29 20 59
29 21 67
29 22 76
29 23 32
29 24 65
29 25 75
29 26 44
29 27 53
29 28 36
29 29 99
29 30 42
30 0 53
30 1 43
30 2 34
30 3 22
30 4 22
30 5 30
30 6 44
30 7 16
30 8 49
30 9 34
30 10 40
30 11 51
30 12 27
30 13 42
30 14 31
30 15 26
30 16 48
30 17 37
30 18 10
30 19 37
30 20 39
30 21 26
30 22 39
30 23 22
30 24 49
30 25 64
30 26 27
30 27 46
30 28 38
30 29 42
30 30 99
