0 0 100
0 1 62
0 2 63
0 3 63
0 4 49
0 5 56
0 6 34
0 7 69
0 8 70
0 9 72
0 10 36
0 11 52
0 12 55
0 13 40
0 14 45
0 15 61
0 16 40
0 17 27
0 18 42
0 19 49
0 20 47
0 21 50
0 22 59
0 23 67
0 24 54
0 25 40
0 26 72
0 27 69
0 28 48
0 29 62
0 30 56
0 31 47
0 32 35
0 33 45
0 34 57
0 35 34
0 36 58
0 37 40
0 38 45
0 39 44
0 40 31
0 41 44
0 42 48
0 43 50
0 44 62
0 45 28
0 46 60
0 47 41
0 48 49
0 49 49
0 50 49
0 51 48
0 52 33
0 53 39
0 54 53
0 55 44
0 56 39
0 57 47
1 0 62
1 1 99
1 2 57
1 3 44
1 4 57
1 5 54
1 6 25
1 7 46
1 8 54
1 9 49
1 10 37
1 11 73
1 12 70
1 13 34
1 14 42
1 15 65
1 16 41
1 17 25
1 18 56
1 19 48
1 20 31
1 21 34
1 22 47
1 23 63
1 24 51
1 25 40
1 26 57
1 27 61
1 28 53
1 29 47
1 30 56
1 31 45
1 32 38
1 33 45
1 34 51
1 35 25
1 36 40
1 37 39
1 38 35
1 39 32
1 40 34
1 41 42
1 42 53
1 43 46
1 44 54
1 45 38
1 46 47
1 47 33
1 48 40
1 49 45
1 50 35
1 51 44
1 52 20
1 53 24
1 54 45
1 55 43
1 56 46
1 57 39
2 0 63
2 1 57
2 2 100
2 3 67
2 4 52
2 5 64
2 6 16
2 7 51
2 8 54
2 9 47
2 10 33
2 11 46
2 12 44
2 13 49
2 14 41
2 15 60
2 16 40
2 17 19
2 18 34
2 19 37
2 20 35
2 21 40
2 22 52
2 23 62
2 24 80
2 25 45
2 26 73
2 27 63
2 28 49
2 29 63
2 30 49
2 31 51
2 32 35
2 33 38
2 34 52
2 35 24
2 36 57
2 37 37
2 38 42
2 39 49
2 40 32
2 41 44
2 42 51
2 43 54
2 44 64
2 45 27
2 46 66
2 47 42
2 48 52
2 49 52
2 50 47
2 51 50
2 52 26
2 53 39
2 54 54
2 55 59
2 56 50
2 57 42
3 0 63
3 1 44
3 2 67
3 3 99
3 4 41
3 5 60
3 6 20
3 7 54
3 8 50
3 9 44
3 10 29
3 11 36
3 12 31
3 13 50
3 14 38
3 15 57
3 16 29
3 17 19
3 18 23
3 19 37
3 20 35
3 21 41
3 22 46
3 23 53
3 24 48
3 25 36
3 26 70
3 27 58
3 28 31
3 29 56
3 30 47
3 31 55
3 32 28
3 33 32
3 34 50
3 35 26
3 36 63
3 37 36
3 38 33
3 39 48
3 40 24
3 41 34
3 42 44
3 43 37
3 44 58
3 45 31
3 46 68
3 47 61
3 48 43
3 49 47
3 50 35
3 51 42
3 52 26
3 53 30
3 54 35
3 55 38
3 56 29
3 57 41
4 0 49
4 1 57
4 2 52
4 3 41
4 4 99
4 5 63
4 6 16
4 7 43
4 8 44
4 9 40
4 10 38
4 11 52
4 12 57
4 13 44
4 14 49
4 15 47
4 16 29
4 17 24
4 18 37
4 19 47
4 20 33
4 21 44
4 22 49
4 23 53
4 24 46
4 25 37
4 26 55
4 27 38
4 28 52
4 29 46
4 30 65
4 31 57
4 32 54
4 33 57
4 34 44
4 35 23
4 36 45
4 37 29
4 38 36
4 39 48
4 40 35
4 41 46
4 42 92
4 43 48
4 44 62
4 45 38
4 46 47
4 47 39
4 48 39
4 49 57
4 50 39
4 51 55
4 52 21
4 53 24
4 54 53
4 55 40
4 56 46
4 57 44
5 0 56
5 1 54
5 2 64
5 3 60
5 4 63
5 5 100
5 6 12
5 7 43
5 8 51
5 9 50
5 10 41
5 11 48
5 12 58
5 13 54
5 14 43
5 15 60
5 16 48
5 17 19
5 18 38
5 19 51
5 20 31
5 21 42
5 22 57
5 23 68
5 24 57
5 25 45
5 26 65
5 27 49
5 28 52
5 29 56
5 30 62
5 31 67
5 32 47
5 33 56
5 34 51
5 35 27
5 36 57
5 37 41
5 38 41
5 39 48
5 40 27
5 41 54
5 42 65
5 43 74
5 44 80
5 45 48
5 46 66
5 47 52
5 48 45
5 49 53
5 50 48
5 51 57
5 52 32
5 53 30
5 54 53
5 55 51
5 56 54
5 57 56
6 0 34
6 1 25
6 2 16
6 3 20
6 4 16
6 5 12
6 6 100
6 7 58
6 8 26
6 9 19
6 10 7
6 11 30
6 12 23
6 13 11
6 14 28
6 15 19
6 16 18
6 17 17
6 18 14
6 19 18
6 20 16
6 21 17
6 22 20
6 23 14
6 24 19
6 25 15
6 26 20
6 27 21
6 28 11
6 29 19
6 30 18
6 31 15
6 32 9
6 33 12
6 34 16
6 35 25
6 36 21
6 37 14
6 38 8
6 39 24
6 40 14
6 41 18
6 42 19
6 43 14
6 44 17
6 45 10
6 46 19
6 47 18
6 48 14
6 49 21
6 50 12
6 51 16
6 52 18
6 53 21
6 54 17
6 55 13
6 56 10
6 57 13
7 0 69
7 1 46
7 2 51
7 3 54
7 4 43
7 5 43
7 6 58
7 7 100
7 8 54
7 9 47
7 10 27
7 11 52
7 12 43
7 13 42
7 14 47
7 15 42
7 16 29
7 17 32
7 18 32
7 19 44
7 20 46
7 21 49
7 22 52
7 23 51
7 24 43
7 25 37
7 26 59
7 27 52
7 28 40
7 29 46
7 30 51
7 31 48
7 32 27
7 33 36
7 34 47
7 35 32
7 36 51
7 37 35
7 38 35
7 39 49
7 40 32
7 41 42
7 42 43
7 43 34
7 44 53
7 45 32
7 46 51
7 47 47
7 48 41
7 49 46
7 50 42
7 51 46
7 52 34
7 53 43
7 54 42
7 55 42
7 56 33
7 57 46
8 0 70
8 1 54
8 2 54
8 3 50
8 4 44
8 5 51
8 6 26
8 7 54
8 8 99
8 9 59
8 10 32
8 11 50
8 12 47
8 13 38
8 14 42
8 15 54
8 16 36
8 17 21
8 18 37
8 19 41
8 20 38
8 21 38
8 22 53
8 23 51
8 24 44
8 25 30
8 26 64
8 27 61
8 28 42
8 29 57
8 30 46
8 31 40
8 32 30
8 33 33
8 34 50
8 35 28
8 36 55
8 37 39
8 38 35
8 39 42
8 40 25
8 41 34
8 42 43
8 43 46
8 44 56
8 45 22
8 46 52
8 47 39
8 48 44
8 49 47
8 50 48
8 51 41
8 52 25
8 53 29
8 54 50
8 55 36
8 56 38
8 57 36
9 0 72
9 1 49
9 2 47
9 3 44
9 4 40
9 5 50
9 6 19
9 7 47
9 8 59
9 9 99
9 10 50
9 11 33
9 12 41
9 13 45
9 14 46
9 15 50
9 16 36
9 17 29
9 18 34
9 19 46
9 20 49
9 21 39
9 22 53
9 23 58
9 24 43
9 25 44
9 26 62
9 27 59
9 28 55
9 29 64
9 30 49
9 31 46
9 32 42
9 33 43
9 34 56
9 35 39
9 36 56
9 37 43
9 38 47
9 39 36
9 40 37
9 41 46
9 42 36
9 43 51
9 44 53
9 45 25
9 46 58
9 47 40
9 48 46
9 49 51
9 50 56
9 51 48
9 52 39
9 53 42
9 54 54
9 55 45
9 56 40
9 57 58
10 0 36
10 1 37
10 2 33
10 3 29
10 4 38
10 5 41
10 6 7
10 7 27
10 8 32
10 9 50
10 10 99
10 11 27
10 12 31
10 13 58
10 14 32
10 15 32
10 16 24
10 17 13
10 18 31
10 19 28
10 20 30
10 21 30
10 22 41
10 23 42
10 24 37
10 25 38
10 26 44
10 27 27
10 28 35
10 29 37
10 30 39
10 31 36
10 32 30
10 33 29
10 34 35
10 35 23
10 36 35
10 37 40
10 38 32
10 39 30
10 40 27
10 41 34
10 42 37
10 43 41
10 44 34
10 45 20
10 46 46
10 47 31
10 48 27
10 49 38
10 50 38
10 51 41
10 52 25
10 53 25
10 54 39
10 55 38
10 56 38
10 57 34
11 0 52
11 1 73
11 2 46
11 3 36
11 4 52
11 5 48
11 6 30
11 7 52
11 8 50
11 9 33
11 10 27
11 11 100
11 12 61
11 13 31
11 14 46
11 15 43
11 16 39
11 17 24
11 18 44
11 19 44
11 20 25
11 21 38
11 22 46
11 23 51
11 24 43
11 25 29
11 26 48
11 27 43
11 28 43
11 29 36
11 30 54
11 31 45
11 32 35
11 33 44
11 34 33
11 35 19
11 36 31
11 37 26
11 38 27
11 39 34
11 40 31
11 41 34
11 42 48
11 43 40
11 44 47
11 45 31
11 46 38
11 47 35
11 48 33
11 49 49
11 50 30
11 51 43
11 52 16
11 53 20
11 54 38
11 55 35
11 56 41
11 57 32
12 0 55
12 1 70
12 2 44
12 3 31
12 4 57
12 5 58
12 6 23
12 7 43
12 8 47
12 9 41
12 10 31
12 11 61
12 12 100
12 13 31
12 14 45
12 15 54
12 16 51
12 17 27
12 18 71
12 19 51
12 20 30
12 21 36
12 22 54
12 23 59
12 24 47
12 25 41
12 26 49
12 27 44
12 28 54
12 29 43
12 30 58
12 31 49
12 32 37
12 33 52
12 34 43
12 35 27
12 36 38
12 37 35
12 38 38
12 39 37
12 40 30
12 41 47
12 42 51
12 43 57
12 44 55
12 45 43
12 46 37
12 47 36
12 48 38
12 49 39
12 50 43
12 51 44
12 52 23
12 53 27
12 54 49
12 55 39
12 56 44
12 57 44
13 0 40
13 1 34
13 2 49
13 3 50
13 4 44
13 5 54
13 6 11
13 7 42
13 8 38
13 9 45
13 10 58
13 11 31
13 12 31
13 13 100
13 14 38
13 15 37
13 16 35
13 17 22
13 18 25
13 19 42
13 20 38
13 21 40
13 22 48
13 23 47
13 24 44
13 25 40
13 26 53
13 27 40
13 28 41
13 29 49
13 30 51
13 31 60
13 32 38
13 33 37
13 34 47
13 35 25
13 36 55
13 37 37
13 38 39
13 39 52
13 40 29
13 41 45
13 42 47
13 43 42
13 44 54
13 45 30
13 46 58
13 47 49
13 48 42
13 49 46
13 50 46
13 51 47
13 52 37
13 53 36
13 54 46
13 55 42
13 56 41
13 57 50
14 0 45
14 1 42
14 2 41
14 3 38
14 4 49
14 5 43
14 6 28
14 7 47
14 8 42
14 9 46
14 10 32
14 11 46
14 12 45
14 13 38
14 14 99
14 15 40
14 16 42
14 17 29
14 18 33
14 19 36
14 20 27
14 21 32
14 22 60
14 23 45
14 24 40
14 25 42
14 26 47
14 27 36
14 28 43
14 29 44
14 30 49
14 31 45
14 32 47
14 33 44
14 34 44
14 35 50
14 36 47
14 37 37
14 38 37
14 39 39
14 40 38
14 41 41
14 42 44
14 43 51
14 44 46
14 45 18
14 46 55
14 47 40
14 48 37
14 49 62
14 50 47
14 51 58
14 52 37
14 53 32
14 54 49
14 55 38
14 56 33
14 57 51
15 0 61
15 1 65
15 2 60
15 3 57
15 4 47
15 5 60
15 6 19
15 7 42
15 8 54
15 9 50
15 10 32
15 11 43
15 12 54
15 13 37
15 14 40
15 15 100
15 16 60
15 17 20
15 18 41
15 19 44
15 20 33
15 21 25
15 22 49
15 23 61
15 24 47
15 25 40
15 26 57
15 27 67
15 28 49
15 29 58
15 30 49
15 31 39
15 32 31
15 33 48
15 34 56
15 35 25
15 36 46
15 37 34
15 38 35
15 39 37
15 40 25
15 41 42
15 42 45
15 43 59
15 44 64
15 45 37
15 46 58
15 47 29
15 48 47
15 49 41
15 50 39
15 51 39
15 52 29
15 53 25
15 54 41
15 55 42
15 56 39
15 57 37
16 0 40
16 1 41
16 2 40
16 3 29
16 4 29
16 5 48
16 6 18
16 7 29
16 8 36
16 9 36
16 10 24
16 11 39
16 12 51
16 13 35
16 14 42
16 15 60
16 16 99
16 17 21
16 18 50
16 19 40
16 20 25
16 21 19
16 22 48
16 23 47
16 24 45
16 25 40
16 26 36
16 27 44
16 28 40
16 29 43
16 30 40
16 31 33
16 32 40
16 33 41
16 34 28
16 35 25
16 36 34
16 37 24
16 38 34
16 39 31
16 40 35
16 41 37
16 42 28
16 43 64
16 44 44
16 45 12
16 46 44
16 47 24
16 48 43
16 49 39
16 50 41
16 51 34
16 52 29
16 53 25
16 54 41
16 55 38
16 56 43
16 57 38
17 0 27
17 1 25
17 2 19
17 3 19
17 4 24
17 5 19
17 6 17
17 7 32
17 8 21
17 9 29
17 10 13
17 11 24
17 12 27
17 13 22
17 14 29
17 15 20
17 16 21
17 17 100
17 18 29
17 19 30
17 20 26
17 21 15
17 22 20
17 23 26
17 24 17
17 25 21
17 26 21
17 27 28
17 28 28
17 29 25
17 30 23
17 31 21
17 32 21
17 33 22
17 34 15
17 35 19
17 36 22
17 37 16
17 38 21
17 39 24
17 40 16
17 41 24
17 42 20
17 43 23
17 44 21
17 45 7
17 46 27
17 47 18
17 48 28
17 49 29
17 50 20
17 51 21
17 52 13
17 53 13
17 54 20
17 55 24
17 56 18
17 57 39
18 0 42
18 1 56
18 2 34
18 3 23
18 4 37
18 5 38
18 6 14
18 7 32
18 8 37
18 9 34
18 10 31
18 11 44
18 12 71
18 13 25
18 14 33
18 15 41
18 16 50
18 17 29
18 18 100
18 19 34
18 20 26
18 21 30
18 22 48
18 23 46
18 24 33
18 25 29
18 26 36
18 27 42
18 28 35
18 29 34
18 30 35
18 31 29
18 32 25
18 33 33
18 34 31
18 35 20
18 36 27
18 37 28
18 38 35
18 39 28
18 40 22
18 41 28
18 42 34
18 43 45
18 44 35
18 45 18
18 46 29
18 47 24
18 48 28
18 49 30
18 50 33
18 51 31
18 52 19
18 53 16
18 54 37
18 55 27
18 56 26
18 57 33
19 0 49
19 1 48
19 2 37
19 3 37
19 4 47
19 5 51
19 6 18
19 7 44
19 8 41
19 9 46
19 10 28
19 11 44
19 12 51
19 13 42
19 14 36
19 15 44
19 16 40
19 17 30
19 18 34
19 19 100
19 20 60
19 21 43
19 22 39
19 23 47
19 24 37
19 25 40
19 26 47
19 27 41
19 28 54
19 29 41
19 30 66
19 31 65
19 32 62
19 33 61
19 34 35
19 35 31
19 36 43
19 37 24
19 38 36
19 39 46
19 40 41
19 41 56
19 42 50
19 43 42
19 44 52
19 45 44
19 46 48
19 47 46
19 48 47
19 49 43
19 50 37
19 51 44
19 52 32
19 53 34
19 54 46
19 55 39
19 56 44
19 57 51
20 0 47
20 1 31
20 2 35
20 3 35
20 4 33
20 5 31
20 6 16
20 7 46
20 8 38
20 9 49
20 10 30
20 11 25
20 12 30
20 13 38
20 14 27
20 15 33
20 16 25
20 17 26
20 18 26
20 19 60
20 20 100
20 21 64
20 22 44
20 23 36
20 24 28
20 25 33
20 26 43
20 27 33
20 28 37
20 29 49
20 30 35
20 31 41
20 32 38
20 33 30
20 34 39
20 35 34
20 36 34
20 37 27
20 38 30
20 39 40
20 40 30
20 41 34
20 42 32
20 43 29
20 44 32
20 45 24
20 46 40
20 47 42
20 48 33
20 49 32
20 50 35
20 51 29
20 52 22
20 53 30
20 54 40
20 55 31
20 56 28
20 57 41
21 0 50
21 1 34
21 2 40
21 3 41
21 4 44
21 5 42
21 6 17
21 7 49
21 8 38
21 9 39
21 10 30
21 11 38
21 12 36
21 13 40
21 14 32
21 15 25
21 16 19
21 17 15
21 18 30
21 19 43
21 20 64
21 21 100
21 22 53
21 23 34
21 24 38
21 25 26
21 26 47
21 27 26
21 28 35
21 29 41
21 30 47
21 31 49
21 32 35
21 33 34
21 34 42
21 35 31
21 36 35
21 37 27
21 38 39
21 39 48
21 40 30
21 41 30
21 42 45
21 43 29
21 44 40
21 45 24
21 46 40
21 47 51
21 48 25
21 49 38
21 50 33
21 51 41
21 52 16
21 53 25
21 54 35
21 55 26
21 56 30
21 57 36
22 0 59
22 1 47
22 2 52
22 3 46
22 4 49
22 5 57
22 6 20
22 7 52
22 8 53
22 9 53
22 10 41
22 11 46
22 12 54
22 13 48
22 14 60
22 15 49
22 16 48
22 17 20
22 18 48
22 19 39
22 20 44
22 21 53
22 22 100
22 23 54
22 24 53
22 25 46
22 26 60
22 27 45
22 28 55
22 29 58
22 30 54
22 31 56
22 32 36
22 33 43
22 34 56
22 35 50
22 36 54
22 37 48
22 38 48
22 39 41
22 40 41
22 41 47
22 42 47
22 43 57
22 44 58
22 45 29
22 46 57
22 47 51
22 48 46
22 49 59
22 50 54
22 51 58
22 52 35
22 53 36
22 54 58
22 55 46
22 56 44
22 57 49
23 0 67
23 1 63
23 2 62
23 3 53
23 4 53
23 5 68
23 6 14
23 7 51
23 8 51
23 9 58
23 10 42
23 11 51
23 12 59
23 13 47
23 14 45
23 15 61
23 16 47
23 17 26
23 18 46
23 19 47
23 20 36
23 21 34
23 22 54
23 23 99
23 24 55
23 25 49
23 26 67
23 27 65
23 28 48
23 29 57
23 30 54
23 31 52
23 32 37
23 33 47
23 34 52
23 35 31
23 36 61
23 37 47
23 38 50
23 39 47
23 40 31
23 41 53
23 42 52
23 43 57
23 44 68
23 45 41
23 46 66
23 47 39
23 48 52
23 49 46
23 50 58
23 51 56
23 52 44
23 53 43
23 54 53
23 55 53
23 56 46
23 57 60
24 0 54
24 1 51
24 2 80
24 3 48
24 4 46
24 5 57
24 6 19
24 7 43
24 8 44
24 9 43
24 10 37
24 11 43
24 12 47
24 13 44
24 14 40
24 15 47
24 16 45
24 17 17
24 18 33
24 19 37
24 20 28
24 21 38
24 22 53
24 23 55
24 24 100
24 25 43
24 26 64
24 27 45
24 28 47
24 29 50
24 30 48
24 31 52
24 32 35
24 33 38
24 34 47
24 35 24
24 36 51
24 37 35
24 38 43
24 39 42
24 40 35
24 41 43
24 42 44
24 43 53
24 44 57
24 45 26
24 46 59
24 47 36
24 48 50
24 49 48
24 50 49
24 51 50
24 52 28
24 53 38
24 54 53
24 55 62
24 56 50
24 57 41
25 0 40
25 1 40
25 2 45
25 3 36
25 4 37
25 5 45
25 6 15
25 7 37
25 8 30
25 9 44
25 10 38
25 11 29
25 12 41
25 13 40
25 14 42
25 15 40
25 16 40
25 17 21
25 18 29
25 19 40
25 20 33
25 21 26
25 22 46
25 23 49
25 24 43
25 25 100
25 26 49
25 27 41
25 28 39
25 29 47
25 30 45
25 31 46
25 32 35
25 33 34
25 34 37
25 35 36
25 36 52
25 37 51
25 38 50
25 39 35
25 40 41
25 41 45
25 42 35
25 43 49
25 44 44
25 45 22
25 46 53
25 47 45
25 48 49
25 49 41
25 50 48
25 51 46
25 52 34
25 53 36
25 54 43
25 55 49
25 56 47
25 57 47
26 0 72
26 1 57
26 2 73
26 3 70
26 4 55
26 5 65
26 6 20
26 7 59
26 8 64
26 9 62
26 10 44
26 11 48
26 12 49
26 13 53
26 14 47
26 15 57
26 16 36
26 17 21
26 18 36
26 19 47
26 20 43
26 21 47
26 22 60
26 23 67
26 24 64
26 25 49
26 26 100
26 27 65
26 28 56
26 29 69
26 30 60
26 31 61
26 32 40
26 33 45
26 34 62
26 35 29
26 36 69
26 37 48
26 38 53
26 39 57
26 40 39
26 41 54
26 42 55
26 43 48
26 44 71
26 45 35
26 46 72
26 47 52
26 48 58
26 49 58
26 50 58
26 51 61
26 52 38
26 53 50
26 54 59
26 55 59
26 56 48
26 57 57
27 0 69
27 1 61
27 2 63
27 3 58
27 4 38
27 5 49
27 6 21
27 7 52
27 8 61
27 9 59
27 10 27
27 11 43
27 12 44
27 13 40
27 14 36
27 15 67
27 16 44
27 17 28
27 18 42
27 19 41
27 20 33
27 21 26
27 22 45
27 23 65
27 24 45
27 25 41
27 26 65
27 27 100
27 28 44
27 29 68
27 30 40
27 31 35
27 32 27
27 33 33
27 34 47
27 35 29
27 36 53
27 37 37
27 38 39
27 39 41
27 40 30
27 41 44
27 42 36
27 43 47
27 44 55
27 45 22
27 46 62
27 47 33
27 48 59
27 49 46
27 50 42
27 51 41
27 52 31
27 53 42
27 54 49
27 55 51
27 56 39
27 57 43
28 0 48
28 1 53
28 2 49
28 3 31
28 4 52
28 5 52
28 6 11
28 7 40
28 8 42
28 9 55
28 10 35
28 11 43
28 12 54
28 13 41
28 14 43
28 15 49
28 16 40
28 17 28
28 18 35
28 19 54
28 20 37
28 21 35
28 22 55
28 23 48
28 24 47
28 25 39
28 26 56
28 27 44
28 28 100
28 29 55
28 30 60
28 31 49
28 32 46
28 33 56
28 34 47
28 35 33
28 36 47
28 37 33
28 38 42
28 39 45
28 40 43
28 41 60
28 42 48
28 43 52
28 44 59
28 45 38
28 46 51
28 47 35
28 48 44
28 49 57
28 50 49
28 51 60
28 52 33
28 53 48
28 54 57
28 55 54
28 56 58
28 57 54
29 0 62
29 1 47
29 2 63
29 3 56
29 4 46
29 5 56
29 6 19
29 7 46
29 8 57
29 9 64
29 10 37
29 11 36
29 12 43
29 13 49
29 14 44
29 15 58
29 16 43
29 17 25
29 18 34
29 19 41
29 20 49
29 21 41
29 22 58
29 23 57
29 24 50
29 25 47
29 26 69
29 27 68
29 28 55
29 29 100
29 30 48
29 31 45
29 32 39
29 33 39
29 34 60
29 35 39
29 36 61
29 37 41
29 38 51
29 39 47
29 40 33
29 41 51
29 42 43
29 43 57
29 44 60
29 45 22
29 46 63
29 47 44
29 48 58
29 49 55
29 50 52
29 51 49
29 52 40
29 53 48
29 54 58
29 55 55
29 56 46
29 57 54
30 0 56
30 1 56
30 2 49
30 3 47
30 4 65
30 5 62
30 6 18
30 7 51
30 8 46
30 9 49
30 10 39
30 11 54
30 12 58
30 13 51
30 14 49
30 15 49
30 16 40
30 17 23
30 18 35
30 19 66
30 20 35
30 21 47
30 22 54
30 23 54
30 24 48
30 25 45
30 26 60
30 27 40
30 28 60
30 29 48
30 30 99
30 31 77
30 32 59
30 33 77
30 34 54
30 35 33
30 36 55
30 37 38
30 38 45
30 39 50
30 40 51
30 41 61
30 42 62
30 43 55
30 44 70
30 45 48
30 46 53
30 47 49
30 48 42
30 49 54
30 50 50
30 51 65
30 52 34
30 53 43
30 54 55
30 55 46
30 56 52
30 57 58
31 0 47
31 1 45
31 2 51
31 3 55
31 4 57
31 5 67
31 6 15
31 7 48
31 8 40
31 9 46
31 10 36
31 11 45
31 12 49
31 13 60
31 14 45
31 15 39
31 16 33
31 17 21
31 18 29
31 19 65
31 20 41
31 21 49
31 22 56
31 23 52
31 24 52
31 25 46
31 26 61
31 27 35
31 28 49
31 29 45
31 30 77
31 31 99
31 32 54
31 33 62
31 34 53
31 35 32
31 36 61
31 37 45
31 38 48
31 39 50
31 40 46
31 41 59
31 42 58
31 43 48
31 44 64
31 45 56
31 46 57
31 47 65
31 48 50
31 49 56
31 50 52
31 51 60
31 52 38
31 53 42
31 54 57
31 55 43
31 56 46
31 57 66
32 0 35
32 1 38
32 2 35
32 3 28
32 4 54
32 5 47
32 6 9
32 7 27
32 8 30
32 9 42
32 10 30
32 11 35
32 12 37
32 13 38
32 14 47
32 15 31
32 16 40
32 17 21
32 18 25
32 19 62
32 20 38
32 21 35
32 22 36
32 23 37
32 24 35
32 25 35
32 26 40
32 27 27
32 28 46
32 29 39
32 30 59
32 31 54
32 32 99
32 33 56
32 34 30
32 35 26
32 36 33
32 37 18
32 38 33
32 39 35
32 40 46
32 41 40
32 42 54
32 43 43
32 44 42
32 45 15
32 46 46
32 47 37
32 48 32
32 49 52
32 50 37
32 51 45
32 52 27
32 53 26
32 54 45
32 55 35
32 56 47
32 57 56
33 0 45
33 1 45
33 2 38
33 3 32
33 4 57
33 5 56
33 6 12
33 7 36
33 8 33
33 9 43
33 10 29
33 11 44
33 12 52
33 13 37
33 14 44
33 15 48
33 16 41
33 17 22
33 18 33
33 19 61
33 20 30
33 21 34
33 22 43
33 23 47
33 24 38
33 25 34
33 26 45
33 27 33
33 28 56
33 29 39
33 30 77
33 31 62
33 32 56
33 33 100
33 34 35
33 35 29
33 36 43
33 37 28
33 38 43
33 39 39
33 40 40
33 41 52
33 42 54
33 43 56
33 44 58
33 45 47
33 46 47
33 47 34
33 48 39
33 49 46
33 50 43
33 51 57
33 52 38
33 53 33
33 54 42
33 55 39
33 56 41
33 57 52
34 0 57
34 1 51
34 2 52
34 3 50
34 4 44
34 5 51
34 6 16
34 7 47
34 8 50
34 9 56
34 10 35
34 11 33
34 12 43
34 13 47
34 14 44
34 15 56
34 16 28
34 17 15
34 18 31
34 19 35
34 20 39
34 21 42
34 22 56
34 23 52
34 24 47
34 25 37
34 26 62
34 27 47
34 28 47
34 29 60
34 30 54
34 31 53
34 32 30
34 33 35
34 34 100
34 35 39
34 36 56
34 37 43
34 38 41
34 39 38
34 40 29
34 41 41
34 42 43
34 43 46
34 44 54
34 45 29
34 46 53
34 47 43
34 48 39
34 49 41
34 50 52
34 51 48
34 52 34
34 53 34
34 54 53
34 55 42
34 56 34
34 57 44
35 0 34
35 1 25
35 2 24
35 3 26
35 4 23
35 5 27
35 6 25
35 7 32
35 8 28
35 9 39
35 10 23
35 11 19
35 12 27
35 13 25
35 14 50
35 15 25
35 16 25
35 17 19
35 18 20
35 19 31
35 20 34
35 21 31
35 22 50
35 23 31
35 24 24
35 25 36
35 26 29
35 27 29
35 28 33
35 29 39
35 30 33
35 31 32
35 32 26
35 33 29
35 34 39
35 35 99
35 36 35
35 37 36
35 38 34
35 39 30
35 40 27
35 41 30
35 42 24
35 43 28
35 44 28
35 45 18
35 46 43
35 47 30
35 48 26
35 49 27
35 50 34
35 51 48
35 52 26
35 53 37
35 54 33
35 55 25
35 56 15
35 57 41
36 0 58
36 1 40
36 2 57
36 3 63
36 4 45
36 5 57
36 6 21
36 7 51
36 8 55
36 9 56
36 10 35
36 11 31
36 12 38
36 13 55
36 14 47
36 15 46
36 16 34
36 17 22
36 18 27
36 19 43
36 20 34
36 21 35
36 22 54
36 23 61
36 24 51
36 25 52
36 26 69
36 27 53
36 28 47
36 29 61
36 30 55
36 31 61
36 32 33
36 33 43
36 34 56
36 35 35
36 36 100
36 37 54
36 38 52
36 39 54
36 40 36
36 41 55
36 42 46
36 43 49
36 44 72
36 45 32
36 46 63
36 47 49
36 48 52
36 49 54
36 50 57
36 51 50
36 52 52
36 53 53
36 54 51
36 55 49
36 56 40
36 57 58
37 0 40
37 1 39
37 2 37
37 3 36
37 4 29
37 5 41
37 6 14
37 7 35
37 8 39
37 9 43
37 10 40
37 11 26
37 12 35
37 13 37
37 14 37
37 15 34
37 16 24
37 17 16
37 18 28
37 19 24
37 20 27
37 21 27
37 22 48
37 23 47
37 24 35
37 25 51
37 26 48
37 27 37
37 28 33
37 29 41
37 30 38
37 31 45
37 32 18
37 33 28
37 34 43
37 35 36
37 36 54
37 37 99
37 38 63
37 39 36
37 40 32
37 41 49
37 42 28
37 43 40
37 44 38
37 45 26
37 46 43
37 47 44
37 48 41
37 49 33
37 50 53
37 51 38
37 52 31
37 53 33
37 54 41
37 55 35
37 56 30
37 57 45
38 0 45
38 1 35
38 2 42
38 3 33
38 4 36
38 5 41
38 6 8
38 7 35
38 8 35
38 9 47
38 10 32
38 11 27
38 12 38
38 13 39
38 14 37
38 15 35
38 16 34
38 17 21
38 18 35
38 19 36
38 20 30
38 21 39
38 22 48
38 23 50
38 24 43
38 25 50
38 26 53
38 27 39
38 28 42
38 29 51
38 30 45
38 31 48
38 32 33
38 33 43
38 34 41
38 35 34
38 36 52
38 37 63
38 38 100
38 39 41
38 40 40
38 41 51
38 42 37
38 43 39
38 44 45
38 45 26
38 46 46
38 47 35
38 48 53
38 49 44
38 50 65
38 51 48
38 52 41
38 53 43
38 54 49
38 55 44
38 56 42
38 57 55
39 0 44
39 1 32
39 2 49
39 3 48
39 4 48
39 5 48
39 6 24
39 7 49
39 8 42
39 9 36
39 10 30
39 11 34
39 12 37
39 13 52
39 14 39
39 15 37
39 16 31
39 17 24
39 18 28
39 19 46
39 20 40
39 21 48
39 22 41
39 23 47
39 24 42
39 25 35
39 26 57
39 27 41
39 28 45
39 29 47
39 30 50
39 31 50
39 32 35
39 33 39
39 34 38
39 35 30
39 36 54
39 37 36
39 38 41
39 39 100
39 40 39
39 41 60
39 42 51
39 43 35
39 44 58
39 45 28
39 46 51
39 47 43
39 48 44
39 49 44
39 50 46
39 51 52
39 52 37
39 53 53
39 54 43
39 55 38
39 56 36
39 57 51
40 0 31
40 1 34
40 2 32
40 3 24
40 4 35
40 5 27
40 6 14
40 7 32
40 8 25
40 9 37
40 10 27
40 11 31
40 12 30
40 13 29
40 14 38
40 15 25
40 16 35
40 17 16
40 18 22
40 19 41
40 20 30
40 21 30
40 22 41
40 23 31
40 24 35
40 25 41
40 26 39
40 27 30
40 28 43
40 29 33
40 30 51
40 31 46
40 32 46
40 33 40
40 34 29
40 35 27
40 36 36
40 37 32
40 38 40
40 39 39
40 40 99
40 41 53
40 42 32
40 43 34
40 44 37
40 45 15
40 46 38
40 47 31
40 48 37
40 49 46
40 50 37
40 51 43
40 52 33
40 53 49
40 54 46
40 55 43
40 56 51
40 57 51
41 0 44
41 1 42
41 2 44
41 3 34
41 4 46
41 5 54
41 6 18
41 7 42
41 8 34
41 9 46
41 10 34
41 11 34
41 12 47
41 13 45
41 14 41
41 15 42
41 16 37
41 17 24
41 18 28
41 19 56
41 20 34
41 21 30
41 22 47
41 23 53
41 24 43
41 25 45
41 26 54
41 27 44
41 28 60
41 29 51
41 30 61
41 31 59
41 32 40
41 33 52
41 34 41
41 35 30
41 36 55
41 37 49
41 38 51
41 39 60
41 40 53
41 41 100
41 42 46
41 43 51
41 44 63
41 45 41
41 46 52
41 47 36
41 48 52
41 49 48
41 50 51
41 51 47
41 52 49
41 53 59
41 54 61
41 55 45
41 56 47
41 57 62
42 0 48
42 1 53
42 2 51
42 3 44
42 4 92
42 5 65
42 6 19
42 7 43
42 8 43
42 9 36
42 10 37
42 11 48
42 12 51
42 13 47
42 14 44
42 15 45
42 16 28
42 17 20
42 18 34
42 19 50
42 20 32
42 21 45
42 22 47
42 23 52
42 24 44
42 25 35
42 26 55
42 27 36
42 28 48
42 29 43
42 30 62
42 31 58
42 32 54
42 33 54
42 34 43
42 35 24
42 36 46
42 37 28
42 38 37
42 39 51
42 40 32
42 41 46
42 42 99
42 43 40
42 44 63
42 45 42
42 46 48
42 47 40
42 48 39
42 49 56
42 50 37
42 51 54
42 52 22
42 53 23
42 54 50
42 55 37
42 56 45
42 57 42
43 0 50
43 1 46
43 2 54
43 3 37
43 4 48
43 5 74
43 6 14
43 7 34
43 8 46
43 9 51
43 10 41
43 11 40
43 12 57
43 13 42
43 14 51
43 15 59
43 16 64
43 17 23
43 18 45
43 19 42
43 20 29
43 21 29
43 22 57
43 23 57
43 24 53
43 25 49
43 26 48
43 27 47
43 28 52
43 29 57
43 30 55
43 31 48
43 32 43
43 33 56
43 34 46
43 35 28
43 36 49
43 37 40
43 38 39
43 39 35
43 40 34
43 41 51
43 42 40
43 43 99
43 44 60
43 45 18
43 46 60
43 47 37
43 48 48
43 49 51
43 50 55
43 51 50
43 52 38
43 53 32
43 54 58
43 55 55
43 56 55
43 57 52
44 0 62
44 1 54
44 2 64
44 3 58
44 4 62
44 5 80
44 6 17
44 7 53
44 8 56
44 9 53
44 10 34
44 11 47
44 12 55
44 13 54
44 14 46
44 15 64
44 16 44
44 17 21
44 18 35
44 19 52
44 20 32
44 21 40
44 22 58
44 23 68
44 24 57
44 25 44
44 26 71
44 27 55
44 28 59
44 29 60
44 30 70
44 31 64
44 32 42
44 33 58
44 34 54
44 35 28
44 36 72
44 37 38
44 38 45
44 39 58
44 40 37
44 41 63
44 42 63
44 43 60
44 44 100
44 45 49
44 46 61
44 47 42
44 48 51
44 49 54
44 50 53
44 51 58
44 52 42
44 53 48
44 54 54
44 55 56
44 56 49
44 57 58
45 0 28
45 1 38
45 2 27
45 3 31
45 4 38
45 5 48
45 6 10
45 7 32
45 8 22
45 9 25
45 10 20
45 11 31
45 12 43
45 13 30
45 14 18
45 15 37
45 16 12
45 17 7
45 18 18
45 19 44
45 20 24
45 21 24
45 22 29
45 23 41
45 24 26
45 25 22
45 26 35
45 27 22
45 28 38
45 29 22
45 30 48
45 31 56
45 32 15
45 33 47
45 34 29
45 35 18
45 36 32
45 37 26
45 38 26
45 39 28
45 40 15
45 41 41
45 42 42
45 43 18
45 44 49
45 45 100
45 46 26
45 47 33
45 48 24
45 49 18
45 50 22
45 51 35
45 52 22
45 53 21
45 54 30
45 55 18
45 56 17
45 57 34
46 0 60
46 1 47
46 2 66
46 3 68
46 4 47
46 5 66
46 6 19
46 7 51
46 8 52
46 9 58
46 10 46
46 11 38
46 12 37
46 13 58
46 14 55
46 15 58
46 16 44
46 17 27
46 18 29
46 19 48
46 20 40
46 21 40
46 22 57
46 23 66
46 24 59
46 25 53
46 26 72
46 27 62
46 28 51
46 29 63
46 30 53
46 31 57
46 32 46
46 33 47
46 34 53
46 35 43
46 36 63
46 37 43
46 38 46
46 39 51
46 40 38
46 41 52
46 42 48
46 43 60
46 44 61
46 45 26
46 46 100
46 47 55
46 48 56
46 49 56
46 50 57
46 51 64
46 52 43
46 53 42
46 54 56
46 55 56
46 56 49
46 57 58
47 0 41
47 1 33
47 2 42
47 3 61
47 4 39
47 5 52
47 6 18
47 7 47
47 8 39
47 9 40
47 10 31
47 11 35
47 12 36
47 13 49
47 14 40
47 15 29
47 16 24
47 17 18
47 18 24
47 19 46
47 20 42
47 21 51
47 22 51
47 23 39
47 24 36
47 25 45
47 26 52
47 27 33
47 28 35
47 29 44
47 30 49
47 31 65
47 32 37
47 33 34
47 34 43
47 35 30
47 36 49
47 37 44
47 38 35
47 39 43
47 40 31
47 41 36
47 42 40
47 43 37
47 44 42
47 45 33
47 46 55
47 47 100
47 48 36
47 49 44
47 50 41
47 51 42
47 52 23
47 53 26
47 54 38
47 55 32
47 56 32
47 57 47
48 0 49
48 1 40
48 2 52
48 3 43
48 4 39
48 5 45
48 6 14
48 7 41
48 8 44
48 9 46
48 10 27
48 11 33
48 12 38
48 13 42
48 14 37
48 15 47
48 16 43
48 17 28
48 18 28
48 19 47
48 20 33
48 21 25
48 22 46
48 23 52
48 24 50
48 25 49
48 26 58
48 27 59
48 28 44
48 29 58
48 30 42
48 31 50
48 32 32
48 33 39
48 34 39
48 35 26
48 36 52
48 37 41
48 38 53
48 39 44
48 40 37
48 41 52
48 42 39
48 43 48
48 44 51
48 45 24
48 46 56
48 47 36
48 48 100
48 49 61
48 50 55
48 51 48
48 52 45
48 53 47
48 54 57
48 55 59
48 56 56
48 57 53
49 0 49
49 1 45
49 2 52
49 3 47
49 4 57
49 5 53
49 6 21
49 7 46
49 8 47
49 9 51
49 10 38
49 11 49
49 12 39
49 13 46
49 14 62
49 15 41
49 16 39
49 17 29
49 18 30
49 19 43
49 20 32
49 21 38
49 22 59
49 23 46
49 24 48
49 25 41
49 26 58
49 27 46
49 28 57
49 29 55
49 30 54
49 31 56
49 32 52
49 33 46
49 34 41
49 35 27
49 36 54
49 37 33
49 38 44
49 39 44
49 40 46
49 41 48
49 42 56
49 43 51
49 44 54
49 45 18
49 46 56
49 47 44
49 48 61
49 49 99
49 50 53
49 51 57
49 52 34
49 53 34
49 54 57
49 55 46
49 56 56
49 57 53
50 0 49
50 1 35
50 2 47
50 3 35
50 4 39
50 5 48
50 6 12
50 7 42
50 8 48
50 9 56
50 10 38
50 11 30
50 12 43
50 13 46
50 14 47
50 15 39
50 16 41
50 17 20
50 18 33
50 19 37
50 20 35
50 21 33
50 22 54
50 23 58
50 24 49
50 25 48
50 26 58
50 27 42
50 28 49
50 29 52
50 30 50
50 31 52
50 32 37
50 33 43
50 34 52
50 35 34
50 36 57
50 37 53
50 38 65
50 39 46
50 40 37
50 41 51
50 42 37
50 43 55
50 44 53
50 45 22
50 46 57
50 47 41
50 48 55
50 49 53
50 50 100
50 51 52
50 52 48
50 53 52
50 54 63
50 55 52
50 56 42
50 57 62
51 0 48
51 1 44
51 2 50
51 3 42
51 4 55
51 5 57
51 6 16
51 7 46
51 8 41
51 9 48
51 10 41
51 11 43
51 12 44
51 13 47
51 14 58
51 15 39
51 16 34
51 17 21
51 18 31
51 19 44
51 20 29
51 21 41
51 22 58
51 23 56
51 24 50
51 25 46
51 26 61
51 27 41
51 28 60
51 29 49
51 30 65
51 31 60
51 32 45
51 33 57
51 34 48
51 35 48
51 36 50
51 37 38
51 38 48
51 39 52
51 40 43
51 41 47
51 42 54
51 43 50
51 44 58
51 45 35
51 46 64
51 47 42
51 48 48
51 49 57
51 50 52
51 51 100
51 52 38
51 53 48
51 54 54
51 55 55
51 56 50
51 57 57
52 0 33
52 1 20
52 2 26
52 3 26
52 4 21
52 5 32
52 6 18
52 7 34
52 8 25
52 9 39
52 10 25
52 11 16
52 12 23
52 13 37
52 14 37
52 15 29
52 16 29
52 17 13
52 18 19
52 19 32
52 20 22
52 21 16
52 22 35
52 23 44
52 24 28
52 25 34
52 26 38
52 27 31
52 28 33
52 29 40
52 30 34
52 31 38
52 32 27
52 33 38
52 34 34
52 35 26
52 36 52
52 37 31
52 38 41
52 39 37
52 40 33
52 41 49
52 42 22
52 43 38
52 44 42
52 45 22
52 46 43
52 47 23
52 48 45
52 49 34
52 50 48
52 51 38
52 52 99
52 53 43
52 54 41
52 55 35
52 56 28
52 57 55
53 0 39
53 1 24
53 2 39
53 3 30
53 4 24
53 5 30
53 6 21
53 7 43
53 8 29
53 9 42
53 10 25
53 11 20
53 12 27
53 13 36
53 14 32
53 15 25
53 16 25
53 17 13
53 18 16
53 19 34
53 20 30
53 21 25
53 22 36
53 23 43
53 24 38
53 25 36
53 26 50
53 27 42
53 28 48
53 29 48
53 30 43
53 31 42
53 32 26
53 33 33
53 34 34
53 35 37
53 36 53
53 37 33
53 38 43
53 39 53
53 40 49
53 41 59
53 42 23
53 43 32
53 44 48
53 45 21
53 46 42
53 47 26
53 48 47
53 49 34
53 50 52
53 51 48
53 52 43
53 53 100
53 54 49
53 55 60
53 56 37
53 57 60
54 0 53
54 1 45
54 2 54
54 3 35
54 4 53
54 5 53
54 6 17
54 7 42
54 8 50
54 9 54
54 10 39
54 11 38
54 12 49
54 13 46
54 14 49
54 15 41
54 16 41
54 17 20
54 18 37
54 19 46
54 20 40
54 21 35
54 22 58
54 23 53
54 24 53
54 25 43
54 26 59
54 27 49
54 28 57
54 29 58
54 30 55
54 31 57
54 32 45
54 33 42
54 34 53
54 35 33
54 36 51
54 37 41
54 38 49
54 39 43
54 40 46
54 41 61
54 42 50
54 43 58
54 44 54
54 45 30
54 46 56
54 47 38
54 48 57
54 49 57
54 50 63
54 51 54
54 52 41
54 53 49
54 54 100
54 55 51
54 56 57
54 57 61
55 0 44
55 1 43
55 2 59
55 3 38
55 4 40
55 5 51
55 6 13
55 7 42
55 8 36
55 9 45
55 10 38
55 11 35
55 12 39
55 13 42
55 14 38
55 15 42
55 16 38
55 17 24
55 18 27
55 19 39
55 20 31
55 21 26
55 22 46
55 23 53
55 24 62
55 25 49
55 26 59
55 27 51
55 28 54
55 29 55
55 30 46
55 31 43
55 32 35
55 33 39
55 34 42
55 35 25
55 36 49
55 37 35
55 38 44
55 39 38
55 40 43
55 41 45
55 42 37
55 43 55
55 44 56
55 45 18
55 46 56
55 47 32
55 48 59
55 49 46
55 50 52
55 51 55
55 52 35
55 53 60
55 54 51
55 55 100
55 56 62
55 57 54
56 0 39
56 1 46
56 2 50
56 3 29
56 4 46
56 5 54
56 6 10
56 7 33
56 8 38
56 9 40
56 10 38
56 11 41
56 12 44
56 13 41
56 14 33
56 15 39
56 16 43
56 17 18
56 18 26
56 19 44
56 20 28
56 21 30
56 22 44
56 23 46
56 24 50
56 25 47
56 26 48
56 27 39
56 28 58
56 29 46
56 30 52
56 31 46
56 32 47
56 33 41
56 34 34
56 35 15
56 36 40
56 37 30
56 38 42
56 39 36
56 40 51
56 41 47
56 42 45
56 43 55
56 44 49
56 45 17
56 46 49
56 47 32
56 48 56
56 49 56
56 50 42
56 51 50
56 52 28
56 53 37
56 54 57
56 55 62
56 56 99
56 57 46
57 0 47
57 1 39
57 2 42
57 3 41
57 4 44
57 5 56
57 6 13
57 7 46
57 8 36
57 9 58
57 10 34
57 11 32
57 12 44
57 13 50
57 14 51
57 15 37
57 16 38
57 17 39
57 18 33
57 19 51
57 20 41
57 21 36
57 22 49
57 23 60
57 24 41
57 25 47
57 26 57
57 27 43
57 28 54
57 29 54
57 30 58
57 31 66
57 32 56
57 33 52
57 34 44
57 35 41
57 36 58
57 37 45
57 38 55
57 39 51
57 40 51
57 41 62
57 42 42
57 43 52
57 44 58
57 45 34
57 46 58
57 47 47
57 48 53
57 49 53
57 50 62
57 51 57
57 52 55
57 53 60
57 54 61
57 55 54
57 56 46
57 57 99
