0 0 100
0 1 52
0 2 43
0 3 47
0 4 29
0 5 32
0 6 68
0 7 60
0 8 45
0 9 60
0 10 60
0 11 47
0 12 36
0 13 49
0 14 31
0 15 24
0 16 43
0 17 32
0 18 29
0 19 28
0 20 39
0 21 40
0 22 59
0 23 46
0 24 40
0 25 56
0 26 62
0 27 50
0 28 59
0 29 42
0 30 37
0 31 29
0 32 50
0 33 52
0 34 39
0 35 48
0 36 57
0 37 52
0 38 49
0 39 49
0 40 46
0 41 30
0 42 38
0 43 30
0 44 37
0 45 51
0 46 35
0 47 30
0 48 44
0 49 30
0 50 53
0 51 44
0 52 47
0 53 39
0 54 36
0 55 44
0 56 52
0 57 50
0 58 34
0 59 29
0 60 46
0 61 39
0 62 31
0 63 40
0 64 34
0 65 32
0 66 52
0 67 19
0 68 41
0 69 49
0 70 39
0 71 43
0 72 53
0 76 17
0 79 23
0 83 24
0 87 21
0 91 20
0 92 24
0 93 21
0 94 21
0 98 47
1 0 52
1 1 100
1 2 53
1 3 38
1 4 24
1 5 44
1 6 51
1 7 49
1 8 43
1 9 43
1 10 65
1 11 43
1 12 34
1 13 39
1 14 32
1 15 19
1 16 29
1 17 33
1 18 34
1 19 36
1 20 33
1 21 28
1 22 77
1 23 55
1 24 47
1 25 52
1 26 57
1 27 67
1 28 54
1 29 49
1 30 29
1 31 35
1 32 45
1 33 43
1 34 33
1 35 52
1 36 38
1 37 41
1 38 40
1 39 40
1 40 42
1 41 30
1 42 28
1 43 34
1 44 28
1 45 47
1 46 36
1 47 30
1 48 37
1 49 32
1 50 40
1 51 41
1 52 41
1 53 32
1 54 31
1 55 35
1 56 33
1 57 38
1 58 30
1 59 15
1 60 30
1 61 34
1 62 26
1 63 33
1 64 28
1 65 36
1 66 44
1 67 26
1 68 37
1 69 40
1 70 32
1 71 35
1 72 41
1 76 15
1 79 17
1 83 31
1 87 16
1 91 22
1 92 29
1 93 22
1 94 26
1 98 40
2 0 43
2 1 53
2 2 100
2 3 49
2 4 41
2 5 38
2 6 45
2 7 46
2 8 42
2 9 47
2 10 77
2 11 50
2 12 49
2 13 43
2 14 40
2 15 31
2 16 43
2 17 45
2 18 39
2 19 35
2 20 49
2 21 42
2 22 61
2 23 49
2 24 53
2 25 51
2 26 50
2 27 50
2 28 46
2 29 59
2 30 31
2 31 41
2 32 59
2 33 54
2 34 32
2 35 52
2 36 44
2 37 52
2 38 51
2 39 51
2 40 59
2 41 41
2 42 40
2 43 41
2 44 38
2 45 56
2 46 50
2 47 49
2 48 45
2 49 43
2 50 50
2 51 55
2 52 51
2 53 43
2 54 46
2 55 42
2 56 36
2 57 43
2 58 47
2 59 27
2 60 34
2 61 56
2 62 41
2 63 38
2 64 40
2 65 46
2 66 39
2 67 20
2 68 41
2 69 40
2 70 29
2 71 31
2 72 48
2 76 19
2 79 35
2 83 32
2 87 34
2 91 30
2 92 29
2 93 31
2 94 42
2 98 42
3 0 47
3 1 38
3 2 49
3 3 100
3 4 51
3 5 58
3 6 42
3 7 48
3 8 39
3 9 61
3 10 58
3 11 75
3 12 66
3 13 61
3 14 56
3 15 43
3 16 58
3 17 55
3 18 58
3 19 44
3 20 65
3 21 58
3 22 51
3 23 50
3 24 48
3 25 51
3 26 52
3 27 39
3 28 48
3 29 61
3 30 36
3 31 38
3 32 49
3 33 65
3 34 33
3 35 55
3 36 42
3 37 55
3 38 56
3 39 60
3 40 65
3 41 52
3 42 52
3 43 39
3 44 48
3 45 64
3 46 60
3 47 58
3 48 57
3 49 54
3 50 72
3 51 63
3 52 58
3 53 57
3 54 74
3 55 54
3 56 51
3 57 57
3 58 59
3 59 42
3 60 42
3 61 50
3 62 53
3 63 47
3 64 54
3 65 67
3 66 53
3 67 31
3 68 52
3 69 42
3 70 42
3 71 41
3 72 48
3 76 25
3 79 43
3 83 53
3 87 37
3 91 42
3 92 45
3 93 35
3 94 42
3 98 57
4 0 29
4 1 24
4 2 41
4 3 51
4 4 99
4 5 44
4 6 29
4 7 38
4 8 31
4 9 42
4 10 41
4 11 52
4 12 81
4 13 51
4 14 39
4 15 38
4 16 45
4 17 39
4 18 40
4 19 35
4 20 47
4 21 50
4 22 29
4 23 39
4 24 38
4 25 35
4 26 32
4 27 19
4 28 35
4 29 59
4 30 26
4 31 35
4 32 37
4 33 43
4 34 28
4 35 37
4 36 29
4 37 53
4 38 41
4 39 50
4 40 44
4 41 36
4 42 30
4 43 23
4 44 30
4 45 44
4 46 43
4 47 35
4 48 40
4 49 42
4 50 46
4 51 44
4 52 39
4 53 37
4 54 54
4 55 33
4 56 27
4 57 36
4 58 41
4 59 30
4 60 37
4 61 33
4 62 34
4 63 33
4 64 47
4 65 46
4 66 37
4 67 22
4 68 44
4 69 26
4 70 28
4 71 21
4 72 35
4 76 14
4 79 37
4 83 38
4 87 39
4 91 30
4 92 32
4 93 28
4 94 21
4 98 38
5 0 32
5 1 44
5 2 38
5 3 58
5 4 44
5 5 99
5 6 35
5 7 40
5 8 35
5 9 54
5 10 49
5 11 60
5 12 56
5 13 66
5 14 53
5 15 37
5 16 47
5 17 39
5 18 41
5 19 41
5 20 55
5 21 44
5 22 40
5 23 40
5 24 38
5 25 39
5 26 42
5 27 31
5 28 35
5 29 52
5 30 30
5 31 36
5 32 40
5 33 49
5 34 28
5 35 41
5 36 32
5 37 49
5 38 43
5 39 52
5 40 46
5 41 41
5 42 37
5 43 32
5 44 31
5 45 58
5 46 50
5 47 46
5 48 44
5 49 41
5 50 55
5 51 50
5 52 49
5 53 41
5 54 51
5 55 44
5 56 36
5 57 45
5 58 50
5 59 28
5 60 36
5 61 35
5 62 36
5 63 34
5 64 42
5 65 55
5 66 50
5 67 26
5 68 51
5 69 33
5 70 40
5 71 38
5 72 39
5 76 22
5 79 36
5 83 34
5 87 28
5 91 42
5 92 46
5 93 38
5 94 33
5 98 50
6 0 68
6 1 51
6 2 45
6 3 42
6 4 29
6 5 35
6 6 99
6 7 52
6 8 45
6 9 57
6 10 55
6 11 45
6 12 39
6 13 45
6 14 29
6 15 25
6 16 42
6 17 30
6 18 29
6 19 31
6 20 35
6 21 39
6 22 63
6 23 48
6 24 45
6 25 62
6 26 60
6 27 52
6 28 55
6 29 51
6 30 37
6 31 34
6 32 51
6 33 46
6 34 37
6 35 53
6 36 52
6 37 45
6 38 45
6 39 45
6 40 43
6 41 37
6 42 34
6 43 34
6 44 44
6 45 53
6 46 36
6 47 28
6 48 47
6 49 35
6 50 51
6 51 52
6 52 53
6 53 43
6 54 33
6 55 43
6 56 50
6 57 49
6 58 39
6 59 24
6 60 46
6 61 38
6 62 31
6 63 40
6 64 31
6 65 28
6 66 52
6 67 23
6 68 39
6 69 56
6 70 41
6 71 50
6 72 49
6 76 12
6 79 20
6 83 22
6 87 26
6 91 22
6 92 26
6 93 20
6 94 21
6 98 47
7 0 60
7 1 49
7 2 46
7 3 48
7 4 38
7 5 40
7 6 52
7 7 99
7 8 67
7 9 50
7 10 63
7 11 57
7 12 50
7 13 52
7 14 44
7 15 36
7 16 54
7 17 42
7 18 43
7 19 48
7 20 50
7 21 53
7 22 59
7 23 58
7 24 54
7 25 55
7 26 68
7 27 49
7 28 61
7 29 53
7 30 50
7 31 42
7 32 55
7 33 48
7 34 35
7 35 57
7 36 52
7 37 59
7 38 44
7 39 48
7 40 43
7 41 43
7 42 39
7 43 38
7 44 43
7 45 55
7 46 43
7 47 38
7 48 48
7 49 54
7 50 51
7 51 57
7 52 51
7 53 47
7 54 45
7 55 43
7 56 42
7 57 44
7 58 31
7 59 26
7 60 39
7 61 35
7 62 35
7 63 37
7 64 45
7 65 51
7 66 57
7 67 30
7 68 53
7 69 41
7 70 39
7 71 31
7 72 44
7 76 19
7 79 29
7 83 35
7 87 42
7 91 30
7 92 29
7 93 22
7 94 27
7 98 45
8 0 45
8 1 43
8 2 42
8 3 39
8 4 31
8 5 35
8 6 45
8 7 67
8 8 99
8 9 42
8 10 57
8 11 48
8 12 36
8 13 46
8 14 36
8 15 33
8 16 36
8 17 35
8 18 42
8 19 42
8 20 42
8 21 35
8 22 48
8 23 54
8 24 42
8 25 40
8 26 61
8 27 39
8 28 51
8 29 43
8 30 43
8 31 38
8 32 46
8 33 34
8 34 28
8 35 40
8 36 46
8 37 49
8 38 39
8 39 39
8 40 41
8 41 31
8 42 37
8 43 34
8 44 38
8 45 46
8 46 36
8 47 36
8 48 40
8 49 47
8 50 41
8 51 45
8 52 40
8 53 35
8 54 31
8 55 32
8 56 30
8 57 32
8 58 28
8 59 25
8 60 33
8 61 27
8 62 34
8 63 34
8 64 36
8 65 40
8 66 51
8 67 30
8 68 45
8 69 28
8 70 24
8 71 27
8 72 36
8 76 22
8 79 31
8 83 27
8 87 37
8 91 26
8 92 24
8 93 18
8 94 28
8 98 37
9 0 60
9 1 43
9 2 47
9 3 61
9 4 42
9 5 54
9 6 57
9 7 50
9 8 42
9 9 100
9 10 57
9 11 70
9 12 52
9 13 63
9 14 49
9 15 50
9 16 54
9 17 46
9 18 49
9 19 37
9 20 59
9 21 62
9 22 56
9 23 44
9 24 40
9 25 62
9 26 58
9 27 44
9 28 51
9 29 50
9 30 31
9 31 33
9 32 50
9 33 65
9 34 37
9 35 49
9 36 50
9 37 61
9 38 59
9 39 60
9 40 55
9 41 48
9 42 49
9 43 38
9 44 42
9 45 63
9 46 51
9 47 43
9 48 48
9 49 45
9 50 60
9 51 52
9 52 55
9 53 46
9 54 48
9 55 53
9 56 52
9 57 58
9 58 53
9 59 41
9 60 58
9 61 54
9 62 50
9 63 51
9 64 48
9 65 54
9 66 55
9 67 30
9 68 51
9 69 49
9 70 45
9 71 64
9 72 65
9 76 33
9 79 45
9 83 37
9 87 37
9 91 49
9 92 50
9 93 41
9 94 42
9 98 62
10 0 60
10 1 65
10 2 77
10 3 58
10 4 41
10 5 49
10 6 55
10 7 63
10 8 57
10 9 57
10 10 100
10 11 63
10 12 53
10 13 55
10 14 45
10 15 31
10 16 46
10 17 52
10 18 45
10 19 43
10 20 48
10 21 48
10 22 73
10 23 62
10 24 55
10 25 60
10 26 69
10 27 59
10 28 65
10 29 60
10 30 43
10 31 47
10 32 67
10 33 69
10 34 42
10 35 60
10 36 62
10 37 67
10 38 59
10 39 62
10 40 64
10 41 49
10 42 59
10 43 50
10 44 50
10 45 67
10 46 49
10 47 55
10 48 48
10 49 53
10 50 59
10 51 62
10 52 60
10 53 47
10 54 47
10 55 49
10 56 45
10 57 47
10 58 42
10 59 27
10 60 36
10 61 48
10 62 41
10 63 46
10 64 40
10 65 48
10 66 54
10 67 28
10 68 53
10 69 44
10 70 37
10 71 35
10 72 55
10 76 19
10 79 36
10 83 35
10 87 34
10 91 28
10 92 30
10 93 28
10 94 39
10 98 45
11 0 47
11 1 43
11 2 50
11 3 75
11 4 52
11 5 60
11 6 45
11 7 57
11 8 48
11 9 70
11 10 63
11 11 100
11 12 70
11 13 67
11 14 64
11 15 55
11 16 62
11 17 66
11 18 65
11 19 53
11 20 71
11 21 64
11 22 54
11 23 56
11 24 58
11 25 57
11 26 59
11 27 45
11 28 51
11 29 63
11 30 45
11 31 42
11 32 55
11 33 64
11 34 39
11 35 61
11 36 49
11 37 62
11 38 56
11 39 67
11 40 63
11 41 49
11 42 52
11 43 42
11 44 47
11 45 71
11 46 61
11 47 58
11 48 57
11 49 63
11 50 66
11 51 69
11 52 59
11 53 57
11 54 66
11 55 58
11 56 52
11 57 58
11 58 62
11 59 45
11 60 46
11 61 54
11 62 54
11 63 55
11 64 54
11 65 71
11 66 59
11 67 37
11 68 60
11 69 48
11 70 50
11 71 55
11 72 60
11 76 30
11 79 51
11 83 58
11 87 49
11 91 55
11 92 52
11 93 42
11 94 48
11 98 69
12 0 36
12 1 34
12 2 49
12 3 66
12 4 81
12 5 56
12 6 39
12 7 50
12 8 36
12 9 52
12 10 53
12 11 70
12 12 100
12 13 59
12 14 55
12 15 41
12 16 59
12 17 53
12 18 54
12 19 46
12 20 58
12 21 56
12 22 44
12 23 49
12 24 54
12 25 49
12 26 44
12 27 32
12 28 45
12 29 73
12 30 39
12 31 41
12 32 49
12 33 57
12 34 31
12 35 51
12 36 38
12 37 53
12 38 47
12 39 66
12 40 58
12 41 46
12 42 39
12 43 34
12 44 44
12 45 59
12 46 61
12 47 50
12 48 52
12 49 64
12 50 61
12 51 66
12 52 58
12 53 53
12 54 68
12 55 47
12 56 41
12 57 50
12 58 52
12 59 33
12 60 40
12 61 47
12 62 49
12 63 46
12 64 53
12 65 65
12 66 44
12 67 28
12 68 52
12 69 43
12 70 44
12 71 31
12 72 45
12 76 26
12 79 48
12 83 45
12 87 48
12 91 37
12 92 42
12 93 34
12 94 34
12 98 56
13 0 49
13 1 39
13 2 43
13 3 61
13 4 51
13 5 66
13 6 45
13 7 52
13 8 46
13 9 63
13 10 55
13 11 67
13 12 59
13 13 100
13 14 59
13 15 48
13 16 51
13 17 47
13 18 48
13 19 43
13 20 62
13 21 54
13 22 44
13 23 47
13 24 44
13 25 51
13 26 52
13 27 38
13 28 45
13 29 52
13 30 34
13 31 38
13 32 47
13 33 53
13 34 29
13 35 44
13 36 43
13 37 56
13 38 54
13 39 55
13 40 56
13 41 42
13 42 45
13 43 47
13 44 44
13 45 65
13 46 56
13 47 52
13 48 50
13 49 52
13 50 59
13 51 55
13 52 53
13 53 47
13 54 56
13 55 54
13 56 48
13 57 56
13 58 62
13 59 33
13 60 44
13 61 47
13 62 46
13 63 45
13 64 48
13 65 63
13 66 59
13 67 29
13 68 56
13 69 34
13 70 41
13 71 46
13 72 50
13 76 29
13 79 43
13 83 38
13 87 39
13 91 47
13 92 48
13 93 42
13 94 44
13 98 60
14 0 31
14 1 32
14 2 40
14 3 56
14 4 39
14 5 53
14 6 29
14 7 44
14 8 36
14 9 49
14 10 45
14 11 64
14 12 55
14 13 59
14 14 100
14 15 51
14 16 60
14 17 55
14 18 53
14 19 51
14 20 61
14 21 57
14 22 37
14 23 41
14 24 45
14 25 41
14 26 43
14 27 30
14 28 34
14 29 45
14 30 35
14 31 32
14 32 39
14 33 49
14 34 28
14 35 43
14 36 33
14 37 50
14 38 37
14 39 50
14 40 49
14 41 39
14 42 39
14 43 45
14 44 30
14 45 54
14 46 55
14 47 51
14 48 45
14 49 53
14 50 46
14 51 51
14 52 46
14 53 47
14 54 56
14 55 44
14 56 34
14 57 46
14 58 54
14 59 32
14 60 40
14 61 46
14 62 45
14 63 42
14 64 41
14 65 66
14 66 41
14 67 23
14 68 45
14 69 30
14 70 40
14 71 41
14 72 41
14 76 32
14 79 39
14 83 39
14 87 34
14 91 48
14 92 64
14 93 42
14 94 46
14 98 61
15 0 24
15 1 19
15 2 31
15 3 43
15 4 38
15 5 37
15 6 25
15 7 36
15 8 33
15 9 50
15 10 31
15 11 55
15 12 41
15 13 48
15 14 51
15 15 99
15 16 47
15 17 38
15 18 45
15 19 42
15 20 51
15 21 47
15 22 28
15 23 38
15 24 44
15 25 29
15 26 35
15 27 24
15 28 30
15 29 39
15 30 31
15 31 30
15 32 32
15 33 35
15 34 23
15 35 39
15 36 23
15 37 38
15 38 34
15 39 35
15 40 32
15 41 37
15 42 28
15 43 24
15 44 31
15 45 39
15 46 44
15 47 37
15 48 42
15 49 43
15 50 37
15 51 39
15 52 29
15 53 41
15 54 42
15 55 32
15 56 28
15 57 35
15 58 40
15 59 32
15 60 29
15 61 36
15 62 41
15 63 36
15 64 41
15 65 48
15 66 32
15 67 21
15 68 35
15 69 27
15 70 31
15 71 49
15 72 43
15 76 27
15 79 33
15 83 34
15 87 34
15 91 60
15 92 44
15 93 37
15 94 44
15 98 52
16 0 43
16 1 29
16 2 43
16 3 58
16 4 45
16 5 47
16 6 42
16 7 54
16 8 36
16 9 54
16 10 46
16 11 62
16 12 59
16 13 51
16 14 60
16 15 47
16 16 100
16 17 49
16 18 43
16 19 58
16 20 63
16 21 58
16 22 46
16 23 50
16 24 52
16 25 47
16 26 48
16 27 29
16 28 41
16 29 59
16 30 41
16 31 39
16 32 48
16 33 53
16 34 28
16 35 54
16 36 33
16 37 48
16 38 40
16 39 57
16 40 46
16 41 38
16 42 31
16 43 31
16 44 38
16 45 48
16 46 49
16 47 48
16 48 52
16 49 55
16 50 57
16 51 62
16 52 58
16 53 51
16 54 57
16 55 47
16 56 39
16 57 42
16 58 43
16 59 29
16 60 51
16 61 48
16 62 48
16 63 44
16 64 56
16 65 59
16 66 46
16 67 19
16 68 54
16 69 49
16 70 42
16 71 37
16 72 37
16 76 19
16 79 36
16 83 34
16 87 43
16 91 32
16 92 38
16 93 26
16 94 30
16 98 60
17 0 32
17 1 33
17 2 45
17 3 55
17 4 39
17 5 39
17 6 30
17 7 42
17 8 35
17 9 46
17 10 52
17 11 66
17 12 53
17 13 47
17 14 55
17 15 38
17 16 49
17 17 100
17 18 65
17 19 40
17 20 53
17 21 51
17 22 45
17 23 48
17 24 52
17 25 41
17 26 45
17 27 32
17 28 44
17 29 45
17 30 42
17 31 36
17 32 50
17 33 54
17 34 31
17 35 49
17 36 41
17 37 46
17 38 47
17 39 55
17 40 56
17 41 43
17 42 45
17 43 56
17 44 43
17 45 59
17 46 62
17 47 51
17 48 52
17 49 55
17 50 44
17 51 57
17 52 52
17 53 41
17 54 63
17 55 44
17 56 41
17 57 44
17 58 54
17 59 25
17 60 35
17 61 51
17 62 60
17 63 41
17 64 56
17 65 68
17 66 41
17 67 29
17 68 43
17 69 34
17 70 32
17 71 34
17 72 46
17 76 39
17 79 55
17 83 58
17 87 39
17 91 39
17 92 49
17 93 38
17 94 50
17 98 59
18 0 29
18 1 34
18 2 39
18 3 58
18 4 40
18 5 41
18 6 29
18 7 43
18 8 42
18 9 49
18 10 45
18 11 65
18 12 54
18 13 48
18 14 53
18 15 45
18 16 43
18 17 65
18 18 100
18 19 44
18 20 55
18 21 44
18 22 42
18 23 50
18 24 49
18 25 38
18 26 49
18 27 33
18 28 38
18 29 47
18 30 36
18 31 35
18 32 41
18 33 50
18 34 30
18 35 45
18 36 35
18 37 45
18 38 42
18 39 50
18 40 48
18 41 42
18 42 37
18 43 46
18 44 40
18 45 55
18 46 53
18 47 51
18 48 42
18 49 62
18 50 43
18 51 52
18 52 49
18 53 40
18 54 56
18 55 37
18 56 34
18 57 40
18 58 51
18 59 30
18 60 33
18 61 50
18 62 64
18 63 50
18 64 58
18 65 68
18 66 39
18 67 32
18 68 44
18 69 27
18 70 24
18 71 35
18 72 43
18 76 39
18 79 52
18 83 46
18 87 40
18 91 40
18 92 45
18 93 38
18 94 55
18 98 55
19 0 28
19 1 36
19 2 35
19 3 44
19 4 35
19 5 41
19 6 31
19 7 48
19 8 42
19 9 37
19 10 43
19 11 53
19 12 46
19 13 43
19 14 51
19 15 42
19 16 58
19 17 40
19 18 44
19 19 99
19 20 48
19 21 43
19 22 44
19 23 52
19 24 48
19 25 38
19 26 46
19 27 29
19 28 36
19 29 47
19 30 39
19 31 35
19 32 36
19 33 41
19 34 27
19 35 43
19 36 28
19 37 45
19 38 31
19 39 45
19 40 39
19 41 34
19 42 32
19 43 30
19 44 32
19 45 43
19 46 41
19 47 39
19 48 43
19 49 50
19 50 41
19 51 53
19 52 44
19 53 39
19 54 47
19 55 38
19 56 24
19 57 30
19 58 31
19 59 21
19 60 37
19 61 31
19 62 37
19 63 39
19 64 44
19 65 50
19 66 43
19 67 23
19 68 46
19 69 32
19 70 30
19 71 24
19 72 30
19 76 20
19 79 39
19 83 32
19 87 32
19 91 25
19 92 28
19 93 22
19 94 31
19 98 46
20 0 39
20 1 33
20 2 49
20 3 65
20 4 47
20 5 55
20 6 35
20 7 50
20 8 42
20 9 59
20 10 48
20 11 71
20 12 58
20 13 62
20 14 61
20 15 51
20 16 63
20 17 53
20 18 55
20 19 48
20 20 100
20 21 51
20 22 44
20 23 51
20 24 50
20 25 46
20 26 53
20 27 29
20 28 41
20 29 57
20 30 42
20 31 39
20 32 47
20 33 50
20 34 30
20 35 46
20 36 35
20 37 50
20 38 47
20 39 53
20 40 50
20 41 41
20 42 36
20 43 36
20 44 42
20 45 59
20 46 59
20 47 50
20 48 50
20 49 54
20 50 55
20 51 61
20 52 54
20 53 47
20 54 56
20 55 44
20 56 42
20 57 47
20 58 52
20 59 32
20 60 54
20 61 47
20 62 48
20 63 39
20 64 54
20 65 64
20 66 53
20 67 29
20 68 55
20 69 38
20 70 36
20 71 39
20 72 40
20 76 24
20 79 41
20 83 51
20 87 50
20 91 45
20 92 48
20 93 39
20 94 44
20 98 56
21 0 40
21 1 28
21 2 42
21 3 58
21 4 50
21 5 44
21 6 39
21 7 53
21 8 35
21 9 62
21 10 48
21 11 64
21 12 56
21 13 54
21 14 57
21 15 47
21 16 58
21 17 51
21 18 44
21 19 43
21 20 51
21 21 100
21 22 46
21 23 44
21 24 53
21 25 63
21 26 48
21 27 39
21 28 49
21 29 57
21 30 36
21 31 40
21 32 49
21 33 56
21 34 36
21 35 53
21 36 39
21 37 57
21 38 51
21 39 61
21 40 46
21 41 42
21 42 37
21 43 32
21 44 39
21 45 51
21 46 53
21 47 41
21 48 51
21 49 53
21 50 59
21 51 57
21 52 53
21 53 47
21 54 55
21 55 48
21 56 40
21 57 47
21 58 47
21 59 35
21 60 47
21 61 43
21 62 40
21 63 42
21 64 50
21 65 53
21 66 42
21 67 24
21 68 50
21 69 42
21 70 41
21 71 45
21 72 47
21 76 25
21 79 41
21 83 39
21 87 42
21 91 43
21 92 45
21 93 37
21 94 31
21 98 55
22 0 59
22 1 77
22 2 61
22 3 51
22 4 29
22 5 40
22 6 63
22 7 59
22 8 48
22 9 56
22 10 73
22 11 54
22 12 44
22 13 44
22 14 37
22 15 28
22 16 46
22 17 45
22 18 42
22 19 44
22 20 44
22 21 46
22 22 99
22 23 68
22 24 60
22 25 71
22 26 68
22 27 74
22 28 67
22 29 64
22 30 39
22 31 45
22 32 60
22 33 57
22 34 35
22 35 70
22 36 48
22 37 49
22 38 51
22 39 57
22 40 46
22 41 41
22 42 40
22 43 40
22 44 47
22 45 58
22 46 44
22 47 44
22 48 57
22 49 47
22 50 57
22 51 62
22 52 59
22 53 44
22 54 41
22 55 49
22 56 51
22 57 54
22 58 42
22 59 22
22 60 43
22 61 48
22 62 43
22 63 43
22 64 39
22 65 43
22 66 54
22 67 30
22 68 49
22 69 61
22 70 43
22 71 46
22 72 51
22 76 18
22 79 30
22 83 35
22 87 33
22 91 26
22 92 31
22 93 21
22 94 34
22 98 53
23 0 46
23 1 55
23 2 49
23 3 50
23 4 39
23 5 40
23 6 48
23 7 58
23 8 54
23 9 44
23 10 62
23 11 56
23 12 49
23 13 47
23 14 41
23 15 38
23 16 50
23 17 48
23 18 50
23 19 52
23 20 51
23 21 44
23 22 68
23 23 99
23 24 66
23 25 54
23 26 64
23 27 51
23 28 57
23 29 56
23 30 46
23 31 58
23 32 52
23 33 51
23 34 26
23 35 57
23 36 43
23 37 55
23 38 44
23 39 55
23 40 44
23 41 48
23 42 39
23 43 40
23 44 46
23 45 51
23 46 53
23 47 37
23 48 50
23 49 62
23 50 47
23 51 63
23 52 49
23 53 36
23 54 43
23 55 36
23 56 34
23 57 39
23 58 30
23 59 23
23 60 40
23 61 38
23 62 40
23 63 41
23 64 40
23 65 48
23 66 53
23 67 26
23 68 54
23 69 45
23 70 31
23 71 22
23 72 33
23 76 20
23 79 33
23 83 40
23 87 41
23 91 23
23 92 29
23 93 19
23 94 30
23 98 41
24 0 40
24 1 47
24 2 53
24 3 48
24 4 38
24 5 38
24 6 45
24 7 54
24 8 42
24 9 40
24 10 55
24 11 58
24 12 54
24 13 44
24 14 45
24 15 44
24 16 52
24 17 52
24 18 49
24 19 48
24 20 50
24 21 53
24 22 60
24 23 66
24 24 99
24 25 51
24 26 53
24 27 50
24 28 54
24 29 65
24 30 56
24 31 67
24 32 49
24 33 46
24 34 27
24 35 66
24 36 35
24 37 46
24 38 43
24 39 54
24 40 43
24 41 45
24 42 28
24 43 33
24 44 47
24 45 48
24 46 51
24 47 39
24 48 65
24 49 59
24 50 48
24 51 73
24 52 49
24 53 41
24 54 50
24 55 39
24 56 37
24 57 40
24 58 35
24 59 15
24 60 38
24 61 45
24 62 38
24 63 38
24 64 43
24 65 48
24 66 53
24 67 37
24 68 52
24 69 63
24 70 37
24 71 31
24 72 35
24 76 14
24 79 35
24 83 33
24 87 43
24 91 30
24 92 34
24 93 24
24 94 28
24 98 51
25 0 56
25 1 52
25 2 51
25 3 51
25 4 35
25 5 39
25 6 62
25 7 55
25 8 40
25 9 62
25 10 60
25 11 57
25 12 49
25 13 51
25 14 41
25 15 29
25 16 47
25 17 41
25 18 38
25 19 38
25 20 46
25 21 63
25 22 71
25 23 54
25 24 51
25 25 100
25 26 67
25 27 68
25 28 62
25 29 61
25 30 44
25 31 41
25 32 63
25 33 53
25 34 44
25 35 64
25 36 54
25 37 55
25 38 52
25 39 59
25 40 45
25 41 46
25 42 40
25 43 41
25 44 52
25 45 60
25 46 51
25 47 35
25 48 50
25 49 45
25 50 64
25 51 64
25 52 60
25 53 48
25 54 38
25 55 49
25 56 51
25 57 55
25 58 41
25 59 25
25 60 48
25 61 46
25 62 37
25 63 45
25 64 44
25 65 40
25 66 52
25 67 24
25 68 49
25 69 55
25 70 45
25 71 44
25 72 48
25 76 17
25 79 34
25 83 36
25 87 31
25 91 23
25 92 34
25 93 26
25 94 26
25 98 51
26 0 62
26 1 57
26 2 50
26 3 52
26 4 32
26 5 42
26 6 60
26 7 68
26 8 61
26 9 58
26 10 69
26 11 59
26 12 44
26 13 52
26 14 43
26 15 35
26 16 48
26 17 45
26 18 49
26 19 46
26 20 53
26 21 48
26 22 68
26 23 64
26 24 53
26 25 67
26 26 100
26 27 67
26 28 63
26 29 52
26 30 47
26 31 45
26 32 55
26 33 50
26 34 42
26 35 57
26 36 58
26 37 57
26 38 52
26 39 53
26 40 49
26 41 43
26 42 47
26 43 44
26 44 54
26 45 61
26 46 53
26 47 41
26 48 43
26 49 51
26 50 52
26 51 64
26 52 56
26 53 41
26 54 40
26 55 43
26 56 44
26 57 49
26 58 35
26 59 27
26 60 55
26 61 43
26 62 37
26 63 41
26 64 44
26 65 46
26 66 64
26 67 27
26 68 53
26 69 43
26 70 33
26 71 37
26 72 49
26 76 16
26 79 34
26 83 32
26 87 36
26 91 27
26 92 35
26 93 28
26 94 33
26 98 51
27 0 50
27 1 67
27 2 50
27 3 39
27 4 19
27 5 31
27 6 52
27 7 49
27 8 39
27 9 44
27 10 59
27 11 45
27 12 32
27 13 38
27 14 30
27 15 24
27 16 29
27 17 32
27 18 33
27 19 29
27 20 29
27 21 39
27 22 74
27 23 51
27 24 50
27 25 68
27 26 67
27 27 99
27 28 55
27 29 46
27 30 36
27 31 41
27 32 48
27 33 39
27 34 39
27 35 57
27 36 43
27 37 38
27 38 43
27 39 41
27 40 36
27 41 36
27 42 33
27 43 36
27 44 41
27 45 53
27 46 38
27 47 32
27 48 38
27 49 33
27 50 46
27 51 53
27 52 46
27 53 34
27 54 27
27 55 37
27 56 36
27 57 44
27 58 36
27 59 16
27 60 33
27 61 37
27 62 28
27 63 34
27 64 29
27 65 31
27 66 48
27 67 28
27 68 36
27 69 45
27 70 37
27 71 39
27 72 45
27 76 10
27 79 22
27 83 25
27 87 19
27 91 21
27 92 29
27 93 16
27 94 22
27 98 46
28 0 59
28 1 54
28 2 46
28 3 48
28 4 35
28 5 35
28 6 55
28 7 61
28 8 51
28 9 51
28 10 65
28 11 51
28 12 45
28 13 45
28 14 34
28 15 30
28 16 41
28 17 44
28 18 38
28 19 36
28 20 41
28 21 49
28 22 67
28 23 57
28 24 54
28 25 62
28 26 63
28 27 55
28 28 99
28 29 51
28 30 39
28 31 45
28 32 61
28 33 48
28 34 31
28 35 55
28 36 49
28 37 51
28 38 42
28 39 52
28 40 48
28 41 39
28 42 34
28 43 33
28 44 50
28 45 48
28 46 43
28 47 34
28 48 54
28 49 49
28 50 52
28 51 55
28 52 46
28 53 42
28 54 41
28 55 40
28 56 49
28 57 49
28 58 31
28 59 20
28 60 31
28 61 35
28 62 37
28 63 42
28 64 45
28 65 39
28 66 53
28 67 31
28 68 43
28 69 52
28 70 36
28 71 38
28 72 44
28 76 24
28 79 33
28 83 32
28 87 31
28 91 21
28 92 27
28 93 20
28 94 24
28 98 43
29 0 42
29 1 49
29 2 59
29 3 61
29 4 59
29 5 52
29 6 51
29 7 53
29 8 43
29 9 50
29 10 60
29 11 63
29 12 73
29 13 52
29 14 45
29 15 39
29 16 59
29 17 45
29 18 47
29 19 47
29 20 57
29 21 57
29 22 64
29 23 56
29 24 65
29 25 61
29 26 52
29 27 46
29 28 51
29 29 100
29 30 40
29 31 49
29 32 58
29 33 58
29 34 38
29 35 65
29 36 39
29 37 51
29 38 49
29 39 66
29 40 50
29 41 48
29 42 34
29 43 29
29 44 45
29 45 58
29 46 53
29 47 51
29 48 57
29 49 59
29 50 66
29 51 70
29 52 62
29 53 55
29 54 56
29 55 49
29 56 45
29 57 50
29 58 47
29 59 28
29 60 42
29 61 50
29 62 46
29 63 46
29 64 51
29 65 53
29 66 47
29 67 28
29 68 58
29 69 53
29 70 48
29 71 37
29 72 45
29 76 15
29 79 41
29 83 48
29 87 43
29 91 36
29 92 36
29 93 29
29 94 32
29 98 53
30 0 37
30 1 29
30 2 31
30 3 36
30 4 26
30 5 30
30 6 37
30 7 50
30 8 43
30 9 31
30 10 43
30 11 45
30 12 39
30 13 34
30 14 35
30 15 31
30 16 41
30 17 42
30 18 36
30 19 39
30 20 42
30 21 36
30 22 39
30 23 46
30 24 56
30 25 44
30 26 47
30 27 36
30 28 39
30 29 40
30 30 100
30 31 46
30 32 46
30 33 34
30 34 35
30 35 56
30 36 36
30 37 41
30 38 30
30 39 42
30 40 32
30 41 38
30 42 25
30 43 24
30 44 37
30 45 40
30 46 34
30 47 24
30 48 37
30 49 43
30 50 39
30 51 58
30 52 41
30 53 36
30 54 33
30 55 26
30 56 26
30 57 25
30 58 21
30 59 14
30 60 28
30 61 29
30 62 27
30 63 32
30 64 31
30 65 38
30 66 53
30 67 32
30 68 54
30 69 43
30 70 29
30 71 20
30 72 28
30 76 20
30 79 29
30 83 32
30 87 33
30 91 18
30 92 20
30 93 17
30 94 18
30 98 37
31 0 29
31 1 35
31 2 41
31 3 38
31 4 35
31 5 36
31 6 34
31 7 42
31 8 38
31 9 33
31 10 47
31 11 42
31 12 41
31 13 38
31 14 32
31 15 30
31 16 39
31 17 36
31 18 35
31 19 35
31 20 39
31 21 40
31 22 45
31 23 58
31 24 67
31 25 41
31 26 45
31 27 41
31 28 45
31 29 49
31 30 46
31 31 100
31 32 40
31 33 32
31 34 20
31 35 51
31 36 31
31 37 39
31 38 36
31 39 42
31 40 31
31 41 45
31 42 21
31 43 29
31 44 41
31 45 38
31 46 39
31 47 29
31 48 50
31 49 48
31 50 40
31 51 63
31 52 38
31 53 30
31 54 30
31 55 26
31 56 27
31 57 31
31 58 27
31 59 15
31 60 36
31 61 26
31 62 28
31 63 28
31 64 34
31 65 36
31 66 44
31 67 27
31 68 43
31 69 51
31 70 30
31 71 20
31 72 23
31 76 4
31 79 24
31 83 23
31 87 35
31 91 23
31 92 21
31 93 12
31 94 16
31 98 33
32 0 50
32 1 45
32 2 59
32 3 49
32 4 37
32 5 40
32 6 51
32 7 55
32 8 46
32 9 50
32 10 67
32 11 55
32 12 49
32 13 47
32 14 39
32 15 32
32 16 48
32 17 50
32 18 41
32 19 36
32 20 47
32 21 49
32 22 60
32 23 52
32 24 49
32 25 63
32 26 55
32 27 48
32 28 61
32 29 58
32 30 46
32 31 40
32 32 99
32 33 59
32 34 48
32 35 61
32 36 64
32 37 55
32 38 46
32 39 61
32 40 50
32 41 46
32 42 46
32 43 41
32 44 52
32 45 58
32 46 46
32 47 44
32 48 46
32 49 45
32 50 60
32 51 60
32 52 61
32 53 47
32 54 39
32 55 53
32 56 50
32 57 54
32 58 42
32 59 29
32 60 34
32 61 43
32 62 40
32 63 46
32 64 45
32 65 41
32 66 47
32 67 30
32 68 53
32 69 48
32 70 39
32 71 43
32 72 53
32 76 21
32 79 39
32 83 39
32 87 35
32 91 29
32 92 30
32 93 29
32 94 36
32 98 48
33 0 52
33 1 43
33 2 54
33 3 65
33 4 43
33 5 49
33 6 46
33 7 48
33 8 34
33 9 65
33 10 69
33 11 64
33 12 57
33 13 53
33 14 49
33 15 35
33 16 53
33 17 54
33 18 50
33 19 41
33 20 50
33 21 56
33 22 57
33 23 51
33 24 46
33 25 53
33 26 50
33 27 39
33 28 48
33 29 58
33 30 34
33 31 32
33 32 59
33 33 100
33 34 43
33 35 55
33 36 56
33 37 63
33 38 57
33 39 69
33 40 60
33 41 48
33 42 56
33 43 44
33 44 45
33 45 62
33 46 53
33 47 53
33 48 44
33 49 44
33 50 61
33 51 59
33 52 56
33 53 48
33 54 58
33 55 54
33 56 46
33 57 50
33 58 50
33 59 29
33 60 40
33 61 57
33 62 48
33 63 54
33 64 48
33 65 57
33 66 43
33 67 22
33 68 47
33 69 41
33 70 42
33 71 44
33 72 55
33 76 21
33 79 45
33 83 38
33 87 29
33 91 35
33 92 42
33 93 35
33 94 44
33 98 56
34 0 39
34 1 33
34 2 32
34 3 33
34 4 28
34 5 28
34 6 37
34 7 35
34 8 28
34 9 37
34 10 42
34 11 39
34 12 31
34 13 29
34 14 28
34 15 23
34 16 28
34 17 31
34 18 30
34 19 27
34 20 30
34 21 36
34 22 35
34 23 26
34 24 27
34 25 44
34 26 42
34 27 39
34 28 31
34 29 38
34 30 35
34 31 20
34 32 48
34 33 43
34 34 100
34 35 48
34 36 53
34 37 43
34 38 35
34 39 47
34 40 31
34 41 32
34 42 29
34 43 23
34 44 26
34 45 49
34 46 29
34 47 28
34 48 26
34 49 24
34 50 42
34 51 40
34 52 39
34 53 47
34 54 26
34 55 38
34 56 36
34 57 35
34 58 24
34 59 24
34 60 30
34 61 31
34 62 17
34 63 37
34 64 24
34 65 26
34 66 33
34 67 19
34 68 33
34 69 28
34 70 28
34 71 30
34 72 45
34 76 12
34 79 24
34 83 34
34 87 19
34 91 25
34 92 27
34 93 24
34 94 19
34 98 34
35 0 48
35 1 52
35 2 52
35 3 55
35 4 37
35 5 41
35 6 53
35 7 57
35 8 40
35 9 49
35 10 60
35 11 61
35 12 51
35 13 44
35 14 43
35 15 39
35 16 54
35 17 49
35 18 45
35 19 43
35 20 46
35 21 53
35 22 70
35 23 57
35 24 66
35 25 64
35 26 57
35 27 57
35 28 55
35 29 65
35 30 56
35 31 51
35 32 61
35 33 55
35 34 48
35 35 99
35 36 50
35 37 49
35 38 53
35 39 55
35 40 44
35 41 49
35 42 41
35 43 37
35 44 53
35 45 63
35 46 48
35 47 46
35 48 63
35 49 51
35 50 62
35 51 71
35 52 56
35 53 59
35 54 47
35 55 52
35 56 52
35 57 56
35 58 44
35 59 30
35 60 36
35 61 47
35 62 43
35 63 42
35 64 38
35 65 46
35 66 49
35 67 34
35 68 55
35 69 67
35 70 53
35 71 50
35 72 53
35 76 17
35 79 27
35 83 44
35 87 46
35 91 43
35 92 37
35 93 24
35 94 31
35 98 59
36 0 57
36 1 38
36 2 44
36 3 42
36 4 29
36 5 32
36 6 52
36 7 52
36 8 46
36 9 50
36 10 62
36 11 49
36 12 38
36 13 43
36 14 33
36 15 23
36 16 33
36 17 41
36 18 35
36 19 28
36 20 35
36 21 39
36 22 48
36 23 43
36 24 35
36 25 54
36 26 58
36 27 43
36 28 49
36 29 39
36 30 36
36 31 31
36 32 64
36 33 56
36 34 53
36 35 50
36 36 99
36 37 65
36 38 47
36 39 52
36 40 47
36 41 39
36 42 49
36 43 44
36 44 50
36 45 68
36 46 39
36 47 38
36 48 33
36 49 33
36 50 53
36 51 51
36 52 49
36 53 47
36 54 31
36 55 51
36 56 52
36 57 48
36 58 40
36 59 29
36 60 30
36 61 35
36 62 32
36 63 38
36 64 33
36 65 36
36 66 41
36 67 24
36 68 39
36 69 39
36 70 34
36 71 38
36 72 58
36 76 24
36 79 31
36 83 29
36 87 23
36 91 21
36 92 25
36 93 22
36 94 25
36 98 39
37 0 52
37 1 41
37 2 52
37 3 55
37 4 53
37 5 49
37 6 45
37 7 59
37 8 49
37 9 61
37 10 67
37 11 62
37 12 53
37 13 56
37 14 50
37 15 38
37 16 48
37 17 46
37 18 45
37 19 45
37 20 50
37 21 57
37 22 49
37 23 55
37 24 46
37 25 55
37 26 57
37 27 38
37 28 51
37 29 51
37 30 41
37 31 39
37 32 55
37 33 63
37 34 43
37 35 49
37 36 65
37 37 100
37 38 50
37 39 55
37 40 54
37 41 47
37 42 50
37 43 45
37 44 41
37 45 64
37 46 42
37 47 41
37 48 40
37 49 46
37 50 54
37 51 51
37 52 47
37 53 48
37 54 49
37 55 49
37 56 38
37 57 41
37 58 40
37 59 33
37 60 45
37 61 40
37 62 36
37 63 41
37 64 44
37 65 48
37 66 49
37 67 25
37 68 54
37 69 34
37 70 43
37 71 30
37 72 51
37 76 25
37 79 39
37 83 36
37 87 28
37 91 30
37 92 32
37 93 33
37 94 30
37 98 44
38 0 49
38 1 40
38 2 51
38 3 56
38 4 41
38 5 43
38 6 45
38 7 44
38 8 39
38 9 59
38 10 59
38 11 56
38 12 47
38 13 54
38 14 37
38 15 34
38 16 40
38 17 47
38 18 42
38 19 31
38 20 47
38 21 51
38 22 51
38 23 44
38 24 43
38 25 52
38 26 52
38 27 43
38 28 42
38 29 49
38 30 30
38 31 36
38 32 46
38 33 57
38 34 35
38 35 53
38 36 47
38 37 50
38 38 100
38 39 58
38 40 64
38 41 51
38 42 62
38 43 50
38 44 47
38 45 62
38 46 51
38 47 49
38 48 43
38 49 41
38 50 52
38 51 56
38 52 51
38 53 43
38 54 50
38 55 55
38 56 47
38 57 53
38 58 51
38 59 45
38 60 50
38 61 43
38 62 39
38 63 42
38 64 43
38 65 45
38 66 52
38 67 27
38 68 48
38 69 33
38 70 33
38 71 42
38 72 52
38 76 24
38 79 43
38 83 39
38 87 31
38 91 43
38 92 39
38 93 34
38 94 39
38 98 46
39 0 49
39 1 40
39 2 51
39 3 60
39 4 50
39 5 52
39 6 45
39 7 48
39 8 39
39 9 60
39 10 62
39 11 67
39 12 66
39 13 55
39 14 50
39 15 35
39 16 57
39 17 55
39 18 50
39 19 45
39 20 53
39 21 61
39 22 57
39 23 55
39 24 54
39 25 59
39 26 53
39 27 41
39 28 52
39 29 66
39 30 42
39 31 42
39 32 61
39 33 69
39 34 47
39 35 55
39 36 52
39 37 55
39 38 58
39 39 100
39 40 61
39 41 46
39 42 49
39 43 38
39 44 50
39 45 59
39 46 61
39 47 50
39 48 46
39 49 54
39 50 65
39 51 66
39 52 66
39 53 53
39 54 60
39 55 60
39 56 52
39 57 60
39 58 45
39 59 35
39 60 48
39 61 52
39 62 45
39 63 57
39 64 49
39 65 56
39 66 47
39 67 21
39 68 54
39 69 50
39 70 40
39 71 40
39 72 49
39 76 28
39 79 46
39 83 45
39 87 38
39 91 33
39 92 38
39 93 30
39 94 36
39 98 54
40 0 46
40 1 42
40 2 59
40 3 65
40 4 44
40 5 46
40 6 43
40 7 43
40 8 41
40 9 55
40 10 64
40 11 63
40 12 58
40 13 56
40 14 49
40 15 32
40 16 46
40 17 56
40 18 48
40 19 39
40 20 50
40 21 46
40 22 46
40 23 44
40 24 43
40 25 45
40 26 49
40 27 36
40 28 48
40 29 50
40 30 32
40 31 31
40 32 50
40 33 60
40 34 31
40 35 44
40 36 47
40 37 54
40 38 64
40 39 61
40 40 100
40 41 47
40 42 57
40 43 47
40 44 45
40 45 63
40 46 56
40 47 53
40 48 44
40 49 47
40 50 57
40 51 52
40 52 53
40 53 53
40 54 60
40 55 53
40 56 46
40 57 52
40 58 58
40 59 41
40 60 41
40 61 49
40 62 45
40 63 49
40 64 47
40 65 55
40 66 48
40 67 28
40 68 45
40 69 35
40 70 37
40 71 38
40 72 54
40 76 29
40 79 48
40 83 38
40 87 32
40 91 37
40 92 42
40 93 39
40 94 41
40 98 49
41 0 30
41 1 30
41 2 41
41 3 52
41 4 36
41 5 41
41 6 37
41 7 43
41 8 31
41 9 48
41 10 49
41 11 49
41 12 46
41 13 42
41 14 39
41 15 37
41 16 38
41 17 43
41 18 42
41 19 34
41 20 41
41 21 42
41 22 41
41 23 48
41 24 45
41 25 46
41 26 43
41 27 36
41 28 39
41 29 48
41 30 38
41 31 45
41 32 46
41 33 48
41 34 32
41 35 49
41 36 39
41 37 47
41 38 51
41 39 46
41 40 47
41 41 99
41 42 50
41 43 40
41 44 51
41 45 58
41 46 46
41 47 50
41 48 43
41 49 43
41 50 55
41 51 56
41 52 53
41 53 48
41 54 47
41 55 49
41 56 43
41 57 44
41 58 41
41 59 34
41 60 31
41 61 40
41 62 41
41 63 36
41 64 38
41 65 42
41 66 44
41 67 30
41 68 43
41 69 37
41 70 35
41 71 32
41 72 47
41 76 24
41 79 37
41 83 42
41 87 26
41 91 39
41 92 38
41 93 41
41 94 37
41 98 43
42 0 38
42 1 28
42 2 40
42 3 52
42 4 30
42 5 37
42 6 34
42 7 39
42 8 37
42 9 49
42 10 59
42 11 52
42 12 39
42 13 45
42 14 39
42 15 28
42 16 31
42 17 45
42 18 37
42 19 32
42 20 36
42 21 37
42 22 40
42 23 39
42 24 28
42 25 40
42 26 47
42 27 33
42 28 34
42 29 34
42 30 25
42 31 21
42 32 46
42 33 56
42 34 29
42 35 41
42 36 49
42 37 50
42 38 62
42 39 49
42 40 57
42 41 50
42 42 100
42 43 59
42 44 45
42 45 61
42 46 41
42 47 53
42 48 32
42 49 33
42 50 48
42 51 41
42 52 43
42 53 36
42 54 43
42 55 54
42 56 43
42 57 46
42 58 47
42 59 42
42 60 32
42 61 39
42 62 41
42 63 37
42 64 31
42 65 40
42 66 43
42 67 27
42 68 43
42 69 22
42 70 34
42 71 33
42 72 53
42 76 28
42 79 37
42 83 37
42 87 27
42 91 33
42 92 37
42 93 27
42 94 39
42 98 42
43 0 30
43 1 34
43 2 41
43 3 39
43 4 23
43 5 32
43 6 34
43 7 38
43 8 34
43 9 38
43 10 50
43 11 42
43 12 34
43 13 47
43 14 45
43 15 24
43 16 31
43 17 56
43 18 46
43 19 30
43 20 36
43 21 32
43 22 40
43 23 40
43 24 33
43 25 41
43 26 44
43 27 36
43 28 33
43 29 29
43 30 24
43 31 29
43 32 41
43 33 44
43 34 23
43 35 37
43 36 44
43 37 45
43 38 50
43 39 38
43 40 47
43 41 40
43 42 59
43 43 99
43 44 38
43 45 55
43 46 44
43 47 46
43 48 29
43 49 43
43 50 37
43 51 43
43 52 46
43 53 34
43 54 43
43 55 40
43 56 35
43 57 39
43 58 49
43 59 24
43 60 34
43 61 39
43 62 46
43 63 32
43 64 41
43 65 47
43 66 39
43 67 30
43 68 39
43 69 23
43 70 26
43 71 32
43 72 43
43 76 35
43 79 37
43 83 36
43 87 22
43 91 32
43 92 40
43 93 30
43 94 47
43 98 43
44 0 37
44 1 28
44 2 38
44 3 48
44 4 30
44 5 31
44 6 44
44 7 43
44 8 38
44 9 42
44 10 50
44 11 47
44 12 44
44 13 44
44 14 30
44 15 31
44 16 38
44 17 43
44 18 40
44 19 32
44 20 42
44 21 39
44 22 47
44 23 46
44 24 47
44 25 52
44 26 54
44 27 41
44 28 50
44 29 45
44 30 37
44 31 41
44 32 52
44 33 45
44 34 26
44 35 53
44 36 50
44 37 41
44 38 47
44 39 50
44 40 45
44 41 51
44 42 45
44 43 38
44 44 100
44 45 54
44 46 48
44 47 42
44 48 47
44 49 41
44 50 59
44 51 57
44 52 55
44 53 48
44 54 41
44 55 48
44 56 46
44 57 44
44 58 36
44 59 24
44 60 33
44 61 35
44 62 39
44 63 42
44 64 40
44 65 37
44 66 40
44 67 27
44 68 40
44 69 46
44 70 40
44 71 33
44 72 38
44 76 13
44 79 35
44 83 30
44 87 32
44 91 22
44 92 27
44 93 24
44 94 23
44 98 44
45 0 51
45 1 47
45 2 56
45 3 64
45 4 44
45 5 58
45 6 53
45 7 55
45 8 46
45 9 63
45 10 67
45 11 71
45 12 59
45 13 65
45 14 54
45 15 39
45 16 48
45 17 59
45 18 55
45 19 43
45 20 59
45 21 51
45 22 58
45 23 51
45 24 48
45 25 60
45 26 61
45 27 53
45 28 48
45 29 58
45 30 40
45 31 38
45 32 58
45 33 62
45 34 49
45 35 63
45 36 68
45 37 64
45 38 62
45 39 59
45 40 63
45 41 58
45 42 61
45 43 55
45 44 54
45 45 100
45 46 62
45 47 70
45 48 54
45 49 49
45 50 73
45 51 67
45 52 66
45 53 63
45 54 55
45 55 73
45 56 56
45 57 64
45 58 68
45 59 39
45 60 39
45 61 50
45 62 53
45 63 42
45 64 47
45 65 61
45 66 56
45 67 32
45 68 53
45 69 45
45 70 49
45 71 50
45 72 75
45 76 33
45 79 44
45 83 52
45 87 40
45 91 44
45 92 48
45 93 42
45 94 48
45 98 65
46 0 35
46 1 36
46 2 50
46 3 60
46 4 43
46 5 50
46 6 36
46 7 43
46 8 36
46 9 51
46 10 49
46 11 61
46 12 61
46 13 56
46 14 55
46 15 44
46 16 49
46 17 62
46 18 53
46 19 41
46 20 59
46 21 53
46 22 44
46 23 53
46 24 51
46 25 51
46 26 53
46 27 38
46 28 43
46 29 53
46 30 34
46 31 39
46 32 46
46 33 53
46 34 29
46 35 48
46 36 39
46 37 42
46 38 51
46 39 61
46 40 56
46 41 46
46 42 41
46 43 44
46 44 48
46 45 62
46 46 99
46 47 55
46 48 51
46 49 52
46 50 55
46 51 60
46 52 55
46 53 47
46 54 58
46 55 44
46 56 41
46 57 54
46 58 56
46 59 32
46 60 44
46 61 46
46 62 48
46 63 38
46 64 53
46 65 70
46 66 44
46 67 22
46 68 52
46 69 37
46 70 35
46 71 31
46 72 45
46 76 31
46 79 48
46 83 52
46 87 47
46 91 41
46 92 46
46 93 43
46 94 55
46 98 55
47 0 30
47 1 30
47 2 49
47 3 58
47 4 35
47 5 46
47 6 28
47 7 38
47 8 36
47 9 43
47 10 55
47 11 58
47 12 50
47 13 52
47 14 51
47 15 37
47 16 48
47 17 51
47 18 51
47 19 39
47 20 50
47 21 41
47 22 44
47 23 37
47 24 39
47 25 35
47 26 41
47 27 32
47 28 34
47 29 51
47 30 24
47 31 29
47 32 44
47 33 53
47 34 28
47 35 46
47 36 38
47 37 41
47 38 49
47 39 50
47 40 53
47 41 50
47 42 53
47 43 46
47 44 42
47 45 70
47 46 55
47 47 99
47 48 49
47 49 49
47 50 63
47 51 53
47 52 62
47 53 52
47 54 55
47 55 60
47 56 42
47 57 47
47 58 54
47 59 29
47 60 25
47 61 47
47 62 53
47 63 38
47 64 42
47 65 57
47 66 35
47 67 21
47 68 42
47 69 26
47 70 35
47 71 34
47 72 55
47 76 28
47 79 43
47 83 41
47 87 34
47 91 41
47 92 39
47 93 41
47 94 60
47 98 56
48 0 44
48 1 37
48 2 45
48 3 57
48 4 40
48 5 44
48 6 47
48 7 48
48 8 40
48 9 48
48 10 48
48 11 57
48 12 52
48 13 50
48 14 45
48 15 42
48 16 52
48 17 52
48 18 42
48 19 43
48 20 50
48 21 51
48 22 57
48 23 50
48 24 65
48 25 50
48 26 43
48 27 38
48 28 54
48 29 57
48 30 37
48 31 50
48 32 46
48 33 44
48 34 26
48 35 63
48 36 33
48 37 40
48 38 43
48 39 46
48 40 44
48 41 43
48 42 32
48 43 29
48 44 47
48 45 54
48 46 51
48 47 49
48 48 100
48 49 49
48 50 54
48 51 63
48 52 48
48 53 52
48 54 54
48 55 46
48 56 47
48 57 47
48 58 49
48 59 27
48 60 35
48 61 42
48 62 46
48 63 40
48 64 48
48 65 49
48 66 49
48 67 32
48 68 49
48 69 63
48 70 49
48 71 40
48 72 38
48 76 18
48 79 36
48 83 42
48 87 47
48 91 35
48 92 37
48 93 25
48 94 29
48 98 58
49 0 30
49 1 32
49 2 43
49 3 54
49 4 42
49 5 41
49 6 35
49 7 54
49 8 47
49 9 45
49 10 53
49 11 63
49 12 64
49 13 52
49 14 53
49 15 43
49 16 55
49 17 55
49 18 62
49 19 50
49 20 54
49 21 53
49 22 47
49 23 62
49 24 59
49 25 45
49 26 51
49 27 33
49 28 49
49 29 59
49 30 43
49 31 48
49 32 45
49 33 44
49 34 24
49 35 51
49 36 33
49 37 46
49 38 41
49 39 54
49 40 47
49 41 43
49 42 33
49 43 43
49 44 41
49 45 49
49 46 52
49 47 49
49 48 49
49 49 99
49 50 47
49 51 65
49 52 51
49 53 43
49 54 56
49 55 36
49 56 31
49 57 32
49 58 38
49 59 23
49 60 43
49 61 45
49 62 50
49 63 45
49 64 50
49 65 63
49 66 45
49 67 26
49 68 52
49 69 41
49 70 33
49 71 22
49 72 32
49 76 31
49 79 41
49 83 42
49 87 50
49 91 33
49 92 35
49 93 29
49 94 41
49 98 43
50 0 53
50 1 40
50 2 50
50 3 72
50 4 46
50 5 55
50 6 51
50 7 51
50 8 41
50 9 60
50 10 59
50 11 66
50 12 61
50 13 59
50 14 46
50 15 37
50 16 57
50 17 44
50 18 43
50 19 41
50 20 55
50 21 59
50 22 57
50 23 47
50 24 48
50 25 64
50 26 52
50 27 46
50 28 52
50 29 66
50 30 39
50 31 40
50 32 60
50 33 61
50 34 42
50 35 62
50 36 53
50 37 54
50 38 52
50 39 65
50 40 57
50 41 55
50 42 48
50 43 37
50 44 59
50 45 73
50 46 55
50 47 63
50 48 54
50 49 47
50 50 99
50 51 67
50 52 71
50 53 69
50 54 56
50 55 66
50 56 60
50 57 61
50 58 56
50 59 35
50 60 35
50 61 43
50 62 46
50 63 51
50 64 47
50 65 51
50 66 49
50 67 27
50 68 54
50 69 53
50 70 46
50 71 48
50 72 59
50 76 21
50 79 37
50 83 42
50 87 42
50 91 36
50 92 34
50 93 33
50 94 34
50 98 58
51 0 44
51 1 41
51 2 55
51 3 63
51 4 44
51 5 50
51 6 52
51 7 57
51 8 45
51 9 52
51 10 62
51 11 69
51 12 66
51 13 55
51 14 51
51 15 39
51 16 62
51 17 57
51 18 52
51 19 53
51 20 61
51 21 57
51 22 62
51 23 63
51 24 73
51 25 64
51 26 64
51 27 53
51 28 55
51 29 70
51 30 58
51 31 63
51 32 60
51 33 59
51 34 40
51 35 71
51 36 51
51 37 51
51 38 56
51 39 66
51 40 52
51 41 56
51 42 41
51 43 43
51 44 57
51 45 67
51 46 60
51 47 53
51 48 63
51 49 65
51 50 67
51 51 99
51 52 69
51 53 56
51 54 60
51 55 54
51 56 44
51 57 49
51 58 47
51 59 24
51 60 44
51 61 48
51 62 47
51 63 45
51 64 47
51 65 59
51 66 60
51 67 36
51 68 59
51 69 64
51 70 46
51 71 37
51 72 44
51 76 18
51 79 42
51 83 43
51 87 50
51 91 34
51 92 36
51 93 29
51 94 33
51 98 58
52 0 47
52 1 41
52 2 51
52 3 58
52 4 39
52 5 49
52 6 53
52 7 51
52 8 40
52 9 55
52 10 60
52 11 59
52 12 58
52 13 53
52 14 46
52 15 29
52 16 58
52 17 52
52 18 49
52 19 44
52 20 54
52 21 53
52 22 59
52 23 49
52 24 49
52 25 60
52 26 56
52 27 46
52 28 46
52 29 62
52 30 41
52 31 38
52 32 61
52 33 56
52 34 39
52 35 56
52 36 49
52 37 47
52 38 51
52 39 66
52 40 53
52 41 53
52 42 43
52 43 46
52 44 55
52 45 66
52 46 55
52 47 62
52 48 48
52 49 51
52 50 71
52 51 69
52 52 100
52 53 57
52 54 55
52 55 58
52 56 50
52 57 51
52 58 48
52 59 28
52 60 43
52 61 49
52 62 46
52 63 46
52 64 49
52 65 51
52 66 48
52 67 29
52 68 53
52 69 49
52 70 39
52 71 43
52 72 54
52 76 23
52 79 43
52 83 38
52 87 34
52 91 33
52 92 34
52 93 40
52 94 46
52 98 54
53 0 39
53 1 32
53 2 43
53 3 57
53 4 37
53 5 41
53 6 43
53 7 47
53 8 35
53 9 46
53 10 47
53 11 57
53 12 53
53 13 47
53 14 47
53 15 41
53 16 51
53 17 41
53 18 40
53 19 39
53 20 47
53 21 47
53 22 44
53 23 36
53 24 41
53 25 48
53 26 41
53 27 34
53 28 42
53 29 55
53 30 36
53 31 30
53 32 47
53 33 48
53 34 47
53 35 59
53 36 47
53 37 48
53 38 43
53 39 53
53 40 53
53 41 48
53 42 36
53 43 34
53 44 48
53 45 63
53 46 47
53 47 52
53 48 52
53 49 43
53 50 69
53 51 56
53 52 57
53 53 99
53 54 56
53 55 53
53 56 50
53 57 48
53 58 47
53 59 37
53 60 29
53 61 38
53 62 37
53 63 41
53 64 39
53 65 44
53 66 38
53 67 30
53 68 47
53 69 44
53 70 46
53 71 44
53 72 55
53 76 28
53 79 31
53 83 46
53 87 33
53 91 41
53 92 31
53 93 35
53 94 33
53 98 51
54 0 36
54 1 31
54 2 46
54 3 74
54 4 54
54 5 51
54 6 33
54 7 45
54 8 31
54 9 48
54 10 47
54 11 66
54 12 68
54 13 56
54 14 56
54 15 42
54 16 57
54 17 63
54 18 56
54 19 47
54 20 56
54 21 55
54 22 41
54 23 43
54 24 50
54 25 38
54 26 40
54 27 27
54 28 41
54 29 56
54 30 33
54 31 30
54 32 39
54 33 58
54 34 26
54 35 47
54 36 31
54 37 49
54 38 50
54 39 60
54 40 60
54 41 47
54 42 43
54 43 43
54 44 41
54 45 55
54 46 58
54 47 55
54 48 54
54 49 56
54 50 56
54 51 60
54 52 55
54 53 56
54 54 100
54 55 46
54 56 41
54 57 44
54 58 53
54 59 43
54 60 36
54 61 52
54 62 53
54 63 45
54 64 57
54 65 68
54 66 44
54 67 29
54 68 49
54 69 31
54 70 42
54 71 34
54 72 47
54 76 33
54 79 51
54 83 52
54 87 38
54 91 42
54 92 49
54 93 40
54 94 43
54 98 57
55 0 44
55 1 35
55 2 42
55 3 54
55 4 33
55 5 44
55 6 43
55 7 43
55 8 32
55 9 53
55 10 49
55 11 58
55 12 47
55 13 54
55 14 44
55 15 32
55 16 47
55 17 44
55 18 37
55 19 38
55 20 44
55 21 48
55 22 49
55 23 36
55 24 39
55 25 49
55 26 43
55 27 37
55 28 40
55 29 49
55 30 26
55 31 26
55 32 53
55 33 54
55 34 38
55 35 52
55 36 51
55 37 49
55 38 55
55 39 60
55 40 53
55 41 49
55 42 54
55 43 40
55 44 48
55 45 73
55 46 44
55 47 60
55 48 46
55 49 36
55 50 66
55 51 54
55 52 58
55 53 53
55 54 46
55 55 99
55 56 64
55 57 71
55 58 58
55 59 33
55 60 32
55 61 44
55 62 42
55 63 39
55 64 38
55 65 47
55 66 44
55 67 22
55 68 39
55 69 45
55 70 43
55 71 49
55 72 68
55 76 25
55 79 34
55 83 38
55 87 34
55 91 39
55 92 38
55 93 31
55 94 37
55 98 60
56 0 52
56 1 33
56 2 36
56 3 51
56 4 27
56 5 36
56 6 50
56 7 42
56 8 30
56 9 52
56 10 45
56 11 52
56 12 41
56 13 48
56 14 34
56 15 28
56 16 39
56 17 41
56 18 34
56 19 24
56 20 42
56 21 40
56 22 51
56 23 34
56 24 37
56 25 51
56 26 44
56 27 36
56 28 49
56 29 45
56 30 26
56 31 27
56 32 50
56 33 46
56 34 36
56 35 52
56 36 52
56 37 38
56 38 47
56 39 52
56 40 46
56 41 43
56 42 43
56 43 35
56 44 46
56 45 56
56 46 41
56 47 42
56 48 47
56 49 31
56 50 60
56 51 44
56 52 50
56 53 50
56 54 41
56 55 64
56 56 100
56 57 73
56 58 58
56 59 35
56 60 32
56 61 46
56 62 43
56 63 42
56 64 41
56 65 40
56 66 38
56 67 24
56 68 39
56 69 45
56 70 38
56 71 52
56 72 61
56 76 22
56 79 35
56 83 38
56 87 32
56 91 38
56 92 36
56 93 31
56 94 35
56 98 52
57 0 50
57 1 38
57 2 43
57 3 57
57 4 36
57 5 45
57 6 49
57 7 44
57 8 32
57 9 58
57 10 47
57 11 58
57 12 50
57 13 56
57 14 46
57 15 35
57 16 42
57 17 44
57 18 40
57 19 30
57 20 47
57 21 47
57 22 54
57 23 39
57 24 40
57 25 55
57 26 49
57 27 44
57 28 49
57 29 50
57 30 25
57 31 31
57 32 54
57 33 50
57 34 35
57 35 56
57 36 48
57 37 41
57 38 53
57 39 60
57 40 52
57 41 44
57 42 46
57 43 39
57 44 44
57 45 64
57 46 54
57 47 47
57 48 47
57 49 32
57 50 61
57 51 49
57 52 51
57 53 48
57 54 44
57 55 71
57 56 73
57 57 100
57 58 64
57 59 41
57 60 34
57 61 50
57 62 47
57 63 37
57 64 40
57 65 52
57 66 49
57 67 27
57 68 42
57 69 49
57 70 45
57 71 59
57 72 63
57 76 30
57 79 36
57 83 39
57 87 36
57 91 46
57 92 47
57 93 31
57 94 38
57 98 61
58 0 34
58 1 30
58 2 47
58 3 59
58 4 41
58 5 50
58 6 39
58 7 31
58 8 28
58 9 53
58 10 42
58 11 62
58 12 52
58 13 62
58 14 54
58 15 40
58 16 43
58 17 54
58 18 51
58 19 31
58 20 52
58 21 47
58 22 42
58 23 30
58 24 35
58 25 41
58 26 35
58 27 36
58 28 31
58 29 47
58 30 21
58 31 27
58 32 42
58 33 50
58 34 24
58 35 44
58 36 40
58 37 40
58 38 51
58 39 45
58 40 58
58 41 41
58 42 47
58 43 49
58 44 36
58 45 68
58 46 56
58 47 54
58 48 49
58 49 38
58 50 56
58 51 47
58 52 48
58 53 47
58 54 53
58 55 58
58 56 58
58 57 64
58 58 99
58 59 49
58 60 33
58 61 53
58 62 62
58 63 39
58 64 43
58 65 66
58 66 41
58 67 29
58 68 39
58 69 33
58 70 40
58 71 55
58 72 64
58 76 41
58 79 48
58 83 41
58 87 37
58 91 56
58 92 50
58 93 41
58 94 49
58 98 63
59 0 29
59 1 15
59 2 27
59 3 42
59 4 30
59 5 28
59 6 24
59 7 26
59 8 25
59 9 41
59 10 27
59 11 45
59 12 33
59 13 33
59 14 32
59 15 32
59 16 29
59 17 25
59 18 30
59 19 21
59 20 32
59 21 35
59 22 22
59 23 23
59 24 15
59 25 25
59 26 27
59 27 16
59 28 20
59 29 28
59 30 14
59 31 15
59 32 29
59 33 29
59 34 24
59 35 30
59 36 29
59 37 33
59 38 45
59 39 35
59 40 41
59 41 34
59 42 42
59 43 24
59 44 24
59 45 39
59 46 32
59 47 29
59 48 27
59 49 23
59 50 35
59 51 24
59 52 28
59 53 37
59 54 43
59 55 33
59 56 35
59 57 41
59 58 49
59 59 99
59 60 23
59 61 42
59 62 35
59 63 37
59 64 29
59 65 35
59 66 27
59 67 25
59 68 31
59 69 12
59 70 31
59 71 39
59 72 55
59 76 37
59 79 40
59 83 36
59 87 25
59 91 42
59 92 38
59 93 34
59 94 26
59 98 41
60 0 46
60 1 30
60 2 34
60 3 42
60 4 37
60 5 36
60 6 46
60 7 39
60 8 33
60 9 58
60 10 36
60 11 46
60 12 40
60 13 44
60 14 40
60 15 29
60 16 51
60 17 35
60 18 33
60 19 37
60 20 54
60 21 47
60 22 43
60 23 40
60 24 38
60 25 48
60 26 55
60 27 33
60 28 31
60 29 42
60 30 28
60 31 36
60 32 34
60 33 40
60 34 30
60 35 36
60 36 30
60 37 45
60 38 50
60 39 48
60 40 41
60 41 31
60 42 32
60 43 34
60 44 33
60 45 39
60 46 44
60 47 25
60 48 35
60 49 43
60 50 35
60 51 44
60 52 43
60 53 29
60 54 36
60 55 32
60 56 32
60 57 34
60 58 33
60 59 23
60 60 100
60 61 39
60 62 28
60 63 32
60 64 44
60 65 39
60 66 52
60 67 22
60 68 49
60 69 34
60 70 31
60 71 28
60 72 28
60 76 13
60 79 32
60 83 26
60 87 29
60 91 25
60 92 34
60 93 27
60 94 27
60 98 41
61 0 39
61 1 34
61 2 56
61 3 50
61 4 33
61 5 35
61 6 38
61 7 35
61 8 27
61 9 54
61 10 48
61 11 54
61 12 47
61 13 47
61 14 46
61 15 36
61 16 48
61 17 51
61 18 50
61 19 31
61 20 47
61 21 43
61 22 48
61 23 38
61 24 45
61 25 46
61 26 43
61 27 37
61 28 35
61 29 50
61 30 29
61 31 26
61 32 43
61 33 57
61 34 31
61 35 47
61 36 35
61 37 40
61 38 43
61 39 52
61 40 49
61 41 40
61 42 39
61 43 39
61 44 35
61 45 50
61 46 46
61 47 47
61 48 42
61 49 45
61 50 43
61 51 48
61 52 49
61 53 38
61 54 52
61 55 44
61 56 46
61 57 50
61 58 53
61 59 42
61 60 39
61 61 100
61 62 57
61 63 54
61 64 52
61 65 59
61 66 35
61 67 24
61 68 38
61 69 39
61 70 35
61 71 47
61 72 54
61 76 31
61 79 52
61 83 37
61 87 31
61 91 38
61 92 49
61 93 40
61 94 46
61 98 59
62 0 31
62 1 26
62 2 41
62 3 53
62 4 34
62 5 36
62 6 31
62 7 35
62 8 34
62 9 50
62 10 41
62 11 54
62 12 49
62 13 46
62 14 45
62 15 41
62 16 48
62 17 60
62 18 64
62 19 37
62 20 48
62 21 40
62 22 43
62 23 40
62 24 38
62 25 37
62 26 37
62 27 28
62 28 37
62 29 46
62 30 27
62 31 28
62 32 40
62 33 48
62 34 17
62 35 43
62 36 32
62 37 36
62 38 39
62 39 45
62 40 45
62 41 41
62 42 41
62 43 46
62 44 39
62 45 53
62 46 48
62 47 53
62 48 46
62 49 50
62 50 46
62 51 47
62 52 46
62 53 37
62 54 53
62 55 42
62 56 43
62 57 47
62 58 62
62 59 35
62 60 28
62 61 57
62 62 99
62 63 46
62 64 53
62 65 65
62 66 35
62 67 28
62 68 39
62 69 33
62 70 33
62 71 39
62 72 45
62 76 45
62 79 58
62 83 38
62 87 40
62 91 36
62 92 46
62 93 34
62 94 52
62 98 59
63 0 40
63 1 33
63 2 38
63 3 47
63 4 33
63 5 34
63 6 40
63 7 37
63 8 34
63 9 51
63 10 46
63 11 55
63 12 46
63 13 45
63 14 42
63 15 36
63 16 44
63 17 41
63 18 50
63 19 39
63 20 39
63 21 42
63 22 43
63 23 41
63 24 38
63 25 45
63 26 41
63 27 34
63 28 42
63 29 46
63 30 32
63 31 28
63 32 46
63 33 54
63 34 37
63 35 42
63 36 38
63 37 41
63 38 42
63 39 57
63 40 49
63 41 36
63 42 37
63 43 32
63 44 42
63 45 42
63 46 38
63 47 38
63 48 40
63 49 45
63 50 51
63 51 45
63 52 46
63 53 41
63 54 45
63 55 39
63 56 42
63 57 37
63 58 39
63 59 37
63 60 32
63 61 54
63 62 46
63 63 100
63 64 50
63 65 48
63 66 35
63 67 22
63 68 43
63 69 40
63 70 31
63 71 39
63 72 42
63 76 24
63 79 46
63 83 33
63 87 32
63 91 26
63 92 34
63 93 24
63 94 34
63 98 50
64 0 34
64 1 28
64 2 40
64 3 54
64 4 47
64 5 42
64 6 31
64 7 45
64 8 36
64 9 48
64 10 40
64 11 54
64 12 53
64 13 48
64 14 41
64 15 41
64 16 56
64 17 56
64 18 58
64 19 44
64 20 54
64 21 50
64 22 39
64 23 40
64 24 43
64 25 44
64 26 44
64 27 29
64 28 45
64 29 51
64 30 31
64 31 34
64 32 45
64 33 48
64 34 24
64 35 38
64 36 33
64 37 44
64 38 43
64 39 49
64 40 47
64 41 38
64 42 31
64 43 41
64 44 40
64 45 47
64 46 53
64 47 42
64 48 48
64 49 50
64 50 47
64 51 47
64 52 49
64 53 39
64 54 57
64 55 38
64 56 41
64 57 40
64 58 43
64 59 29
64 60 44
64 61 52
64 62 53
64 63 50
64 64 100
64 65 58
64 66 40
64 67 23
64 68 43
64 69 32
64 70 31
64 71 32
64 72 38
64 76 30
64 79 62
64 83 48
64 87 35
64 91 29
64 92 44
64 93 38
64 94 44
64 98 52
65 0 32
65 1 36
65 2 46
65 3 67
65 4 46
65 5 55
65 6 28
65 7 51
65 8 40
65 9 54
65 10 48
65 11 71
65 12 65
65 13 63
65 14 66
65 15 48
65 16 59
65 17 68
65 18 68
65 19 50
65 20 64
65 21 53
65 22 43
65 23 48
65 24 48
65 25 40
65 26 46
65 27 31
65 28 39
65 29 53
65 30 38
65 31 36
65 32 41
65 33 57
65 34 26
65 35 46
65 36 36
65 37 48
65 38 45
65 39 56
65 40 55
65 41 42
65 42 40
65 43 47
65 44 37
65 45 61
65 46 70
65 47 57
65 48 49
65 49 63
65 50 51
65 51 59
65 52 51
65 53 44
65 54 68
65 55 47
65 56 40
65 57 52
65 58 66
65 59 35
65 60 39
65 61 59
65 62 65
65 63 48
65 64 58
65 65 100
65 66 46
65 67 26
65 68 49
65 69 32
65 70 37
65 71 37
65 72 44
65 76 39
65 79 52
65 83 53
65 87 47
65 91 46
65 92 50
65 93 38
65 94 55
65 98 63
66 0 52
66 1 44
66 2 39
66 3 53
66 4 37
66 5 50
66 6 52
66 7 57
66 8 51
66 9 55
66 10 54
66 11 59
66 12 44
66 13 59
66 14 41
66 15 32
66 16 46
66 17 41
66 18 39
66 19 43
66 20 53
66 21 42
66 22 54
66 23 53
66 24 53
66 25 52
66 26 64
66 27 48
66 28 53
66 29 47
66 30 53
66 31 44
66 32 47
66 33 43
66 34 33
66 35 49
66 36 41
66 37 49
66 38 52
66 39 47
66 40 48
66 41 44
66 42 43
66 43 39
66 44 40
66 45 56
66 46 44
66 47 35
66 48 49
66 49 45
66 50 49
66 51 60
66 52 48
66 53 38
66 54 44
66 55 44
66 56 38
66 57 49
66 58 41
66 59 27
66 60 52
66 61 35
66 62 35
66 63 35
66 64 40
66 65 46
66 66 100
66 67 56
66 68 69
66 69 41
66 70 38
66 71 32
66 72 38
66 76 21
66 79 36
66 83 35
66 87 41
66 91 29
66 92 32
66 93 21
66 94 26
66 98 47
67 0 19
67 1 26
67 2 20
67 3 31
67 4 22
67 5 26
67 6 23
67 7 30
67 8 30
67 9 30
67 10 28
67 11 37
67 12 28
67 13 29
67 14 23
67 15 21
67 16 19
67 17 29
67 18 32
67 19 23
67 20 29
67 21 24
67 22 30
67 23 26
67 24 37
67 25 24
67 26 27
67 27 28
67 28 31
67 29 28
67 30 32
67 31 27
67 32 30
67 33 22
67 34 19
67 35 34
67 36 24
67 37 25
67 38 27
67 39 21
67 40 28
67 41 30
67 42 27
67 43 30
67 44 27
67 45 32
67 46 22
67 47 21
67 48 32
67 49 26
67 50 27
67 51 36
67 52 29
67 53 30
67 54 29
67 55 22
67 56 24
67 57 27
67 58 29
67 59 25
67 60 22
67 61 24
67 62 28
67 63 22
67 64 23
67 65 26
67 66 56
67 67 99
67 68 51
67 69 24
67 70 29
67 71 24
67 72 27
67 76 13
67 79 28
67 83 28
67 87 26
67 91 29
67 92 25
67 93 14
67 94 20
67 98 29
68 0 41
68 1 37
68 2 41
68 3 52
68 4 44
68 5 51
68 6 39
68 7 53
68 8 45
68 9 51
68 10 53
68 11 60
68 12 52
68 13 56
68 14 45
68 15 35
68 16 54
68 17 43
68 18 44
68 19 46
68 20 55
68 21 50
68 22 49
68 23 54
68 24 52
68 25 49
68 26 53
68 27 36
68 28 43
68 29 58
68 30 54
68 31 43
68 32 53
68 33 47
68 34 33
68 35 55
68 36 39
68 37 54
68 38 48
68 39 54
68 40 45
68 41 43
68 42 43
68 43 39
68 44 40
68 45 53
68 46 52
68 47 42
68 48 49
68 49 52
68 50 54
68 51 59
68 52 53
68 53 47
68 54 49
68 55 39
68 56 39
68 57 42
68 58 39
68 59 31
68 60 49
68 61 38
68 62 39
68 63 43
68 64 43
68 65 49
68 66 69
68 67 51
68 68 99
68 69 39
68 70 43
68 71 25
68 72 36
68 76 23
68 79 40
68 83 45
68 87 48
68 91 36
68 92 34
68 93 32
68 94 29
68 98 46
69 0 49
69 1 40
69 2 40
69 3 42
69 4 26
69 5 33
69 6 56
69 7 41
69 8 28
69 9 49
69 10 44
69 11 48
69 12 43
69 13 34
69 14 30
69 15 27
69 16 49
69 17 34
69 18 27
69 19 32
69 20 38
69 21 42
69 22 61
69 23 45
69 24 63
69 25 55
69 26 43
69 27 45
69 28 52
69 29 53
69 30 43
69 31 51
69 32 48
69 33 41
69 34 28
69 35 67
69 36 39
69 37 34
69 38 33
69 39 50
69 40 35
69 41 37
69 42 22
69 43 23
69 44 46
69 45 45
69 46 37
69 47 26
69 48 63
69 49 41
69 50 53
69 51 64
69 52 49
69 53 44
69 54 31
69 55 45
69 56 45
69 57 49
69 58 33
69 59 12
69 60 34
69 61 39
69 62 33
69 63 40
69 64 32
69 65 32
69 66 41
69 67 24
69 68 39
69 69 100
69 70 45
69 71 50
69 72 38
69 76 9
69 79 23
69 83 23
69 87 46
69 91 24
69 92 24
69 93 19
69 94 20
69 98 50
70 0 39
70 1 32
70 2 29
70 3 42
70 4 28
70 5 40
70 6 41
70 7 39
70 8 24
70 9 45
70 10 37
70 11 50
70 12 44
70 13 41
70 14 40
70 15 31
70 16 42
70 17 32
70 18 24
70 19 30
70 20 36
70 21 41
70 22 43
70 23 31
70 24 37
70 25 45
70 26 33
70 27 37
70 28 36
70 29 48
70 30 29
70 31 30
70 32 39
70 33 42
70 34 28
70 35 53
70 36 34
70 37 43
70 38 33
70 39 40
70 40 37
70 41 35
70 42 34
70 43 26
70 44 40
70 45 49
70 46 35
70 47 35
70 48 49
70 49 33
70 50 46
70 51 46
70 52 39
70 53 46
70 54 42
70 55 43
70 56 38
70 57 45
70 58 40
70 59 31
70 60 31
70 61 35
70 62 33
70 63 31
70 64 31
70 65 37
70 66 38
70 67 29
70 68 43
70 69 45
70 70 99
70 71 43
70 72 43
70 76 20
70 79 28
70 83 29
70 87 24
70 91 37
70 92 36
70 93 30
70 94 22
70 98 56
71 0 43
71 1 35
71 2 31
71 3 41
71 4 21
71 5 38
71 6 50
71 7 31
71 8 27
71 9 64
71 10 35
71 11 55
71 12 31
71 13 46
71 14 41
71 15 49
71 16 37
71 17 34
71 18 35
71 19 24
71 20 39
71 21 45
71 22 46
71 23 22
71 24 31
71 25 44
71 26 37
71 27 39
71 28 38
71 29 37
71 30 20
71 31 20
71 32 43
71 33 44
71 34 30
71 35 50
71 36 38
71 37 30
71 38 42
71 39 40
71 40 38
71 41 32
71 42 33
71 43 32
71 44 33
71 45 50
71 46 31
71 47 34
71 48 40
71 49 22
71 50 48
71 51 37
71 52 43
71 53 44
71 54 34
71 55 49
71 56 52
71 57 59
71 58 55
71 59 39
71 60 28
71 61 47
71 62 39
71 63 39
71 64 32
71 65 37
71 66 32
71 67 24
71 68 25
71 69 50
71 70 43
71 71 100
71 72 66
71 76 26
71 79 28
71 83 28
71 87 22
71 91 68
71 92 49
71 93 46
71 94 44
71 98 70
72 0 53
72 1 41
72 2 48
72 3 48
72 4 35
72 5 39
72 6 49
72 7 44
72 8 36
72 9 65
72 10 55
72 11 60
72 12 45
72 13 50
72 14 41
72 15 43
72 16 37
72 17 46
72 18 43
72 19 30
72 20 40
72 21 47
72 22 51
72 23 33
72 24 35
72 25 48
72 26 49
72 27 45
72 28 44
72 29 45
72 30 28
72 31 23
72 32 53
72 33 55
72 34 45
72 35 53
72 36 58
72 37 51
72 38 52
72 39 49
72 40 54
72 41 47
72 42 53
72 43 43
72 44 38
72 45 75
72 46 45
72 47 55
72 48 38
72 49 32
72 50 59
72 51 44
72 52 54
72 53 55
72 54 47
72 55 68
72 56 61
72 57 63
72 58 64
72 59 55
72 60 28
72 61 54
72 62 45
72 63 42
72 64 38
72 65 44
72 66 38
72 67 27
72 68 36
72 69 38
72 70 43
72 71 66
72 72 99
72 76 38
72 79 40
72 83 40
72 87 28
72 91 52
72 92 47
72 93 49
72 94 50
72 98 62
76 0 17
76 1 15
76 2 19
76 3 25
76 4 14
76 5 22
76 6 12
76 7 19
76 8 22
76 9 33
76 10 19
76 11 30
76 12 26
76 13 29
76 14 32
76 15 27
76 16 19
76 17 39
76 18 39
76 19 20
76 20 24
76 21 25
76 22 18
76 23 20
76 24 14
76 25 17
76 26 16
76 27 10
76 28 24
76 29 15
76 30 20
76 31 4
76 32 21
76 33 21
76 34 12
76 35 17
76 36 24
76 37 25
76 38 24
76 39 28
76 40 29
76 41 24
76 42 28
76 43 35
76 44 13
76 45 33
76 46 31
76 47 28
76 48 18
76 49 31
76 50 21
76 51 18
76 52 23
76 53 28
76 54 33
76 55 25
76 56 22
76 57 30
76 58 41
76 59 37
76 60 13
76 61 31
76 62 45
76 63 24
76 64 30
76 65 39
76 66 21
76 67 13
76 68 23
76 69 9
76 70 20
76 71 26
76 72 38
76 76 100
76 79 44
76 83 38
76 87 20
76 91 26
76 92 31
76 93 32
76 94 40
76 98 32
79 0 23
79 1 17
79 2 35
79 3 43
79 4 37
79 5 36
79 6 20
79 7 29
79 8 31
79 9 45
79 10 36
79 11 51
79 12 48
79 13 43
79 14 39
79 15 33
79 16 36
79 17 55
79 18 52
79 19 39
79 20 41
79 21 41
79 22 30
79 23 33
79 24 35
79 25 34
79 26 34
79 27 22
79 28 33
79 29 41
79 30 29
79 31 24
79 32 39
79 33 45
79 34 24
79 35 27
79 36 31
79 37 39
79 38 43
79 39 46
79 40 48
79 41 37
79 42 37
79 43 37
79 44 35
79 45 44
79 46 48
79 47 43
79 48 36
79 49 41
79 50 37
79 51 42
79 52 43
79 53 31
79 54 51
79 55 34
79 56 35
79 57 36
79 58 48
79 59 40
79 60 32
79 61 52
79 62 58
79 63 46
79 64 62
79 65 52
79 66 36
79 67 28
79 68 40
79 69 23
79 70 28
79 71 28
79 72 40
79 76 44
79 79 100
79 83 38
79 87 41
79 91 29
79 92 44
79 93 46
79 94 47
79 98 49
83 0 24
83 1 31
83 2 32
83 3 53
83 4 38
83 5 34
83 6 22
83 7 35
83 8 27
83 9 37
83 10 35
83 11 58
83 12 45
83 13 38
83 14 39
83 15 34
83 16 34
83 17 58
83 18 46
83 19 32
83 20 51
83 21 39
83 22 35
83 23 40
83 24 33
83 25 36
83 26 32
83 27 25
83 28 32
83 29 48
83 30 32
83 31 23
83 32 39
83 33 38
83 34 34
83 35 44
83 36 29
83 37 36
83 38 39
83 39 45
83 40 38
83 41 42
83 42 37
83 43 36
83 44 30
83 45 52
83 46 52
83 47 41
83 48 42
83 49 42
83 50 42
83 51 43
83 52 38
83 53 46
83 54 52
83 55 38
83 56 38
83 57 39
83 58 41
83 59 36
83 60 26
83 61 37
83 62 38
83 63 33
83 64 48
83 65 53
83 66 35
83 67 28
83 68 45
83 69 23
83 70 29
83 71 28
83 72 40
83 76 38
83 79 38
83 83 100
83 87 34
83 91 39
83 92 41
83 93 36
83 94 39
83 98 41
87 0 21
87 1 16
87 2 34
87 3 37
87 4 39
87 5 28
87 6 26
87 7 42
87 8 37
87 9 37
87 10 34
87 11 49
87 12 48
87 13 39
87 14 34
87 15 34
87 16 43
87 17 39
87 18 40
87 19 32
87 20 50
87 21 42
87 22 33
87 23 41
87 24 43
87 25 31
87 26 36
87 27 19
87 28 31
87 29 43
87 30 33
87 31 35
87 32 35
87 33 29
87 34 19
87 35 46
87 36 23
87 37 28
87 38 31
87 39 38
87 40 32
87 41 26
87 42 27
87 43 22
87 44 32
87 45 40
87 46 47
87 47 34
87 48 47
87 49 50
87 50 42
87 51 50
87 52 34
87 53 33
87 54 38
87 55 34
87 56 32
87 57 36
87 58 37
87 59 25
87 60 29
87 61 31
87 62 40
87 63 32
87 64 35
87 65 47
87 66 41
87 67 26
87 68 48
87 69 46
87 70 24
87 71 22
87 72 28
87 76 20
87 79 41
87 83 34
87 87 100
87 91 36
87 92 31
87 93 25
87 94 29
87 98 39
91 0 20
91 1 22
91 2 30
91 3 42
91 4 30
91 5 42
91 6 22
91 7 30
91 8 26
91 9 49
91 10 28
91 11 55
91 12 37
91 13 47
91 14 48
91 15 60
91 16 32
91 17 39
91 18 40
91 19 25
91 20 45
91 21 43
91 22 26
91 23 23
91 24 30
91 25 23
91 26 27
91 27 21
91 28 21
91 29 36
91 30 18
91 31 23
91 32 29
91 33 35
91 34 25
91 35 43
91 36 21
91 37 30
91 38 43
91 39 33
91 40 37
91 41 39
91 42 33
91 43 32
91 44 22
91 45 44
91 46 41
91 47 41
91 48 35
91 49 33
91 50 36
91 51 34
91 52 33
91 53 41
91 54 42
91 55 39
91 56 38
91 57 46
91 58 56
91 59 42
91 60 25
91 61 38
91 62 36
91 63 26
91 64 29
91 65 46
91 66 29
91 67 29
91 68 36
91 69 24
91 70 37
91 71 68
91 72 52
91 76 26
91 79 29
91 83 39
91 87 36
91 91 100
91 92 48
91 93 57
91 94 54
91 98 54
92 0 24
92 1 29
92 2 29
92 3 45
92 4 32
92 5 46
92 6 26
92 7 29
92 8 24
92 9 50
92 10 30
92 11 52
92 12 42
92 13 48
92 14 64
92 15 44
92 16 38
92 17 49
92 18 45
92 19 28
92 20 48
92 21 45
92 22 31
92 23 29
92 24 34
92 25 34
92 26 35
92 27 29
92 28 27
92 29 36
92 30 20
92 31 21
92 32 30
92 33 42
92 34 27
92 35 37
92 36 25
92 37 32
92 38 39
92 39 38
92 40 42
92 41 38
92 42 37
92 43 40
92 44 27
92 45 48
92 46 46
92 47 39
92 48 37
92 49 35
92 50 34
92 51 36
92 52 34
92 53 31
92 54 49
92 55 38
92 56 36
92 57 47
92 58 50
92 59 38
92 60 34
92 61 49
92 62 46
92 63 34
92 64 44
92 65 50
92 66 32
92 67 25
92 68 34
92 69 24
92 70 36
92 71 49
92 72 47
92 76 31
92 79 44
92 83 41
92 87 31
92 91 48
92 92 100
92 93 56
92 94 43
92 98 64
93 0 21
93 1 22
93 2 31
93 3 35
93 4 28
93 5 38
93 6 20
93 7 22
93 8 18
93 9 41
93 10 28
93 11 42
93 12 34
93 13 42
93 14 42
93 15 37
93 16 26
93 17 38
93 18 38
93 19 22
93 20 39
93 21 37
93 22 21
93 23 19
93 24 24
93 25 26
93 26 28
93 27 16
93 28 20
93 29 29
93 30 17
93 31 12
93 32 29
93 33 35
93 34 24
93 35 24
93 36 22
93 37 33
93 38 34
93 39 30
93 40 39
93 41 41
93 42 27
93 43 30
93 44 24
93 45 42
93 46 43
93 47 41
93 48 25
93 49 29
93 50 33
93 51 29
93 52 40
93 53 35
93 54 40
93 55 31
93 56 31
93 57 31
93 58 41
93 59 34
93 60 27
93 61 40
93 62 34
93 63 24
93 64 38
93 65 38
93 66 21
93 67 14
93 68 32
93 69 19
93 70 30
93 71 46
93 72 49
93 76 32
93 79 46
93 83 36
93 87 25
93 91 57
93 92 56
93 93 100
93 94 57
93 98 49
94 0 21
94 1 26
94 2 42
94 3 42
94 4 21
94 5 33
94 6 21
94 7 27
94 8 28
94 9 42
94 10 39
94 11 48
94 12 34
94 13 44
94 14 46
94 15 44
94 16 30
94 17 50
94 18 55
94 19 31
94 20 44
94 21 31
94 22 34
94 23 30
94 24 28
94 25 26
94 26 33
94 27 22
94 28 24
94 29 32
94 30 18
94 31 16
94 32 36
94 33 44
94 34 19
94 35 31
94 36 25
94 37 30
94 38 39
94 39 36
94 40 41
94 41 37
94 42 39
94 43 47
94 44 23
94 45 48
94 46 55
94 47 60
94 48 29
94 49 41
94 50 34
94 51 33
94 52 46
94 53 33
94 54 43
94 55 37
94 56 35
94 57 38
94 58 49
94 59 26
94 60 27
94 61 46
94 62 52
94 63 34
94 64 44
94 65 55
94 66 26
94 67 20
94 68 29
94 69 20
94 70 22
94 71 44
94 72 50
94 76 40
94 79 47
94 83 39
94 87 29
94 91 54
94 92 43
94 93 57
94 94 100
94 98 48
98 0 47
98 1 40
98 2 42
98 3 57
98 4 38
98 5 50
98 6 47
98 7 45
98 8 37
98 9 62
98 10 45
98 11 69
98 12 56
98 13 60
98 14 61
98 15 52
98 16 60
98 17 59
98 18 55
98 19 46
98 20 56
98 21 55
98 22 53
98 23 41
98 24 51
98 25 51
98 26 51
98 27 46
98 28 43
98 29 53
98 30 37
98 31 33
98 32 48
98 33 56
98 34 34
98 35 59
98 36 39
98 37 44
98 38 46
98 39 54
98 40 49
98 41 43
98 42 42
98 43 43
98 44 44
98 45 65
98 46 55
98 47 56
98 48 58
98 49 43
98 50 58
98 51 58
98 52 54
98 53 51
98 54 57
98 55 60
98 56 52
98 57 61
98 58 63
98 59 41
98 60 41
98 61 59
98 62 59
98 63 50
98 64 52
98 65 63
98 66 47
98 67 29
98 68 46
98 69 50
98 70 56
98 71 70
98 72 62
98 76 32
98 79 49
98 83 41
98 87 39
98 91 54
98 92 64
98 93 49
98 94 48
98 98 100
