0 0 100
0 1 41
0 2 58
0 3 57
0 4 75
0 5 60
0 6 68
0 7 55
0 8 52
0 9 38
0 10 62
0 11 69
0 12 59
0 13 52
0 14 51
0 15 57
0 16 58
0 17 57
0 18 60
0 19 52
0 20 48
0 21 48
0 22 46
0 23 41
0 24 37
0 25 56
0 26 50
0 27 29
0 28 65
0 29 55
0 30 54
0 31 49
0 32 49
0 33 65
0 34 45
0 35 57
0 36 49
0 37 39
0 38 27
0 39 26
0 40 43
0 41 40
0 42 37
1 0 41
1 1 99
1 2 56
1 3 38
1 4 32
1 5 32
1 6 33
1 7 44
1 8 30
1 9 39
1 10 43
1 11 48
1 12 47
1 13 42
1 14 44
1 15 42
1 16 51
1 17 36
1 18 36
1 19 42
1 20 71
1 21 46
1 22 33
1 23 32
1 24 32
1 25 40
1 26 45
1 27 31
1 28 50
1 29 41
1 30 47
1 31 35
1 32 55
1 33 63
1 34 46
1 35 32
1 36 28
1 37 33
1 38 21
1 39 30
1 40 36
1 41 58
1 42 44
2 0 58
2 1 56
2 2 100
2 3 59
2 4 56
2 5 39
2 6 47
2 7 53
2 8 35
2 9 45
2 10 50
2 11 64
2 12 59
2 13 54
2 14 48
2 15 51
2 16 62
2 17 47
2 18 44
2 19 54
2 20 61
2 21 69
2 22 46
2 23 43
2 24 36
2 25 44
2 26 50
2 27 30
2 28 65
2 29 47
2 30 52
2 31 46
2 32 51
2 33 76
2 34 63
2 35 61
2 36 76
2 37 80
2 38 52
2 39 37
2 40 72
2 41 69
2 42 45
3 0 57
3 1 38
3 2 59
3 3 100
3 4 56
3 5 47
3 6 51
3 7 53
3 8 51
3 9 36
3 10 59
3 11 76
3 12 54
3 13 55
3 14 42
3 15 59
3 16 61
3 17 59
3 18 50
3 19 52
3 20 49
3 21 54
3 22 36
3 23 49
3 24 33
3 25 49
3 26 45
3 27 26
3 28 59
3 29 48
3 30 52
3 31 46
3 32 49
3 33 65
3 34 43
3 35 59
3 36 41
3 37 50
3 38 38
3 39 29
3 40 46
3 41 42
3 42 42
4 0 75
4 1 32
4 2 56
4 3 56
4 4 99
4 5 50
4 6 50
4 7 46
4 8 45
4 9 30
4 10 53
4 11 61
4 12 53
4 13 44
4 14 42
4 15 44
4 16 53
4 17 47
4 18 47
4 19 45
4 20 39
4 21 45
4 22 45
4 23 41
4 24 21
4 25 42
4 26 39
4 27 25
4 28 54
4 29 49
4 30 43
4 31 35
4 32 34
4 33 55
4 34 39
4 35 57
4 36 53
4 37 41
4 38 31
4 39 24
4 40 42
4 41 38
4 42 26
5 0 60
5 1 32
5 2 39
5 3 47
5 4 50
5 5 99
5 6 55
5 7 43
5 8 51
5 9 27
5 10 48
5 11 58
5 12 40
5 13 41
5 14 33
5 15 51
5 16 52
5 17 50
5 18 46
5 19 45
5 20 41
5 21 41
5 22 35
5 23 36
5 24 25
5 25 40
5 26 43
5 27 20
5 28 55
5 29 49
5 30 47
5 31 37
5 32 44
5 33 48
5 34 35
5 35 42
5 36 35
5 37 30
5 38 13
5 39 25
5 40 28
5 41 28
5 42 22
6 0 68
6 1 33
6 2 47
6 3 51
6 4 50
6 5 55
6 6 99
6 7 52
6 8 60
6 9 45
6 10 64
6 11 56
6 12 54
6 13 51
6 14 54
6 15 47
6 16 51
6 17 58
6 18 58
6 19 69
6 20 40
6 21 52
6 22 55
6 23 44
6 24 36
6 25 58
6 26 55
6 27 31
6 28 66
6 29 66
6 30 55
6 31 52
6 32 57
6 33 57
6 34 38
6 35 49
6 36 34
6 37 31
6 38 28
6 39 27
6 40 34
6 41 44
6 42 36
7 0 55
7 1 44
7 2 53
7 3 53
7 4 46
7 5 43
7 6 52
7 7 100
7 8 50
7 9 42
7 10 61
7 11 55
7 12 68
7 13 49
7 14 56
7 15 57
7 16 64
7 17 59
7 18 50
7 19 60
7 20 47
7 21 60
7 22 47
7 23 55
7 24 49
7 25 57
7 26 65
7 27 37
7 28 64
7 29 60
7 30 69
7 31 49
7 32 67
7 33 70
7 34 40
7 35 41
7 36 36
7 37 38
7 38 26
7 39 26
7 40 41
7 41 48
7 42 66
8 0 52
8 1 30
8 2 35
8 3 51
8 4 45
8 5 51
8 6 60
8 7 50
8 8 99
8 9 42
8 10 54
8 11 49
8 12 56
8 13 41
8 14 53
8 15 38
8 16 46
8 17 53
8 18 48
8 19 62
8 20 37
8 21 53
8 22 55
8 23 45
8 24 36
8 25 52
8 26 55
8 27 38
8 28 55
8 29 68
8 30 49
8 31 37
8 32 48
8 33 45
8 34 38
8 35 42
8 36 23
8 37 24
8 38 21
8 39 29
8 40 23
8 41 38
8 42 32
9 0 38
9 1 39
9 2 45
9 3 36
9 4 30
9 5 27
9 6 45
9 7 42
9 8 42
9 9 100
9 10 37
9 11 37
9 12 47
9 13 38
9 14 65
9 15 16
9 16 29
9 17 21
9 18 31
9 19 60
9 20 32
9 21 62
9 22 67
9 23 32
9 24 22
9 25 39
9 26 48
9 27 55
9 28 42
9 29 63
9 30 40
9 31 29
9 32 34
9 33 43
9 34 38
9 35 35
9 36 23
9 37 26
9 38 20
9 39 35
9 40 26
9 41 56
9 42 23
10 0 62
10 1 43
10 2 50
10 3 59
10 4 53
10 5 48
10 6 64
10 7 61
10 8 54
10 9 37
10 10 100
10 11 64
10 12 58
10 13 46
10 14 49
10 15 51
10 16 58
10 17 57
10 18 67
10 19 62
10 20 49
10 21 53
10 22 46
10 23 61
10 24 47
10 25 63
10 26 65
10 27 36
10 28 70
10 29 63
10 30 61
10 31 49
10 32 59
10 33 60
10 34 42
10 35 44
10 36 33
10 37 36
10 38 25
10 39 30
10 40 38
10 41 46
10 42 42
11 0 69
11 1 48
11 2 64
11 3 76
11 4 61
11 5 58
11 6 56
11 7 55
11 8 49
11 9 37
11 10 64
11 11 100
11 12 61
11 13 59
11 14 46
11 15 69
11 16 72
11 17 61
11 18 52
11 19 54
11 20 57
11 21 55
11 22 40
11 23 47
11 24 36
11 25 52
11 26 52
11 27 26
11 28 68
11 29 53
11 30 55
11 31 49
11 32 56
11 33 68
11 34 52
11 35 63
11 36 48
11 37 52
11 38 30
11 39 31
11 40 45
11 41 44
11 42 39
12 0 59
12 1 47
12 2 59
12 3 54
12 4 53
12 5 40
12 6 54
12 7 68
12 8 56
12 9 47
12 10 58
12 11 61
12 12 100
12 13 54
12 14 60
12 15 55
12 16 64
12 17 52
12 18 57
12 19 69
12 20 52
12 21 65
12 22 53
12 23 60
12 24 47
12 25 52
12 26 64
12 27 38
12 28 67
12 29 65
12 30 70
12 31 49
12 32 62
12 33 64
12 34 48
12 35 52
12 36 38
12 37 40
12 38 35
12 39 36
12 40 48
12 41 52
12 42 64
13 0 52
13 1 42
13 2 54
13 3 55
13 4 44
13 5 41
13 6 51
13 7 49
13 8 41
13 9 38
13 10 46
13 11 59
13 12 54
13 13 100
13 14 53
13 15 51
13 16 52
13 17 38
13 18 35
13 19 52
13 20 49
13 21 53
13 22 44
13 23 35
13 24 35
13 25 46
13 26 44
13 27 34
13 28 56
13 29 50
13 30 47
13 31 43
13 32 44
13 33 55
13 34 37
13 35 46
13 36 40
13 37 40
13 38 23
13 39 28
13 40 34
13 41 43
13 42 34
14 0 51
14 1 44
14 2 48
14 3 42
14 4 42
14 5 33
14 6 54
14 7 56
14 8 53
14 9 65
14 10 49
14 11 46
14 12 60
14 13 53
14 14 99
14 15 30
14 16 44
14 17 39
14 18 47
14 19 68
14 20 42
14 21 61
14 22 67
14 23 38
14 24 27
14 25 53
14 26 59
14 27 47
14 28 50
14 29 70
14 30 54
14 31 38
14 32 48
14 33 49
14 34 45
14 35 40
14 36 29
14 37 27
14 38 26
14 39 27
14 40 30
14 41 53
14 42 30
15 0 57
15 1 42
15 2 51
15 3 59
15 4 44
15 5 51
15 6 47
15 7 57
15 8 38
15 9 16
15 10 51
15 11 69
15 12 55
15 13 51
15 14 30
15 15 99
15 16 75
15 17 57
15 18 42
15 19 41
15 20 55
15 21 43
15 22 23
15 23 44
15 24 38
15 25 44
15 26 48
15 27 17
15 28 67
15 29 42
15 30 57
15 31 43
15 32 60
15 33 63
15 34 41
15 35 47
15 36 41
15 37 44
15 38 24
15 39 30
15 40 40
15 41 34
15 42 52
16 0 58
16 1 51
16 2 62
16 3 61
16 4 53
16 5 52
16 6 51
16 7 64
16 8 46
16 9 29
16 10 58
16 11 72
16 12 64
16 13 52
16 14 44
16 15 75
16 16 99
16 17 61
16 18 45
16 19 52
16 20 62
16 21 57
16 22 40
16 23 56
16 24 39
16 25 54
16 26 60
16 27 26
16 28 71
16 29 55
16 30 65
16 31 43
16 32 65
16 33 66
16 34 53
16 35 51
16 36 43
16 37 51
16 38 27
16 39 29
16 40 45
16 41 45
16 42 51
17 0 57
17 1 36
17 2 47
17 3 59
17 4 47
17 5 50
17 6 58
17 7 59
17 8 53
17 9 21
17 10 57
17 11 61
17 12 52
17 13 38
17 14 39
17 15 57
17 16 61
17 17 99
17 18 52
17 19 47
17 20 47
17 21 45
17 22 31
17 23 48
17 24 43
17 25 47
17 26 53
17 27 15
17 28 62
17 29 45
17 30 60
17 31 54
17 32 57
17 33 60
17 34 37
17 35 42
17 36 31
17 37 41
17 38 24
17 39 18
17 40 41
17 41 32
17 42 50
18 0 60
18 1 36
18 2 44
18 3 50
18 4 47
18 5 46
18 6 58
18 7 50
18 8 48
18 9 31
18 10 67
18 11 52
18 12 57
18 13 35
18 14 47
18 15 42
18 16 45
18 17 52
18 18 100
18 19 57
18 20 42
18 21 39
18 22 32
18 23 54
18 24 25
18 25 50
18 26 52
18 27 21
18 28 58
18 29 48
18 30 55
18 31 39
18 32 53
18 33 54
18 34 37
18 35 35
18 36 35
18 37 29
18 38 31
18 39 23
18 40 39
18 41 38
18 42 42
19 0 52
19 1 42
19 2 54
19 3 52
19 4 45
19 5 45
19 6 69
19 7 60
19 8 62
19 9 60
19 10 62
19 11 54
19 12 69
19 13 52
19 14 68
19 15 41
19 16 52
19 17 47
19 18 57
19 19 99
19 20 43
19 21 70
19 22 70
19 23 53
19 24 31
19 25 53
19 26 65
19 27 47
19 28 66
19 29 78
19 30 60
19 31 49
19 32 59
19 33 56
19 34 51
19 35 45
19 36 32
19 37 37
19 38 30
19 39 34
19 40 38
19 41 60
19 42 37
20 0 48
20 1 71
20 2 61
20 3 49
20 4 39
20 5 41
20 6 40
20 7 47
20 8 37
20 9 32
20 10 49
20 11 57
20 12 52
20 13 49
20 14 42
20 15 55
20 16 62
20 17 47
20 18 42
20 19 43
20 20 100
20 21 53
20 22 33
20 23 44
20 24 44
20 25 46
20 26 61
20 27 24
20 28 63
20 29 40
20 30 52
20 31 39
20 32 63
20 33 66
20 34 56
20 35 44
20 36 37
20 37 42
20 38 30
20 39 29
20 40 42
20 41 56
20 42 47
21 0 48
21 1 46
21 2 69
21 3 54
21 4 45
21 5 41
21 6 52
21 7 60
21 8 53
21 9 62
21 10 53
21 11 55
21 12 65
21 13 53
21 14 61
21 15 43
21 16 57
21 17 45
21 18 39
21 19 70
21 20 53
21 21 99
21 22 66
21 23 50
21 24 35
21 25 48
21 26 61
21 27 49
21 28 61
21 29 67
21 30 55
21 31 43
21 32 53
21 33 68
21 34 54
21 35 48
21 36 39
21 37 48
21 38 30
21 39 38
21 40 46
21 41 63
21 42 35
22 0 46
22 1 33
22 2 46
22 3 36
22 4 45
22 5 35
22 6 55
22 7 47
22 8 55
22 9 67
22 10 46
22 11 40
22 12 53
22 13 44
22 14 67
22 15 23
22 16 40
22 17 31
22 18 32
22 19 70
22 20 33
22 21 66
22 22 99
22 23 38
22 24 22
22 25 38
22 26 59
22 27 54
22 28 47
22 29 74
22 30 46
22 31 37
22 32 38
22 33 37
22 34 39
22 35 45
22 36 24
22 37 31
22 38 22
22 39 34
22 40 28
22 41 53
22 42 18
23 0 41
23 1 32
23 2 43
23 3 49
23 4 41
23 5 36
23 6 44
23 7 55
23 8 45
23 9 32
23 10 61
23 11 47
23 12 60
23 13 35
23 14 38
23 15 44
23 16 56
23 17 48
23 18 54
23 19 53
23 20 44
23 21 50
23 22 38
23 23 100
23 24 43
23 25 52
23 26 57
23 27 25
23 28 57
23 29 50
23 30 67
23 31 31
23 32 55
23 33 52
23 34 39
23 35 32
23 36 25
23 37 29
23 38 23
23 39 36
23 40 39
23 41 40
23 42 51
24 0 37
24 1 32
24 2 36
24 3 33
24 4 21
24 5 25
24 6 36
24 7 49
24 8 36
24 9 22
24 10 47
24 11 36
24 12 47
24 13 35
24 14 27
24 15 38
24 16 39
24 17 43
24 18 25
24 19 31
24 20 44
24 21 35
24 22 22
24 23 43
24 24 99
24 25 61
24 26 45
24 27 16
24 28 46
24 29 35
24 30 45
24 31 37
24 32 51
24 33 45
24 34 35
24 35 32
24 36 27
24 37 29
24 38 20
24 39 24
24 40 28
24 41 33
24 42 52
25 0 56
25 1 40
25 2 44
25 3 49
25 4 42
25 5 40
25 6 58
25 7 57
25 8 52
25 9 39
25 10 63
25 11 52
25 12 52
25 13 46
25 14 53
25 15 44
25 16 54
25 17 47
25 18 50
25 19 53
25 20 46
25 21 48
25 22 38
25 23 52
25 24 61
25 25 99
25 26 58
25 27 32
25 28 55
25 29 53
25 30 55
25 31 43
25 32 60
25 33 57
25 34 43
25 35 41
25 36 27
25 37 26
25 38 21
25 39 28
25 40 31
25 41 45
25 42 42
26 0 50
26 1 45
26 2 50
26 3 45
26 4 39
26 5 43
26 6 55
26 7 65
26 8 55
26 9 48
26 10 65
26 11 52
26 12 64
26 13 44
26 14 59
26 15 48
26 16 60
26 17 53
26 18 52
26 19 65
26 20 61
26 21 61
26 22 59
26 23 57
26 24 45
26 25 58
26 26 99
26 27 47
26 28 66
26 29 70
26 30 66
26 31 45
26 32 67
26 33 56
26 34 43
26 35 41
26 36 28
26 37 33
26 38 23
26 39 32
26 40 36
26 41 54
26 42 47
27 0 29
27 1 31
27 2 30
27 3 26
27 4 25
27 5 20
27 6 31
27 7 37
27 8 38
27 9 55
27 10 36
27 11 26
27 12 38
27 13 34
27 14 47
27 15 17
27 16 26
27 17 15
27 18 21
27 19 47
27 20 24
27 21 49
27 22 54
27 23 25
27 24 16
27 25 32
27 26 47
27 27 100
27 28 32
27 29 50
27 30 45
27 31 19
27 32 28
27 33 32
27 34 21
27 35 28
27 36 7
27 37 10
27 38 7
27 39 36
27 40 19
27 41 40
27 42 20
28 0 65
28 1 50
28 2 65
28 3 59
28 4 54
28 5 55
28 6 66
28 7 64
28 8 55
28 9 42
28 10 70
28 11 68
28 12 67
28 13 56
28 14 50
28 15 67
28 16 71
28 17 62
28 18 58
28 19 66
28 20 63
28 21 61
28 22 47
28 23 57
28 24 46
28 25 55
28 26 66
28 27 32
28 28 99
28 29 64
28 30 64
28 31 54
28 32 66
28 33 69
28 34 58
28 35 55
28 36 50
28 37 49
28 38 35
28 39 36
28 40 46
28 41 53
28 42 48
29 0 55
29 1 41
29 2 47
29 3 48
29 4 49
29 5 49
29 6 66
29 7 60
29 8 68
29 9 63
29 10 63
29 11 53
29 12 65
29 13 50
29 14 70
29 15 42
29 16 55
29 17 45
29 18 48
29 19 78
29 20 40
29 21 67
29 22 74
29 23 50
29 24 35
29 25 53
29 26 70
29 27 50
29 28 64
29 29 100
29 30 62
29 31 51
29 32 54
29 33 49
29 34 43
29 35 50
29 36 28
29 37 31
29 38 24
29 39 36
29 40 32
29 41 58
29 42 32
30 0 54
30 1 47
30 2 52
30 3 52
30 4 43
30 5 47
30 6 55
30 7 69
30 8 49
30 9 40
30 10 61
30 11 55
30 12 70
30 13 47
30 14 54
30 15 57
30 16 65
30 17 60
30 18 55
30 19 60
30 20 52
30 21 55
30 22 46
30 23 67
30 24 45
30 25 55
30 26 66
30 27 45
30 28 64
30 29 62
30 30 100
30 31 52
30 32 69
30 33 64
30 34 42
30 35 42
30 36 29
30 37 37
30 38 25
30 39 37
30 40 45
30 41 49
30 42 59
31 0 49
31 1 35
31 2 46
31 3 46
31 4 35
31 5 37
31 6 52
31 7 49
31 8 37
31 9 29
31 10 49
31 11 49
31 12 49
31 13 43
31 14 38
31 15 43
31 16 43
31 17 54
31 18 39
31 19 49
31 20 39
31 21 43
31 22 37
31 23 31
31 24 37
31 25 43
31 26 45
31 27 19
31 28 54
31 29 51
31 30 52
31 31 100
31 32 53
31 33 53
31 34 34
31 35 44
31 36 33
31 37 36
31 38 30
31 39 26
31 40 40
31 41 39
31 42 42
32 0 49
32 1 55
32 2 51
32 3 49
32 4 34
32 5 44
32 6 57
32 7 67
32 8 48
32 9 34
32 10 59
32 11 56
32 12 62
32 13 44
32 14 48
32 15 60
32 16 65
32 17 57
32 18 53
32 19 59
32 20 63
32 21 53
32 22 38
32 23 55
32 24 51
32 25 60
32 26 67
32 27 28
32 28 66
32 29 54
32 30 69
32 31 53
32 32 100
32 33 66
32 34 47
32 35 36
32 36 28
32 37 35
32 38 27
32 39 31
32 40 39
32 41 50
32 42 60
33 0 65
33 1 63
33 2 76
33 3 65
33 4 55
33 5 48
33 6 57
33 7 70
33 8 45
33 9 43
33 10 60
33 11 68
33 12 64
33 13 55
33 14 49
33 15 63
33 16 66
33 17 60
33 18 54
33 19 56
33 20 66
33 21 68
33 22 37
33 23 52
33 24 45
33 25 57
33 26 56
33 27 32
33 28 69
33 29 49
33 30 64
33 31 53
33 32 66
33 33 100
33 34 55
33 35 53
33 36 49
33 37 52
33 38 40
33 39 35
33 40 55
33 41 65
33 42 66
34 0 45
34 1 46
34 2 63
34 3 43
34 4 39
34 5 35
34 6 38
34 7 40
34 8 38
34 9 38
34 10 42
34 11 52
34 12 48
34 13 37
34 14 45
34 15 41
34 16 53
34 17 37
34 18 37
34 19 51
34 20 56
34 21 54
34 22 39
34 23 39
34 24 35
34 25 43
34 26 43
34 27 21
34 28 58
34 29 43
34 30 42
34 31 34
34 32 47
34 33 55
34 34 100
34 35 53
34 36 46
34 37 51
34 38 33
34 39 30
34 40 38
34 41 50
34 42 30
35 0 57
35 1 32
35 2 61
35 3 59
35 4 57
35 5 42
35 6 49
35 7 41
35 8 42
35 9 35
35 10 44
35 11 63
35 12 52
35 13 46
35 14 40
35 15 47
35 16 51
35 17 42
35 18 35
35 19 45
35 20 44
35 21 48
35 22 45
35 23 32
35 24 32
35 25 41
35 26 41
35 27 28
35 28 55
35 29 50
35 30 42
35 31 44
35 32 36
35 33 53
35 34 53
35 35 99
35 36 53
35 37 50
35 38 35
35 39 31
35 40 40
35 41 39
35 42 28
36 0 49
36 1 28
36 2 76
36 3 41
36 4 53
36 5 35
36 6 34
36 7 36
36 8 23
36 9 23
36 10 33
36 11 48
36 12 38
36 13 40
36 14 29
36 15 41
36 16 43
36 17 31
36 18 35
36 19 32
36 20 37
36 21 39
36 22 24
36 23 25
36 24 27
36 25 27
36 26 28
36 27 7
36 28 50
36 29 28
36 30 29
36 31 33
36 32 28
36 33 49
36 34 46
36 35 53
36 36 99
36 37 67
36 38 54
36 39 24
36 40 61
36 41 34
36 42 26
37 0 39
37 1 33
37 2 80
37 3 50
37 4 41
37 5 30
37 6 31
37 7 38
37 8 24
37 9 26
37 10 36
37 11 52
37 12 40
37 13 40
37 14 27
37 15 44
37 16 51
37 17 41
37 18 29
37 19 37
37 20 42
37 21 48
37 22 31
37 23 29
37 24 29
37 25 26
37 26 33
37 27 10
37 28 49
37 29 31
37 30 37
37 31 36
37 32 35
37 33 52
37 34 51
37 35 50
37 36 67
37 37 99
37 38 49
37 39 25
37 40 48
37 41 43
37 42 29
38 0 27
38 1 21
38 2 52
38 3 38
38 4 31
38 5 13
38 6 28
38 7 26
38 8 21
38 9 20
38 10 25
38 11 30
38 12 35
38 13 23
38 14 26
38 15 24
38 16 27
38 17 24
38 18 31
38 19 30
38 20 30
38 21 30
38 22 22
38 23 23
38 24 20
38 25 21
38 26 23
38 27 7
38 28 35
38 29 24
38 30 25
38 31 30
38 32 27
38 33 40
38 34 33
38 35 35
38 36 54
38 37 49
38 38 99
38 39 21
38 40 43
38 41 34
38 42 31
39 0 26
39 1 30
39 2 37
39 3 29
39 4 24
39 5 25
39 6 27
39 7 26
39 8 29
39 9 35
39 10 30
39 11 31
39 12 36
39 13 28
39 14 27
39 15 30
39 16 29
39 17 18
39 18 23
39 19 34
39 20 29
39 21 38
39 22 34
39 23 36
39 24 24
39 25 28
39 26 32
39 27 36
39 28 36
39 29 36
39 30 37
39 31 26
39 32 31
39 33 35
39 34 30
39 35 31
39 36 24
39 37 25
39 38 21
39 39 100
39 40 28
39 41 38
39 42 29
40 0 43
40 1 36
40 2 72
40 3 46
40 4 42
40 5 28
40 6 34
40 7 41
40 8 23
40 9 26
40 10 38
40 11 45
40 12 48
40 13 34
40 14 30
40 15 40
40 16 45
40 17 41
40 18 39
40 19 38
40 20 42
40 21 46
40 22 28
40 23 39
40 24 28
40 25 31
40 26 36
40 27 19
40 28 46
40 29 32
40 30 45
40 31 40
40 32 39
40 33 55
40 34 38
40 35 40
40 36 61
40 37 48
40 38 43
40 39 28
40 40 99
40 41 43
40 42 42
41 0 40
41 1 58
41 2 69
41 3 42
41 4 38
41 5 28
41 6 44
41 7 48
41 8 38
41 9 56
41 10 46
41 11 44
41 12 52
41 13 43
41 14 53
41 15 34
41 16 45
41 17 32
41 18 38
41 19 60
41 20 56
41 21 63
41 22 53
41 23 40
41 24 33
41 25 45
41 26 54
41 27 40
41 28 53
41 29 58
41 30 49
41 31 39
41 32 50
41 33 65
41 34 50
41 35 39
41 36 34
41 37 43
41 38 34
41 39 38
41 40 43
41 41 99
41 42 43
42 0 37
42 1 44
42 2 45
42 3 42
42 4 26
42 5 22
42 6 36
42 7 66
42 8 32
42 9 23
42 10 42
42 11 39
42 12 64
42 13 34
42 14 30
42 15 52
42 16 51
42 17 50
42 18 42
42 19 37
42 20 47
42 21 35
42 22 18
42 23 51
42 24 52
42 25 42
42 26 47
42 27 20
42 28 48
42 29 32
42 30 59
42 31 42
42 32 60
42 33 66
42 34 30
42 35 28
42 36 26
42 37 29
42 38 31
42 39 29
42 40 42
42 41 43
42 42 99
