0 0 100
0 1 44
0 2 52
0 3 48
0 4 58
0 5 53
0 6 57
0 7 51
0 8 59
0 9 55
0 10 49
0 11 69
0 12 39
0 13 46
0 14 43
0 15 52
0 16 28
0 17 50
0 18 34
0 19 39
0 20 58
0 21 47
0 22 26
0 23 44
0 24 60
0 25 53
0 26 49
0 27 43
0 28 49
0 29 54
0 30 46
0 31 48
0 32 41
0 33 60
0 34 40
0 35 40
0 36 57
0 37 39
0 38 45
0 39 58
0 40 59
0 41 43
0 42 40
0 43 41
0 44 37
0 45 46
0 46 35
0 47 54
0 48 43
1 0 44
1 1 99
1 2 57
1 3 41
1 4 48
1 5 54
1 6 51
1 7 46
1 8 61
1 9 38
1 10 45
1 11 55
1 12 39
1 13 49
1 14 39
1 15 59
1 16 44
1 17 72
1 18 57
1 19 61
1 20 60
1 21 76
1 22 40
1 23 57
1 24 58
1 25 53
1 26 55
1 27 55
1 28 46
1 29 40
1 30 41
1 31 50
1 32 54
1 33 49
1 34 54
1 35 46
1 36 46
1 37 55
1 38 40
1 39 38
1 40 43
1 41 61
1 42 55
1 43 49
1 44 45
1 45 60
1 46 42
1 47 64
1 48 47
2 0 52
2 1 57
2 2 99
2 3 39
2 4 53
2 5 45
2 6 44
2 7 54
2 8 49
2 9 51
2 10 53
2 11 51
2 12 30
2 13 45
2 14 46
2 15 61
2 16 42
2 17 59
2 18 56
2 19 55
2 20 57
2 21 49
2 22 47
2 23 75
2 24 57
2 25 49
2 26 59
2 27 51
2 28 40
2 29 56
2 30 46
2 31 43
2 32 39
2 33 56
2 34 54
2 35 37
2 36 53
2 37 50
2 38 46
2 39 48
2 40 49
2 41 44
2 42 43
2 43 41
2 44 46
2 45 51
2 46 53
2 47 59
2 48 42
3 0 48
3 1 41
3 2 39
3 3 100
3 4 35
3 5 59
3 6 57
3 7 42
3 8 52
3 9 31
3 10 41
3 11 57
3 12 46
3 13 41
3 14 58
3 15 49
3 16 39
3 17 39
3 18 39
3 19 48
3 20 51
3 21 45
3 22 38
3 23 58
3 24 44
3 25 47
3 26 52
3 27 50
3 28 64
3 29 43
3 30 59
3 31 82
3 32 59
3 33 51
3 34 51
3 35 37
3 36 41
3 37 42
3 38 31
3 39 29
3 40 47
3 41 59
3 42 39
3 43 26
3 44 37
3 45 37
3 46 43
3 47 51
3 48 47
4 0 58
4 1 48
4 2 53
4 3 35
4 4 100
4 5 40
4 6 33
4 7 52
4 8 46
4 9 44
4 10 47
4 11 45
4 12 38
4 13 55
4 14 38
4 15 47
4 16 36
4 17 47
4 18 41
4 19 53
4 20 57
4 21 57
4 22 37
4 23 40
4 24 43
4 25 48
4 26 51
4 27 50
4 28 33
4 29 45
4 30 46
4 31 44
4 32 44
4 33 58
4 34 53
4 35 67
4 36 59
4 37 46
4 38 36
4 39 56
4 40 60
4 41 47
4 42 51
4 43 47
4 44 39
4 45 53
4 46 42
4 47 57
4 48 42
5 0 53
5 1 54
5 2 45
5 3 59
5 4 40
5 5 100
5 6 71
5 7 49
5 8 67
5 9 41
5 10 54
5 11 62
5 12 55
5 13 53
5 14 52
5 15 54
5 16 47
5 17 43
5 18 44
5 19 55
5 20 63
5 21 55
5 22 39
5 23 62
5 24 53
5 25 57
5 26 65
5 27 56
5 28 63
5 29 37
5 30 55
5 31 69
5 32 60
5 33 49
5 34 52
5 35 50
5 36 52
5 37 48
5 38 41
5 39 43
5 40 51
5 41 61
5 42 44
5 43 52
5 44 57
5 45 51
5 46 41
5 47 56
5 48 57
6 0 57
6 1 51
6 2 44
6 3 57
6 4 33
6 5 71
6 6 99
6 7 53
6 8 66
6 9 35
6 10 53
6 11 70
6 12 44
6 13 45
6 14 61
6 15 64
6 16 56
6 17 42
6 18 35
6 19 57
6 20 55
6 21 56
6 22 44
6 23 65
6 24 62
6 25 51
6 26 57
6 27 53
6 28 63
6 29 41
6 30 55
6 31 62
6 32 63
6 33 53
6 34 52
6 35 44
6 36 52
6 37 39
6 38 47
6 39 41
6 40 50
6 41 55
6 42 39
6 43 42
6 44 61
6 45 44
6 46 47
6 47 54
6 48 56
7 0 51
7 1 46
7 2 54
7 3 42
7 4 52
7 5 49
7 6 53
7 7 100
7 8 52
7 9 56
7 10 53
7 11 57
7 12 38
7 13 55
7 14 51
7 15 55
7 16 55
7 17 33
7 18 40
7 19 50
7 20 58
7 21 44
7 22 50
7 23 50
7 24 51
7 25 48
7 26 53
7 27 48
7 28 45
7 29 50
7 30 45
7 31 45
7 32 54
7 33 54
7 34 49
7 35 50
7 36 67
7 37 44
7 38 42
7 39 57
7 40 64
7 41 47
7 42 47
7 43 39
7 44 50
7 45 43
7 46 48
7 47 63
7 48 48
8 0 59
8 1 61
8 2 49
8 3 52
8 4 46
8 5 67
8 6 66
8 7 52
8 8 100
8 9 43
8 10 58
8 11 68
8 12 41
8 13 50
8 14 50
8 15 66
8 16 41
8 17 55
8 18 50
8 19 61
8 20 62
8 21 61
8 22 37
8 23 52
8 24 64
8 25 71
8 26 64
8 27 62
8 28 64
8 29 37
8 30 57
8 31 60
8 32 57
8 33 61
8 34 64
8 35 51
8 36 57
8 37 49
8 38 56
8 39 45
8 40 49
8 41 58
8 42 49
8 43 51
8 44 57
8 45 56
8 46 46
8 47 56
8 48 53
9 0 55
9 1 38
9 2 51
9 3 31
9 4 44
9 5 41
9 6 35
9 7 56
9 8 43
9 9 99
9 10 41
9 11 46
9 12 29
9 13 43
9 14 33
9 15 38
9 16 36
9 17 31
9 18 30
9 19 40
9 20 52
9 21 32
9 22 29
9 23 34
9 24 36
9 25 39
9 26 39
9 27 36
9 28 37
9 29 53
9 30 34
9 31 33
9 32 34
9 33 45
9 34 36
9 35 31
9 36 59
9 37 43
9 38 38
9 39 63
9 40 55
9 41 35
9 42 38
9 43 32
9 44 31
9 45 33
9 46 32
9 47 54
9 48 33
10 0 49
10 1 45
10 2 53
10 3 41
10 4 47
10 5 54
10 6 53
10 7 53
10 8 58
10 9 41
10 10 99
10 11 61
10 12 47
10 13 53
10 14 49
10 15 57
10 16 49
10 17 47
10 18 53
10 19 55
10 20 54
10 21 52
10 22 44
10 23 53
10 24 52
10 25 61
10 26 56
10 27 59
10 28 51
10 29 38
10 30 50
10 31 48
10 32 51
10 33 59
10 34 58
10 35 52
10 36 55
10 37 51
10 38 42
10 39 43
10 40 59
10 41 49
10 42 51
10 43 44
10 44 48
10 45 56
10 46 51
10 47 62
10 48 64
11 0 69
11 1 55
11 2 51
11 3 57
11 4 45
11 5 62
11 6 70
11 7 57
11 8 68
11 9 46
11 10 61
11 11 100
11 12 48
11 13 52
11 14 60
11 15 68
11 16 53
11 17 51
11 18 49
11 19 59
11 20 59
11 21 59
11 22 42
11 23 61
11 24 62
11 25 63
11 26 63
11 27 61
11 28 61
11 29 45
11 30 57
11 31 59
11 32 60
11 33 63
11 34 59
11 35 53
11 36 54
11 37 52
11 38 45
11 39 44
11 40 59
11 41 58
11 42 51
11 43 43
11 44 49
11 45 53
11 46 50
11 47 64
11 48 63
12 0 39
12 1 39
12 2 30
12 3 46
12 4 38
12 5 55
12 6 44
12 7 38
12 8 41
12 9 29
12 10 47
12 11 48
12 12 100
12 13 60
12 14 50
12 15 41
12 16 36
12 17 32
12 18 38
12 19 47
12 20 52
12 21 44
12 22 35
12 23 46
12 24 38
12 25 45
12 26 54
12 27 41
12 28 52
12 29 32
12 30 44
12 31 52
12 32 58
12 33 57
12 34 40
12 35 46
12 36 40
12 37 32
12 38 31
12 39 33
12 40 43
12 41 51
12 42 34
12 43 31
12 44 39
12 45 33
12 46 33
12 47 53
12 48 63
13 0 46
13 1 49
13 2 45
13 3 41
13 4 55
13 5 53
13 6 45
13 7 55
13 8 50
13 9 43
13 10 53
13 11 52
13 12 60
13 13 99
13 14 50
13 15 52
13 16 55
13 17 36
13 18 45
13 19 55
13 20 61
13 21 58
13 22 37
13 23 47
13 24 44
13 25 50
13 26 54
13 27 51
13 28 41
13 29 44
13 30 44
13 31 46
13 32 60
13 33 65
13 34 53
13 35 48
13 36 52
13 37 45
13 38 36
13 39 48
13 40 54
13 41 50
13 42 50
13 43 40
13 44 43
13 45 47
13 46 43
13 47 66
13 48 68
14 0 43
14 1 39
14 2 46
14 3 58
14 4 38
14 5 52
14 6 61
14 7 51
14 8 50
14 9 33
14 10 49
14 11 60
14 12 50
14 13 50
14 14 100
14 15 61
14 16 61
14 17 35
14 18 37
14 19 53
14 20 62
14 21 46
14 22 51
14 23 65
14 24 48
14 25 46
14 26 65
14 27 52
14 28 59
14 29 46
14 30 52
14 31 59
14 32 62
14 33 51
14 34 54
14 35 46
14 36 49
14 37 49
14 38 41
14 39 38
14 40 50
14 41 51
14 42 46
14 43 33
14 44 51
14 45 44
14 46 48
14 47 58
14 48 56
15 0 52
15 1 59
15 2 61
15 3 49
15 4 47
15 5 54
15 6 64
15 7 55
15 8 66
15 9 38
15 10 57
15 11 68
15 12 41
15 13 52
15 14 61
15 15 99
15 16 58
15 17 61
15 18 60
15 19 69
15 20 64
15 21 62
15 22 58
15 23 67
15 24 71
15 25 66
15 26 64
15 27 65
15 28 53
15 29 51
15 30 52
15 31 53
15 32 58
15 33 64
15 34 71
15 35 57
15 36 51
15 37 55
15 38 45
15 39 41
15 40 51
15 41 53
15 42 52
15 43 48
15 44 57
15 45 56
15 46 57
15 47 64
15 48 53
16 0 28
16 1 44
16 2 42
16 3 39
16 4 36
16 5 47
16 6 56
16 7 55
16 8 41
16 9 36
16 10 49
16 11 53
16 12 36
16 13 55
16 14 61
16 15 58
16 16 100
16 17 38
16 18 37
16 19 56
16 20 52
16 21 53
16 22 54
16 23 59
16 24 46
16 25 40
16 26 51
16 27 47
16 28 44
16 29 36
16 30 44
16 31 42
16 32 58
16 33 43
16 34 56
16 35 42
16 36 45
16 37 49
16 38 35
16 39 41
16 40 43
16 41 46
16 42 50
16 43 39
16 44 55
16 45 44
16 46 54
16 47 57
16 48 68
17 0 50
17 1 72
17 2 59
17 3 39
17 4 47
17 5 43
17 6 42
17 7 33
17 8 55
17 9 31
17 10 47
17 11 51
17 12 32
17 13 36
17 14 35
17 15 61
17 16 38
17 17 99
17 18 62
17 19 54
17 20 51
17 21 57
17 22 41
17 23 57
17 24 63
17 25 56
17 26 53
17 27 49
17 28 43
17 29 39
17 30 44
17 31 48
17 32 43
17 33 54
17 34 56
17 35 40
17 36 42
17 37 58
17 38 45
17 39 36
17 40 37
17 41 54
17 42 57
17 43 48
17 44 40
17 45 56
17 46 45
17 47 56
17 48 42
18 0 34
18 1 57
18 2 56
18 3 39
18 4 41
18 5 44
18 6 35
18 7 40
18 8 50
18 9 30
18 10 53
18 11 49
18 12 38
18 13 45
18 14 37
18 15 60
18 16 37
18 17 62
18 18 100
18 19 59
18 20 55
18 21 49
18 22 46
18 23 55
18 24 57
18 25 61
18 26 52
18 27 50
18 28 45
18 29 42
18 30 39
18 31 45
18 32 46
18 33 47
18 34 61
18 35 46
18 36 40
18 37 45
18 38 38
18 39 33
18 40 45
18 41 47
18 42 40
18 43 34
18 44 35
18 45 50
18 46 39
18 47 59
18 48 44
19 0 39
19 1 61
19 2 55
19 3 48
19 4 53
19 5 55
19 6 57
19 7 50
19 8 61
19 9 40
19 10 55
19 11 59
19 12 47
19 13 55
19 14 53
19 15 69
19 16 56
19 17 54
19 18 59
19 19 100
19 20 70
19 21 72
19 22 53
19 23 61
19 24 61
19 25 59
19 26 63
19 27 64
19 28 52
19 29 45
19 30 49
19 31 58
19 32 62
19 33 56
19 34 71
19 35 56
19 36 56
19 37 50
19 38 43
19 39 39
19 40 54
19 41 60
19 42 52
19 43 44
19 44 56
19 45 55
19 46 48
19 47 72
19 48 54
20 0 58
20 1 60
20 2 57
20 3 51
20 4 57
20 5 63
20 6 55
20 7 58
20 8 62
20 9 52
20 10 54
20 11 59
20 12 52
20 13 61
20 14 62
20 15 64
20 16 52
20 17 51
20 18 55
20 19 70
20 20 100
20 21 63
20 22 49
20 23 61
20 24 63
20 25 59
20 26 66
20 27 59
20 28 59
20 29 55
20 30 50
20 31 58
20 32 59
20 33 57
20 34 57
20 35 54
20 36 62
20 37 56
20 38 54
20 39 56
20 40 62
20 41 58
20 42 59
20 43 49
20 44 50
20 45 63
20 46 44
20 47 73
20 48 54
21 0 47
21 1 76
21 2 49
21 3 45
21 4 57
21 5 55
21 6 56
21 7 44
21 8 61
21 9 32
21 10 52
21 11 59
21 12 44
21 13 58
21 14 46
21 15 62
21 16 53
21 17 57
21 18 49
21 19 72
21 20 63
21 21 99
21 22 43
21 23 56
21 24 59
21 25 53
21 26 57
21 27 65
21 28 45
21 29 41
21 30 49
21 31 59
21 32 57
21 33 61
21 34 65
21 35 55
21 36 47
21 37 45
21 38 38
21 39 37
21 40 49
21 41 58
21 42 50
21 43 47
21 44 51
21 45 61
21 46 50
21 47 66
21 48 58
22 0 26
22 1 40
22 2 47
22 3 38
22 4 37
22 5 39
22 6 44
22 7 50
22 8 37
22 9 29
22 10 44
22 11 42
22 12 35
22 13 37
22 14 51
22 15 58
22 16 54
22 17 41
22 18 46
22 19 53
22 20 49
22 21 43
22 22 99
22 23 56
22 24 43
22 25 42
22 26 50
22 27 45
22 28 42
22 29 46
22 30 48
22 31 46
22 32 46
22 33 51
22 34 54
22 35 48
22 36 43
22 37 42
22 38 35
22 39 40
22 40 47
22 41 49
22 42 46
22 43 35
22 44 60
22 45 42
22 46 63
22 47 52
22 48 41
23 0 44
23 1 57
23 2 75
23 3 58
23 4 40
23 5 62
23 6 65
23 7 50
23 8 52
23 9 34
23 10 53
23 11 61
23 12 46
23 13 47
23 14 65
23 15 67
23 16 59
23 17 57
23 18 55
23 19 61
23 20 61
23 21 56
23 22 56
23 23 100
23 24 60
23 25 51
23 26 66
23 27 57
23 28 56
23 29 50
23 30 58
23 31 63
23 32 60
23 33 57
23 34 57
23 35 43
23 36 46
23 37 49
23 38 42
23 39 35
23 40 48
23 41 55
23 42 46
23 43 40
23 44 58
23 45 50
23 46 58
23 47 60
23 48 61
24 0 60
24 1 58
24 2 57
24 3 44
24 4 43
24 5 53
24 6 62
24 7 51
24 8 64
24 9 36
24 10 52
24 11 62
24 12 38
24 13 44
24 14 48
24 15 71
24 16 46
24 17 63
24 18 57
24 19 61
24 20 63
24 21 59
24 22 43
24 23 60
24 24 99
24 25 63
24 26 59
24 27 52
24 28 49
24 29 44
24 30 42
24 31 50
24 32 51
24 33 56
24 34 59
24 35 45
24 36 53
24 37 42
24 38 48
24 39 42
24 40 46
24 41 49
24 42 45
24 43 42
24 44 49
24 45 55
24 46 43
24 47 65
24 48 46
25 0 53
25 1 53
25 2 49
25 3 47
25 4 48
25 5 57
25 6 51
25 7 48
25 8 71
25 9 39
25 10 61
25 11 63
25 12 45
25 13 50
25 14 46
25 15 66
25 16 40
25 17 56
25 18 61
25 19 59
25 20 59
25 21 53
25 22 42
25 23 51
25 24 63
25 25 99
25 26 58
25 27 60
25 28 57
25 29 40
25 30 48
25 31 52
25 32 52
25 33 58
25 34 62
25 35 55
25 36 51
25 37 46
25 38 46
25 39 43
25 40 54
25 41 51
25 42 50
25 43 41
25 44 48
25 45 57
25 46 45
25 47 61
25 48 56
26 0 49
26 1 55
26 2 59
26 3 52
26 4 51
26 5 65
26 6 57
26 7 53
26 8 64
26 9 39
26 10 56
26 11 63
26 12 54
26 13 54
26 14 65
26 15 64
26 16 51
26 17 53
26 18 52
26 19 63
26 20 66
26 21 57
26 22 50
26 23 66
26 24 59
26 25 58
26 26 100
26 27 63
26 28 55
26 29 45
26 30 57
26 31 54
26 32 60
26 33 63
26 34 64
26 35 52
26 36 52
26 37 51
26 38 56
26 39 43
26 40 50
26 41 53
26 42 48
26 43 48
26 44 58
26 45 57
26 46 53
26 47 65
26 48 56
27 0 43
27 1 55
27 2 51
27 3 50
27 4 50
27 5 56
27 6 53
27 7 48
27 8 62
27 9 36
27 10 59
27 11 61
27 12 41
27 13 51
27 14 52
27 15 65
27 16 47
27 17 49
27 18 50
27 19 64
27 20 59
27 21 65
27 22 45
27 23 57
27 24 52
27 25 60
27 26 63
27 27 100
27 28 53
27 29 36
27 30 56
27 31 57
27 32 55
27 33 62
27 34 74
27 35 56
27 36 47
27 37 47
27 38 45
27 39 36
27 40 48
27 41 54
27 42 47
27 43 46
27 44 56
27 45 60
27 46 51
27 47 59
27 48 53
28 0 49
28 1 46
28 2 40
28 3 64
28 4 33
28 5 63
28 6 63
28 7 45
28 8 64
28 9 37
28 10 51
28 11 61
28 12 52
28 13 41
28 14 59
28 15 53
28 16 44
28 17 43
28 18 45
28 19 52
28 20 59
28 21 45
28 22 42
28 23 56
28 24 49
28 25 57
28 26 55
28 27 53
28 28 100
28 29 35
28 30 52
28 31 63
28 32 55
28 33 44
28 34 50
28 35 42
28 36 49
28 37 42
28 38 50
28 39 38
28 40 48
28 41 54
28 42 44
28 43 35
28 44 46
28 45 48
28 46 40
28 47 52
28 48 51
29 0 54
29 1 40
29 2 56
29 3 43
29 4 45
29 5 37
29 6 41
29 7 50
29 8 37
29 9 53
29 10 38
29 11 45
29 12 32
29 13 44
29 14 46
29 15 51
29 16 36
29 17 39
29 18 42
29 19 45
29 20 55
29 21 41
29 22 46
29 23 50
29 24 44
29 25 40
29 26 45
29 27 36
29 28 35
29 29 99
29 30 37
29 31 45
29 32 37
29 33 47
29 34 42
29 35 33
29 36 52
29 37 38
29 38 37
29 39 54
29 40 59
29 41 37
29 42 35
29 43 31
29 44 36
29 45 35
29 46 37
29 47 55
29 48 34
30 0 46
30 1 41
30 2 46
30 3 59
30 4 46
30 5 55
30 6 55
30 7 45
30 8 57
30 9 34
30 10 50
30 11 57
30 12 44
30 13 44
30 14 52
30 15 52
30 16 44
30 17 44
30 18 39
30 19 49
30 20 50
30 21 49
30 22 48
30 23 58
30 24 42
30 25 48
30 26 57
30 27 56
30 28 52
30 29 37
30 30 99
30 31 64
30 32 57
30 33 68
30 34 58
30 35 46
30 36 41
30 37 44
30 38 41
30 39 40
30 40 46
30 41 64
30 42 47
30 43 46
30 44 58
30 45 46
30 46 61
30 47 48
30 48 53
31 0 48
31 1 50
31 2 43
31 3 82
31 4 44
31 5 69
31 6 62
31 7 45
31 8 60
31 9 33
31 10 48
31 11 59
31 12 52
31 13 46
31 14 59
31 15 53
31 16 42
31 17 48
31 18 45
31 19 58
31 20 58
31 21 59
31 22 46
31 23 63
31 24 50
31 25 52
31 26 54
31 27 57
31 28 63
31 29 45
31 30 64
31 31 99
31 32 63
31 33 55
31 34 59
31 35 45
31 36 51
31 37 44
31 38 35
31 39 35
31 40 51
31 41 68
31 42 46
31 43 34
31 44 50
31 45 46
31 46 45
31 47 58
31 48 50
32 0 41
32 1 54
32 2 39
32 3 59
32 4 44
32 5 60
32 6 63
32 7 54
32 8 57
32 9 34
32 10 51
32 11 60
32 12 58
32 13 60
32 14 62
32 15 58
32 16 58
32 17 43
32 18 46
32 19 62
32 20 59
32 21 57
32 22 46
32 23 60
32 24 51
32 25 52
32 26 60
32 27 55
32 28 55
32 29 37
32 30 57
32 31 63
32 32 99
32 33 58
32 34 62
32 35 51
32 36 45
32 37 46
32 38 39
32 39 39
32 40 48
32 41 58
32 42 48
32 43 35
32 44 51
32 45 45
32 46 49
32 47 64
32 48 63
33 0 60
33 1 49
33 2 56
33 3 51
33 4 58
33 5 49
33 6 53
33 7 54
33 8 61
33 9 45
33 10 59
33 11 63
33 12 57
33 13 65
33 14 51
33 15 64
33 16 43
33 17 54
33 18 47
33 19 56
33 20 57
33 21 61
33 22 51
33 23 57
33 24 56
33 25 58
33 26 63
33 27 62
33 28 44
33 29 47
33 30 68
33 31 55
33 32 58
33 33 99
33 34 63
33 35 53
33 36 53
33 37 47
33 38 41
33 39 49
33 40 54
33 41 59
33 42 52
33 43 48
33 44 54
33 45 49
33 46 66
33 47 62
33 48 62
34 0 40
34 1 54
34 2 54
34 3 51
34 4 53
34 5 52
34 6 52
34 7 49
34 8 64
34 9 36
34 10 58
34 11 59
34 12 40
34 13 53
34 14 54
34 15 71
34 16 56
34 17 56
34 18 61
34 19 71
34 20 57
34 21 65
34 22 54
34 23 57
34 24 59
34 25 62
34 26 64
34 27 74
34 28 50
34 29 42
34 30 58
34 31 59
34 32 62
34 33 63
34 34 100
34 35 56
34 36 49
34 37 51
34 38 40
34 39 41
34 40 51
34 41 54
34 42 45
34 43 42
34 44 54
34 45 54
34 46 54
34 47 65
34 48 52
35 0 40
35 1 46
35 2 37
35 3 37
35 4 67
35 5 50
35 6 44
35 7 50
35 8 51
35 9 31
35 10 52
35 11 53
35 12 46
35 13 48
35 14 46
35 15 57
35 16 42
35 17 40
35 18 46
35 19 56
35 20 54
35 21 55
35 22 48
35 23 43
35 24 45
35 25 55
35 26 52
35 27 56
35 28 42
35 29 33
35 30 46
35 31 45
35 32 51
35 33 53
35 34 56
35 35 99
35 36 53
35 37 43
35 38 34
35 39 39
35 40 58
35 41 53
35 42 48
35 43 58
35 44 55
35 45 53
35 46 45
35 47 53
35 48 48
36 0 57
36 1 46
36 2 53
36 3 41
36 4 59
36 5 52
36 6 52
36 7 67
36 8 57
36 9 59
36 10 55
36 11 54
36 12 40
36 13 52
36 14 49
36 15 51
36 16 45
36 17 42
36 18 40
36 19 56
36 20 62
36 21 47
36 22 43
36 23 46
36 24 53
36 25 51
36 26 52
36 27 47
36 28 49
36 29 52
36 30 41
36 31 51
36 32 45
36 33 53
36 34 49
36 35 53
36 36 100
36 37 50
36 38 50
36 39 67
36 40 69
36 41 56
36 42 53
36 43 45
36 44 51
36 45 49
36 46 42
36 47 67
36 48 43
37 0 39
37 1 55
37 2 50
37 3 42
37 4 46
37 5 48
37 6 39
37 7 44
37 8 49
37 9 43
37 10 51
37 11 52
37 12 32
37 13 45
37 14 49
37 15 55
37 16 49
37 17 58
37 18 45
37 19 50
37 20 56
37 21 45
37 22 42
37 23 49
37 24 42
37 25 46
37 26 51
37 27 47
37 28 42
37 29 38
37 30 44
37 31 44
37 32 46
37 33 47
37 34 51
37 35 43
37 36 50
37 37 100
37 38 37
37 39 39
37 40 46
37 41 64
37 42 61
37 43 51
37 44 41
37 45 50
37 46 45
37 47 51
37 48 43
38 0 45
38 1 40
38 2 46
38 3 31
38 4 36
38 5 41
38 6 47
38 7 42
38 8 56
38 9 38
38 10 42
38 11 45
38 12 31
38 13 36
38 14 41
38 15 45
38 16 35
38 17 45
38 18 38
38 19 43
38 20 54
38 21 38
38 22 35
38 23 42
38 24 48
38 25 46
38 26 56
38 27 45
38 28 50
38 29 37
38 30 41
38 31 35
38 32 39
38 33 41
38 34 40
38 35 34
38 36 50
38 37 37
38 38 100
38 39 45
38 40 39
38 41 37
38 42 43
38 43 40
38 44 47
38 45 54
38 46 37
38 47 44
38 48 38
39 0 58
39 1 38
39 2 48
39 3 29
39 4 56
39 5 43
39 6 41
39 7 57
39 8 45
39 9 63
39 10 43
39 11 44
39 12 33
39 13 48
39 14 38
39 15 41
39 16 41
39 17 36
39 18 33
39 19 39
39 20 56
39 21 37
39 22 40
39 23 35
39 24 42
39 25 43
39 26 43
39 27 36
39 28 38
39 29 54
39 30 40
39 31 35
39 32 39
39 33 49
39 34 41
39 35 39
39 36 67
39 37 39
39 38 45
39 39 100
39 40 61
39 41 40
39 42 44
39 43 42
39 44 45
39 45 39
39 46 42
39 47 55
39 48 34
40 0 59
40 1 43
40 2 49
40 3 47
40 4 60
40 5 51
40 6 50
40 7 64
40 8 49
40 9 55
40 10 59
40 11 59
40 12 43
40 13 54
40 14 50
40 15 51
40 16 43
40 17 37
40 18 45
40 19 54
40 20 62
40 21 49
40 22 47
40 23 48
40 24 46
40 25 54
40 26 50
40 27 48
40 28 48
40 29 59
40 30 46
40 31 51
40 32 48
40 33 54
40 34 51
40 35 58
40 36 69
40 37 46
40 38 39
40 39 61
40 40 99
40 41 50
40 42 52
40 43 43
40 44 48
40 45 47
40 46 46
40 47 66
40 48 46
41 0 43
41 1 61
41 2 44
41 3 59
41 4 47
41 5 61
41 6 55
41 7 47
41 8 58
41 9 35
41 10 49
41 11 58
41 12 51
41 13 50
41 14 51
41 15 53
41 16 46
41 17 54
41 18 47
41 19 60
41 20 58
41 21 58
41 22 49
41 23 55
41 24 49
41 25 51
41 26 53
41 27 54
41 28 54
41 29 37
41 30 64
41 31 68
41 32 58
41 33 59
41 34 54
41 35 53
41 36 56
41 37 64
41 38 37
41 39 40
41 40 50
41 41 99
41 42 55
41 43 54
41 44 55
41 45 49
41 46 47
41 47 59
41 48 50
42 0 40
42 1 55
42 2 43
42 3 39
42 4 51
42 5 44
42 6 39
42 7 47
42 8 49
42 9 38
42 10 51
42 11 51
42 12 34
42 13 50
42 14 46
42 15 52
42 16 50
42 17 57
42 18 40
42 19 52
42 20 59
42 21 50
42 22 46
42 23 46
42 24 45
42 25 50
42 26 48
42 27 47
42 28 44
42 29 35
42 30 47
42 31 46
42 32 48
42 33 52
42 34 45
42 35 48
42 36 53
42 37 61
42 38 43
42 39 44
42 40 52
42 41 55
42 42 99
42 43 50
42 44 45
42 45 71
42 46 52
42 47 58
42 48 46
43 0 41
43 1 49
43 2 41
43 3 26
43 4 47
43 5 52
43 6 42
43 7 39
43 8 51
43 9 32
43 10 44
43 11 43
43 12 31
43 13 40
43 14 33
43 15 48
43 16 39
43 17 48
43 18 34
43 19 44
43 20 49
43 21 47
43 22 35
43 23 40
43 24 42
43 25 41
43 26 48
43 27 46
43 28 35
43 29 31
43 30 46
43 31 34
43 32 35
43 33 48
43 34 42
43 35 58
43 36 45
43 37 51
43 38 40
43 39 42
43 40 43
43 41 54
43 42 50
43 43 100
43 44 55
43 45 52
43 46 43
43 47 39
43 48 35
44 0 37
44 1 45
44 2 46
44 3 37
44 4 39
44 5 57
44 6 61
44 7 50
44 8 57
44 9 31
44 10 48
44 11 49
44 12 39
44 13 43
44 14 51
44 15 57
44 16 55
44 17 40
44 18 35
44 19 56
44 20 50
44 21 51
44 22 60
44 23 58
44 24 49
44 25 48
44 26 58
44 27 56
44 28 46
44 29 36
44 30 58
44 31 50
44 32 51
44 33 54
44 34 54
44 35 55
44 36 51
44 37 41
44 38 47
44 39 45
44 40 48
44 41 55
44 42 45
44 43 55
44 44 99
44 45 50
44 46 62
44 47 51
44 48 47
45 0 46
45 1 60
45 2 51
45 3 37
45 4 53
45 5 51
45 6 44
45 7 43
45 8 56
45 9 33
45 10 56
45 11 53
45 12 33
45 13 47
45 14 44
45 15 56
45 16 44
45 17 56
45 18 50
45 19 55
45 20 63
45 21 61
45 22 42
45 23 50
45 24 55
45 25 57
45 26 57
45 27 60
45 28 48
45 29 35
45 30 46
45 31 46
45 32 45
45 33 49
45 34 54
45 35 53
45 36 49
45 37 50
45 38 54
45 39 39
45 40 47
45 41 49
45 42 71
45 43 52
45 44 50
45 45 99
45 46 49
45 47 54
45 48 45
46 0 35
46 1 42
46 2 53
46 3 43
46 4 42
46 5 41
46 6 47
46 7 48
46 8 46
46 9 32
46 10 51
46 11 50
46 12 33
46 13 43
46 14 48
46 15 57
46 16 54
46 17 45
46 18 39
46 19 48
46 20 44
46 21 50
46 22 63
46 23 58
46 24 43
46 25 45
46 26 53
46 27 51
46 28 40
46 29 37
46 30 61
46 31 45
46 32 49
46 33 66
46 34 54
46 35 45
46 36 42
46 37 45
46 38 37
46 39 42
46 40 46
46 41 47
46 42 52
46 43 43
46 44 62
46 45 49
46 46 99
46 47 48
46 48 51
47 0 54
47 1 64
47 2 59
47 3 51
47 4 57
47 5 56
47 6 54
47 7 63
47 8 56
47 9 54
47 10 62
47 11 64
47 12 53
47 13 66
47 14 58
47 15 64
47 16 57
47 17 56
47 18 59
47 19 72
47 20 73
47 21 66
47 22 52
47 23 60
47 24 65
47 25 61
47 26 65
47 27 59
47 28 52
47 29 55
47 30 48
47 31 58
47 32 64
47 33 62
47 34 65
47 35 53
47 36 67
47 37 51
47 38 44
47 39 55
47 40 66
47 41 59
47 42 58
47 43 39
47 44 51
47 45 54
47 46 48
47 47 99
47 48 58
48 0 43
48 1 47
48 2 42
48 3 47
48 4 42
48 5 57
48 6 56
48 7 48
48 8 53
48 9 33
48 10 64
48 11 63
48 12 63
48 13 68
48 14 56
48 15 53
48 16 68
48 17 42
48 18 44
48 19 54
48 20 54
48 21 58
48 22 41
48 23 61
48 24 46
48 25 56
48 26 56
48 27 53
48 28 51
48 29 34
48 30 53
48 31 50
48 32 63
48 33 62
48 34 52
48 35 48
48 36 43
48 37 43
48 38 38
48 39 34
48 40 46
48 41 50
48 42 46
48 43 35
48 44 47
48 45 45
48 46 51
48 47 58
48 48 100
