0 0 99
0 1 49
0 2 50
0 3 65
0 4 70
0 5 52
0 6 43
0 7 36
0 8 62
0 9 51
0 10 35
0 11 50
0 12 44
0 13 30
0 14 37
0 15 53
0 16 38
0 17 58
0 18 48
0 19 35
0 20 52
0 21 37
0 22 29
0 23 59
0 24 72
0 25 52
0 26 69
0 27 49
0 28 46
0 29 37
0 30 40
0 31 45
0 32 43
0 33 63
0 34 42
0 35 56
0 36 53
0 37 55
0 38 54
0 39 38
0 40 67
0 41 52
0 42 52
0 43 45
0 44 54
0 45 71
0 46 48
0 47 61
0 48 54
0 49 37
0 50 69
0 51 52
0 52 30
0 53 63
0 54 46
0 55 55
0 56 50
0 57 51
0 58 48
0 59 54
0 60 62
0 61 45
1 0 49
1 1 99
1 2 54
1 3 62
1 4 56
1 5 51
1 6 46
1 7 37
1 8 63
1 9 57
1 10 39
1 11 48
1 12 41
1 13 47
1 14 22
1 15 57
1 16 35
1 17 53
1 18 47
1 19 27
1 20 59
1 21 33
1 22 40
1 23 53
1 24 44
1 25 40
1 26 40
1 27 51
1 28 46
1 29 49
1 30 55
1 31 47
1 32 49
1 33 64
1 34 45
1 35 55
1 36 52
1 37 56
1 38 40
1 39 28
1 40 54
1 41 52
1 42 61
1 43 49
1 44 56
1 45 54
1 46 55
1 47 60
1 48 57
1 49 45
1 50 46
1 51 57
1 52 52
1 53 54
1 54 46
1 55 60
1 56 56
1 57 56
1 58 44
1 59 41
1 60 58
1 61 38
2 0 50
2 1 54
2 2 99
2 3 50
2 4 49
2 5 35
2 6 55
2 7 33
2 8 53
2 9 54
2 10 44
2 11 48
2 12 51
2 13 37
2 14 30
2 15 75
2 16 24
2 17 50
2 18 59
2 19 42
2 20 47
2 21 48
2 22 61
2 23 47
2 24 50
2 25 44
2 26 40
2 27 55
2 28 38
2 29 36
2 30 54
2 31 53
2 32 44
2 33 48
2 34 44
2 35 53
2 36 49
2 37 53
2 38 42
2 39 41
2 40 46
2 41 40
2 42 56
2 43 41
2 44 40
2 45 54
2 46 52
2 47 48
2 48 39
2 49 38
2 50 42
2 51 44
2 52 24
2 53 58
2 54 47
2 55 55
2 56 55
2 57 43
2 58 53
2 59 49
2 60 44
2 61 42
3 0 65
3 1 62
3 2 50
3 3 99
3 4 65
3 5 56
3 6 42
3 7 38
3 8 55
3 9 48
3 10 34
3 11 48
3 12 36
3 13 50
3 14 34
3 15 57
3 16 41
3 17 58
3 18 55
3 19 23
3 20 52
3 21 33
3 22 40
3 23 63
3 24 56
3 25 40
3 26 63
3 27 47
3 28 42
3 29 41
3 30 41
3 31 41
3 32 42
3 33 64
3 34 42
3 35 51
3 36 51
3 37 63
3 38 45
3 39 28
3 40 68
3 41 52
3 42 59
3 43 52
3 44 73
3 45 58
3 46 56
3 47 66
3 48 79
3 49 45
3 50 53
3 51 57
3 52 38
3 53 56
3 54 46
3 55 45
3 56 59
3 57 68
3 58 44
3 59 38
3 60 63
3 61 42
4 0 70
4 1 56
4 2 49
4 3 65
4 4 100
4 5 52
4 6 66
4 7 56
4 8 54
4 9 46
4 10 48
4 11 54
4 12 47
4 13 40
4 14 39
4 15 55
4 16 45
4 17 62
4 18 52
4 19 32
4 20 44
4 21 33
4 22 52
4 23 59
4 24 58
4 25 41
4 26 62
4 27 52
4 28 31
4 29 43
4 30 40
4 31 47
4 32 62
4 33 62
4 34 42
4 35 50
4 36 48
4 37 65
4 38 55
4 39 33
4 40 63
4 41 55
4 42 53
4 43 58
4 44 49
4 45 62
4 46 51
4 47 68
4 48 59
4 49 46
4 50 64
4 51 61
4 52 40
4 53 64
4 54 55
4 55 52
4 56 58
4 57 56
4 58 57
4 59 49
4 60 56
4 61 30
5 0 52
5 1 51
5 2 35
5 3 56
5 4 52
5 5 100
5 6 39
5 7 32
5 8 42
5 9 33
5 10 28
5 11 36
5 12 30
5 13 38
5 14 34
5 15 39
5 16 40
5 17 39
5 18 36
5 19 14
5 20 31
5 21 27
5 22 31
5 23 45
5 24 54
5 25 36
5 26 49
5 27 31
5 28 27
5 29 32
5 30 29
5 31 37
5 32 48
5 33 48
5 34 40
5 35 37
5 36 42
5 37 46
5 38 38
5 39 30
5 40 45
5 41 46
5 42 42
5 43 50
5 44 54
5 45 46
5 46 37
5 47 50
5 48 52
5 49 39
5 50 52
5 51 44
5 52 41
5 53 46
5 54 39
5 55 46
5 56 43
5 57 49
5 58 37
5 59 34
5 60 50
5 61 33
6 0 43
6 1 46
6 2 55
6 3 42
6 4 66
6 5 39
6 6 100
6 7 67
6 8 41
6 9 39
6 10 64
6 11 56
6 12 56
6 13 40
6 14 30
6 15 53
6 16 33
6 17 65
6 18 52
6 19 34
6 20 30
6 21 39
6 22 46
6 23 43
6 24 42
6 25 43
6 26 37
6 27 55
6 28 29
6 29 52
6 30 49
6 31 51
6 32 64
6 33 44
6 34 35
6 35 48
6 36 45
6 37 58
6 38 49
6 39 34
6 40 49
6 41 52
6 42 51
6 43 56
6 44 34
6 45 42
6 46 52
6 47 51
6 48 40
6 49 45
6 50 45
6 51 43
6 52 35
6 53 70
6 54 61
6 55 48
6 56 57
6 57 53
6 58 69
6 59 39
6 60 43
6 61 26
7 0 36
7 1 37
7 2 33
7 3 38
7 4 56
7 5 32
7 6 67
7 7 100
7 8 31
7 9 30
7 10 77
7 11 77
7 12 38
7 13 37
7 14 31
7 15 37
7 16 31
7 17 74
7 18 52
7 19 14
7 20 24
7 21 20
7 22 32
7 23 34
7 24 30
7 25 24
7 26 27
7 27 43
7 28 24
7 29 71
7 30 27
7 31 30
7 32 46
7 33 34
7 34 17
7 35 26
7 36 29
7 37 41
7 38 64
7 39 31
7 40 48
7 41 54
7 42 39
7 43 38
7 44 29
7 45 29
7 46 37
7 47 35
7 48 30
7 49 27
7 50 42
7 51 38
7 52 21
7 53 59
7 54 70
7 55 21
7 56 45
7 57 53
7 58 68
7 59 19
7 60 31
7 61 18
8 0 62
8 1 63
8 2 53
8 3 55
8 4 54
8 5 42
8 6 41
8 7 31
8 8 100
8 9 74
8 10 39
8 11 49
8 12 46
8 13 47
8 14 32
8 15 60
8 16 28
8 17 56
8 18 38
8 19 47
8 20 57
8 21 50
8 22 33
8 23 54
8 24 55
8 25 44
8 26 42
8 27 57
8 28 45
8 29 31
8 30 51
8 31 50
8 32 39
8 33 61
8 34 40
8 35 67
8 36 69
8 37 54
8 38 41
8 39 27
8 40 50
8 41 38
8 42 62
8 43 35
8 44 50
8 45 60
8 46 64
8 47 57
8 48 42
8 49 35
8 50 46
8 51 49
8 52 28
8 53 62
8 54 35
8 55 55
8 56 61
8 57 51
8 58 35
8 59 49
8 60 55
8 61 41
9 0 51
9 1 57
9 2 54
9 3 48
9 4 46
9 5 33
9 6 39
9 7 30
9 8 74
9 9 100
9 10 43
9 11 48
9 12 44
9 13 47
9 14 38
9 15 67
9 16 21
9 17 56
9 18 37
9 19 65
9 20 53
9 21 47
9 22 35
9 23 45
9 24 56
9 25 41
9 26 39
9 27 59
9 28 42
9 29 34
9 30 53
9 31 46
9 32 33
9 33 53
9 34 54
9 35 67
9 36 67
9 37 42
9 38 33
9 39 24
9 40 43
9 41 32
9 42 56
9 43 28
9 44 44
9 45 63
9 46 63
9 47 52
9 48 33
9 49 28
9 50 30
9 51 44
9 52 21
9 53 57
9 54 38
9 55 44
9 56 55
9 57 47
9 58 38
9 59 61
9 60 55
9 61 30
10 0 35
10 1 39
10 2 44
10 3 34
10 4 48
10 5 28
10 6 64
10 7 77
10 8 39
10 9 43
10 10 99
10 11 83
10 12 40
10 13 50
10 14 34
10 15 50
10 16 23
10 17 68
10 18 54
10 19 31
10 20 33
10 21 39
10 22 36
10 23 27
10 24 36
10 25 34
10 26 30
10 27 52
10 28 23
10 29 73
10 30 34
10 31 41
10 32 44
10 33 29
10 34 24
10 35 36
10 36 36
10 37 38
10 38 63
10 39 34
10 40 41
10 41 57
10 42 42
10 43 40
10 44 27
10 45 36
10 46 43
10 47 37
10 48 28
10 49 27
10 50 30
10 51 31
10 52 22
10 53 46
10 54 66
10 55 33
10 56 51
10 57 38
10 58 59
10 59 32
10 60 28
10 61 19
11 0 50
11 1 48
11 2 48
11 3 48
11 4 54
11 5 36
11 6 56
11 7 77
11 8 49
11 9 48
11 10 83
11 11 99
11 12 37
11 13 43
11 14 36
11 15 54
11 16 31
11 17 74
11 18 64
11 19 26
11 20 41
11 21 30
11 22 40
11 23 45
11 24 42
11 25 32
11 26 37
11 27 52
11 28 41
11 29 79
11 30 33
11 31 40
11 32 44
11 33 43
11 34 25
11 35 43
11 36 40
11 37 43
11 38 76
11 39 44
11 40 55
11 41 68
11 42 48
11 43 39
11 44 36
11 45 47
11 46 44
11 47 43
11 48 39
11 49 29
11 50 46
11 51 41
11 52 21
11 53 60
11 54 78
11 55 37
11 56 48
11 57 50
11 58 70
11 59 30
11 60 41
11 61 31
12 0 44
12 1 41
12 2 51
12 3 36
12 4 47
12 5 30
12 6 56
12 7 38
12 8 46
12 9 44
12 10 40
12 11 37
12 12 100
12 13 34
12 14 28
12 15 50
12 16 38
12 17 51
12 18 34
12 19 51
12 20 37
12 21 45
12 22 33
12 23 32
12 24 41
12 25 48
12 26 36
12 27 55
12 28 36
12 29 39
12 30 59
12 31 48
12 32 44
12 33 36
12 34 39
12 35 57
12 36 49
12 37 54
12 38 26
12 39 30
12 40 32
12 41 41
12 42 53
12 43 38
12 44 35
12 45 53
12 46 67
12 47 50
12 48 32
12 49 51
12 50 30
12 51 33
12 52 30
12 53 45
12 54 32
12 55 46
12 56 45
12 57 39
12 58 35
12 59 50
12 60 41
12 61 45
13 0 30
13 1 47
13 2 37
13 3 50
13 4 40
13 5 38
13 6 40
13 7 37
13 8 47
13 9 47
13 10 50
13 11 43
13 12 34
13 13 99
13 14 26
13 15 47
13 16 32
13 17 51
13 18 39
13 19 26
13 20 38
13 21 44
13 22 35
13 23 33
13 24 37
13 25 35
13 26 32
13 27 43
13 28 28
13 29 41
13 30 30
13 31 38
13 32 40
13 33 41
13 34 36
13 35 43
13 36 46
13 37 46
13 38 25
13 39 13
13 40 38
13 41 39
13 42 38
13 43 36
13 44 47
13 45 37
13 46 52
13 47 47
13 48 39
13 49 41
13 50 27
13 51 38
13 52 33
13 53 36
13 54 36
13 55 27
13 56 57
13 57 41
13 58 34
13 59 27
13 60 47
13 61 21
14 0 37
14 1 22
14 2 30
14 3 34
14 4 39
14 5 34
14 6 30
14 7 31
14 8 32
14 9 38
14 10 34
14 11 36
14 12 28
14 13 26
14 14 100
14 15 52
14 16 37
14 17 40
14 18 31
14 19 37
14 20 26
14 21 27
14 22 25
14 23 37
14 24 41
14 25 29
14 26 38
14 27 31
14 28 19
14 29 31
14 30 29
14 31 25
14 32 24
14 33 25
14 34 35
14 35 31
14 36 36
14 37 34
14 38 24
14 39 22
14 40 27
14 41 29
14 42 35
14 43 28
14 44 32
14 45 44
14 46 39
14 47 37
14 48 32
14 49 23
14 50 27
14 51 24
14 52 9
14 53 29
14 54 30
14 55 27
14 56 30
14 57 32
14 58 26
14 59 43
14 60 35
14 61 19
15 0 53
15 1 57
15 2 75
15 3 57
15 4 55
15 5 39
15 6 53
15 7 37
15 8 60
15 9 67
15 10 50
15 11 54
15 12 50
15 13 47
15 14 52
15 15 100
15 16 32
15 17 59
15 18 58
15 19 56
15 20 54
15 21 47
15 22 60
15 23 51
15 24 54
15 25 50
15 26 47
15 27 60
15 28 39
15 29 46
15 30 58
15 31 54
15 32 44
15 33 50
15 34 55
15 35 57
15 36 58
15 37 53
15 38 40
15 39 37
15 40 46
15 41 49
15 42 62
15 43 43
15 44 45
15 45 62
15 46 62
15 47 58
15 48 45
15 49 42
15 50 38
15 51 45
15 52 30
15 53 55
15 54 51
15 55 56
15 56 55
15 57 46
15 58 44
15 59 61
15 60 53
15 61 35
16 0 38
16 1 35
16 2 24
16 3 41
16 4 45
16 5 40
16 6 33
16 7 31
16 8 28
16 9 21
16 10 23
16 11 31
16 12 38
16 13 32
16 14 37
16 15 32
16 16 99
16 17 37
16 18 37
16 19 16
16 20 29
16 21 13
16 22 34
16 23 51
16 24 34
16 25 31
16 26 37
16 27 30
16 28 26
16 29 33
16 30 33
16 31 28
16 32 38
16 33 38
16 34 23
16 35 34
16 36 33
16 37 39
16 38 29
16 39 27
16 40 38
16 41 38
16 42 30
16 43 31
16 44 41
16 45 33
16 46 36
16 47 50
16 48 47
16 49 35
16 50 40
16 51 29
16 52 30
16 53 30
16 54 30
16 55 28
16 56 28
16 57 41
16 58 34
16 59 25
16 60 53
16 61 26
17 0 58
17 1 53
17 2 50
17 3 58
17 4 62
17 5 39
17 6 65
17 7 74
17 8 56
17 9 56
17 10 68
17 11 74
17 12 51
17 13 51
17 14 40
17 15 59
17 16 37
17 17 100
17 18 58
17 19 32
17 20 44
17 21 39
17 22 40
17 23 53
17 24 48
17 25 45
17 26 40
17 27 58
17 28 43
17 29 69
17 30 47
17 31 47
17 32 53
17 33 57
17 34 34
17 35 51
17 36 51
17 37 57
17 38 58
17 39 38
17 40 56
17 41 59
17 42 59
17 43 41
17 44 48
17 45 56
17 46 65
17 47 52
17 48 46
17 49 43
17 50 50
17 51 47
17 52 30
17 53 68
17 54 68
17 55 37
17 56 58
17 57 61
17 58 66
17 59 38
17 60 53
17 61 38
18 0 48
18 1 47
18 2 59
18 3 55
18 4 52
18 5 36
18 6 52
18 7 52
18 8 38
18 9 37
18 10 54
18 11 64
18 12 34
18 13 39
18 14 31
18 15 58
18 16 37
18 17 58
18 18 100
18 19 17
18 20 43
18 21 22
18 22 59
18 23 48
18 24 39
18 25 31
18 26 38
18 27 40
18 28 41
18 29 56
18 30 29
18 31 36
18 32 45
18 33 48
18 34 31
18 35 37
18 36 34
18 37 41
18 38 58
18 39 57
18 40 57
18 41 65
18 42 41
18 43 40
18 44 41
18 45 42
18 46 35
18 47 38
18 48 46
18 49 34
18 50 48
18 51 41
18 52 21
18 53 56
18 54 74
18 55 32
18 56 42
18 57 50
18 58 62
18 59 28
18 60 38
18 61 35
19 0 35
19 1 27
19 2 42
19 3 23
19 4 32
19 5 14
19 6 34
19 7 14
19 8 47
19 9 65
19 10 31
19 11 26
19 12 51
19 13 26
19 14 37
19 15 56
19 16 16
19 17 32
19 18 17
19 19 100
19 20 39
19 21 47
19 22 19
19 23 21
19 24 41
19 25 44
19 26 31
19 27 40
19 28 16
19 29 14
19 30 44
19 31 47
19 32 15
19 33 26
19 34 48
19 35 58
19 36 53
19 37 35
19 38 12
19 39 10
19 40 18
19 41 18
19 42 45
19 43 23
19 44 19
19 45 52
19 46 56
19 47 42
19 48 17
19 49 27
19 50 15
19 51 23
19 52 9
19 53 32
19 54 11
19 55 41
19 56 41
19 57 18
19 58 14
19 59 61
19 60 46
19 61 21
20 0 52
20 1 59
20 2 47
20 3 52
20 4 44
20 5 31
20 6 30
20 7 24
20 8 57
20 9 53
20 10 33
20 11 41
20 12 37
20 13 38
20 14 26
20 15 54
20 16 29
20 17 44
20 18 43
20 19 39
20 20 99
20 21 33
20 22 33
20 23 43
20 24 40
20 25 39
20 26 33
20 27 40
20 28 42
20 29 31
20 30 43
20 31 46
20 32 30
20 33 58
20 34 42
20 35 61
20 36 51
20 37 42
20 38 39
20 39 35
20 40 45
20 41 46
20 42 51
20 43 35
20 44 41
20 45 53
20 46 54
20 47 49
20 48 40
20 49 35
20 50 42
20 51 44
20 52 26
20 53 46
20 54 37
20 55 40
20 56 49
20 57 45
20 58 37
20 59 43
20 60 57
20 61 42
21 0 37
21 1 33
21 2 48
21 3 33
21 4 33
21 5 27
21 6 39
21 7 20
21 8 50
21 9 47
21 10 39
21 11 30
21 12 45
21 13 44
21 14 27
21 15 47
21 16 13
21 17 39
21 18 22
21 19 47
21 20 33
21 21 100
21 22 30
21 23 27
21 24 43
21 25 36
21 26 31
21 27 49
21 28 23
21 29 22
21 30 38
21 31 46
21 32 24
21 33 27
21 34 31
21 35 52
21 36 46
21 37 45
21 38 20
21 39 17
21 40 28
21 41 22
21 42 45
21 43 22
21 44 25
21 45 37
21 46 48
21 47 35
21 48 27
21 49 27
21 50 20
21 51 28
21 52 14
21 53 34
21 54 19
21 55 42
21 56 49
21 57 26
21 58 20
21 59 46
21 60 27
21 61 26
22 0 29
22 1 40
22 2 61
22 3 40
22 4 52
22 5 31
22 6 46
22 7 32
22 8 33
22 9 35
22 10 36
22 11 40
22 12 33
22 13 35
22 14 25
22 15 60
22 16 34
22 17 40
22 18 59
22 19 19
22 20 33
22 21 30
22 22 100
22 23 46
22 24 33
22 25 34
22 26 31
22 27 43
22 28 34
22 29 35
22 30 37
22 31 33
22 32 54
22 33 35
22 34 31
22 35 33
22 36 31
22 37 37
22 38 33
22 39 37
22 40 41
22 41 42
22 42 40
22 43 47
22 44 34
22 45 35
22 46 35
22 47 41
22 48 36
22 49 31
22 50 33
22 51 37
22 52 27
22 53 37
22 54 42
22 55 32
22 56 33
22 57 36
22 58 39
22 59 27
22 60 31
22 61 23
23 0 59
23 1 53
23 2 47
23 3 63
23 4 59
23 5 45
23 6 43
23 7 34
23 8 54
23 9 45
23 10 27
23 11 45
23 12 32
23 13 33
23 14 37
23 15 51
23 16 51
23 17 53
23 18 48
23 19 21
23 20 43
23 21 27
23 22 46
23 23 100
23 24 58
23 25 31
23 26 53
23 27 40
23 28 43
23 29 34
23 30 38
23 31 39
23 32 43
23 33 60
23 34 36
23 35 45
23 36 41
23 37 55
23 38 44
23 39 34
23 40 62
23 41 47
23 42 52
23 43 43
23 44 46
23 45 49
23 46 45
23 47 56
23 48 53
23 49 36
23 50 57
23 51 54
23 52 29
23 53 54
23 54 46
23 55 46
23 56 50
23 57 59
23 58 49
23 59 35
23 60 59
23 61 39
24 0 72
24 1 44
24 2 50
24 3 56
24 4 58
24 5 54
24 6 42
24 7 30
24 8 55
24 9 56
24 10 36
24 11 42
24 12 41
24 13 37
24 14 41
24 15 54
24 16 34
24 17 48
24 18 39
24 19 41
24 20 40
24 21 43
24 22 33
24 23 58
24 24 100
24 25 45
24 26 62
24 27 53
24 28 35
24 29 32
24 30 41
24 31 43
24 32 39
24 33 54
24 34 49
24 35 50
24 36 55
24 37 54
24 38 43
24 39 25
24 40 59
24 41 46
24 42 53
24 43 44
24 44 47
24 45 60
24 46 46
24 47 61
24 48 48
24 49 32
24 50 49
24 51 48
24 52 26
24 53 52
24 54 37
24 55 49
24 56 50
24 57 49
24 58 39
24 59 59
24 60 48
24 61 35
25 0 52
25 1 40
25 2 44
25 3 40
25 4 41
25 5 36
25 6 43
25 7 24
25 8 44
25 9 41
25 10 34
25 11 32
25 12 48
25 13 35
25 14 29
25 15 50
25 16 31
25 17 45
25 18 31
25 19 44
25 20 39
25 21 36
25 22 34
25 23 31
25 24 45
25 25 100
25 26 39
25 27 42
25 28 35
25 29 35
25 30 51
25 31 48
25 32 38
25 33 44
25 34 40
25 35 47
25 36 51
25 37 42
25 38 17
25 39 22
25 40 35
25 41 37
25 42 51
25 43 50
25 44 44
25 45 49
25 46 51
25 47 50
25 48 31
25 49 40
25 50 33
25 51 33
25 52 33
25 53 41
25 54 26
25 55 53
25 56 35
25 57 37
25 58 26
25 59 44
25 60 44
25 61 33
26 0 69
26 1 40
26 2 40
26 3 63
26 4 62
26 5 49
26 6 37
26 7 27
26 8 42
26 9 39
26 10 30
26 11 37
26 12 36
26 13 32
26 14 38
26 15 47
26 16 37
26 17 40
26 18 38
26 19 31
26 20 33
26 21 31
26 22 31
26 23 53
26 24 62
26 25 39
26 26 100
26 27 37
26 28 30
26 29 31
26 30 34
26 31 39
26 32 35
26 33 42
26 34 37
26 35 43
26 36 43
26 37 49
26 38 38
26 39 23
26 40 65
26 41 48
26 42 46
26 43 52
26 44 53
26 45 61
26 46 39
26 47 64
26 48 59
26 49 30
26 50 55
26 51 45
26 52 32
26 53 43
26 54 32
26 55 51
26 56 41
26 57 44
26 58 34
26 59 46
26 60 46
26 61 32
27 0 49
27 1 51
27 2 55
27 3 47
27 4 52
27 5 31
27 6 55
27 7 43
27 8 57
27 9 59
27 10 52
27 11 52
27 12 55
27 13 43
27 14 31
27 15 60
27 16 30
27 17 58
27 18 40
27 19 40
27 20 40
27 21 49
27 22 43
27 23 40
27 24 53
27 25 42
27 26 37
27 27 99
27 28 46
27 29 47
27 30 53
27 31 54
27 32 41
27 33 46
27 34 38
27 35 52
27 36 56
27 37 50
27 38 37
27 39 28
27 40 42
27 41 41
27 42 55
27 43 36
27 44 45
27 45 47
27 46 53
27 47 55
27 48 40
27 49 35
27 50 35
27 51 35
27 52 23
27 53 56
27 54 43
27 55 44
27 56 51
27 57 49
27 58 46
27 59 46
27 60 42
27 61 30
28 0 46
28 1 46
28 2 38
28 3 42
28 4 31
28 5 27
28 6 29
28 7 24
28 8 45
28 9 42
28 10 23
28 11 41
28 12 36
28 13 28
28 14 19
28 15 39
28 16 26
28 17 43
28 18 41
28 19 16
28 20 42
28 21 23
28 22 34
28 23 43
28 24 35
28 25 35
28 26 30
28 27 46
28 28 99
28 29 48
28 30 48
28 31 31
28 32 29
28 33 46
28 34 23
28 35 44
28 36 36
28 37 31
28 38 38
28 39 48
28 40 46
28 41 49
28 42 46
28 43 27
28 44 38
28 45 41
28 46 37
28 47 31
28 48 33
28 49 25
28 50 38
28 51 36
28 52 22
28 53 49
28 54 45
28 55 35
28 56 29
28 57 38
28 58 38
28 59 25
28 60 37
28 61 48
29 0 37
29 1 49
29 2 36
29 3 41
29 4 43
29 5 32
29 6 52
29 7 71
29 8 31
29 9 34
29 10 73
29 11 79
29 12 39
29 13 41
29 14 31
29 15 46
29 16 33
29 17 69
29 18 56
29 19 14
29 20 31
29 21 22
29 22 35
29 23 34
29 24 32
29 25 35
29 26 31
29 27 47
29 28 48
29 29 99
29 30 45
29 31 39
29 32 43
29 33 38
29 34 22
29 35 31
29 36 34
29 37 37
29 38 57
29 39 41
29 40 40
29 41 66
29 42 42
29 43 34
29 44 39
29 45 37
29 46 42
29 47 37
29 48 34
29 49 37
29 50 34
29 51 33
29 52 33
29 53 43
29 54 71
29 55 30
29 56 32
29 57 43
29 58 58
29 59 24
29 60 37
29 61 25
30 0 40
30 1 55
30 2 54
30 3 41
30 4 40
30 5 29
30 6 49
30 7 27
30 8 51
30 9 53
30 10 34
30 11 33
30 12 59
30 13 30
30 14 29
30 15 58
30 16 33
30 17 47
30 18 29
30 19 44
30 20 43
30 21 38
30 22 37
30 23 38
30 24 41
30 25 51
30 26 34
30 27 53
30 28 48
30 29 45
30 30 100
30 31 51
30 32 37
30 33 46
30 34 47
30 35 52
30 36 55
30 37 56
30 38 17
30 39 21
30 40 31
30 41 30
30 42 63
30 43 39
30 44 51
30 45 49
30 46 63
30 47 53
30 48 33
30 49 50
30 50 28
30 51 37
30 52 31
30 53 43
30 54 29
30 55 52
30 56 35
30 57 43
30 58 31
30 59 45
30 60 45
30 61 40
31 0 45
31 1 47
31 2 53
31 3 41
31 4 47
31 5 37
31 6 51
31 7 30
31 8 50
31 9 46
31 10 41
31 11 40
31 12 48
31 13 38
31 14 25
31 15 54
31 16 28
31 17 47
31 18 36
31 19 47
31 20 46
31 21 46
31 22 33
31 23 39
31 24 43
31 25 48
31 26 39
31 27 54
31 28 31
31 29 39
31 30 51
31 31 99
31 32 42
31 33 47
31 34 33
31 35 55
31 36 48
31 37 49
31 38 26
31 39 31
31 40 33
31 41 35
31 42 57
31 43 32
31 44 38
31 45 48
31 46 57
31 47 49
31 48 30
31 49 40
31 50 32
31 51 33
31 52 36
31 53 48
31 54 36
31 55 48
31 56 55
31 57 42
31 58 36
31 59 45
31 60 50
31 61 37
32 0 43
32 1 49
32 2 44
32 3 42
32 4 62
32 5 48
32 6 64
32 7 46
32 8 39
32 9 33
32 10 44
32 11 44
32 12 44
32 13 40
32 14 24
32 15 44
32 16 38
32 17 53
32 18 45
32 19 15
32 20 30
32 21 24
32 22 54
32 23 43
32 24 39
32 25 38
32 26 35
32 27 41
32 28 29
32 29 43
32 30 37
32 31 42
32 32 100
32 33 43
32 34 33
32 35 39
32 36 43
32 37 45
32 38 41
32 39 30
32 40 47
32 41 47
32 42 40
32 43 57
32 44 41
32 45 50
32 46 44
32 47 47
32 48 36
32 49 46
32 50 55
32 51 43
32 52 49
32 53 51
32 54 48
32 55 46
32 56 43
32 57 46
32 58 57
32 59 29
32 60 49
32 61 35
33 0 63
33 1 64
33 2 48
33 3 64
33 4 62
33 5 48
33 6 44
33 7 34
33 8 61
33 9 53
33 10 29
33 11 43
33 12 36
33 13 41
33 14 25
33 15 50
33 16 38
33 17 57
33 18 48
33 19 26
33 20 58
33 21 27
33 22 35
33 23 60
33 24 54
33 25 44
33 26 42
33 27 46
33 28 46
33 29 38
33 30 46
33 31 47
33 32 43
33 33 100
33 34 45
33 35 53
33 36 52
33 37 62
33 38 43
33 39 35
33 40 54
33 41 48
33 42 56
33 43 42
33 44 60
33 45 53
33 46 56
33 47 63
33 48 52
33 49 46
33 50 51
33 51 60
33 52 29
33 53 63
33 54 48
33 55 42
33 56 59
33 57 65
33 58 47
33 59 39
33 60 67
33 61 43
34 0 42
34 1 45
34 2 44
34 3 42
34 4 42
34 5 40
34 6 35
34 7 17
34 8 40
34 9 54
34 10 24
34 11 25
34 12 39
34 13 36
34 14 35
34 15 55
34 16 23
34 17 34
34 18 31
34 19 48
34 20 42
34 21 31
34 22 31
34 23 36
34 24 49
34 25 40
34 26 37
34 27 38
34 28 23
34 29 22
34 30 47
34 31 33
34 32 33
34 33 45
34 34 100
34 35 49
34 36 54
34 37 47
34 38 23
34 39 22
34 40 34
34 41 32
34 42 42
34 43 39
34 44 45
34 45 58
34 46 49
34 47 46
34 48 36
34 49 40
34 50 33
34 51 38
34 52 23
34 53 38
34 54 25
34 55 41
34 56 39
34 57 39
34 58 28
34 59 71
34 60 53
34 61 28
35 0 56
35 1 55
35 2 53
35 3 51
35 4 50
35 5 37
35 6 48
35 7 26
35 8 67
35 9 67
35 10 36
35 11 43
35 12 57
35 13 43
35 14 31
35 15 57
35 16 34
35 17 51
35 18 37
35 19 58
35 20 61
35 21 52
35 22 33
35 23 45
35 24 50
35 25 47
35 26 43
35 27 52
35 28 44
35 29 31
35 30 52
35 31 55
35 32 39
35 33 53
35 34 49
35 35 99
35 36 64
35 37 57
35 38 42
35 39 34
35 40 49
35 41 47
35 42 56
35 43 35
35 44 44
35 45 62
35 46 67
35 47 58
35 48 40
35 49 39
35 50 47
35 51 41
35 52 33
35 53 58
35 54 35
35 55 53
35 56 62
35 57 46
35 58 41
35 59 58
35 60 61
35 61 43
36 0 53
36 1 52
36 2 49
36 3 51
36 4 48
36 5 42
36 6 45
36 7 29
36 8 69
36 9 67
36 10 36
36 11 40
36 12 49
36 13 46
36 14 36
36 15 58
36 16 33
36 17 51
36 18 34
36 19 53
36 20 51
36 21 46
36 22 31
36 23 41
36 24 55
36 25 51
36 26 43
36 27 56
36 28 36
36 29 34
36 30 55
36 31 48
36 32 43
36 33 52
36 34 54
36 35 64
36 36 99
36 37 48
36 38 27
36 39 24
36 40 43
36 41 31
36 42 59
36 43 46
36 44 58
36 45 59
36 46 65
36 47 59
36 48 38
36 49 40
36 50 41
36 51 44
36 52 29
36 53 54
36 54 28
36 55 52
36 56 55
36 57 53
36 58 33
36 59 57
36 60 60
36 61 35
37 0 55
37 1 56
37 2 53
37 3 63
37 4 65
37 5 46
37 6 58
37 7 41
37 8 54
37 9 42
37 10 38
37 11 43
37 12 54
37 13 46
37 14 34
37 15 53
37 16 39
37 17 57
37 18 41
37 19 35
37 20 42
37 21 45
37 22 37
37 23 55
37 24 54
37 25 42
37 26 49
37 27 50
37 28 31
37 29 37
37 30 56
37 31 49
37 32 45
37 33 62
37 34 47
37 35 57
37 36 48
37 37 100
37 38 40
37 39 22
37 40 55
37 41 45
37 42 65
37 43 51
37 44 58
37 45 49
37 46 64
37 47 70
37 48 57
37 49 64
37 50 53
37 51 57
37 52 33
37 53 57
37 54 40
37 55 53
37 56 61
37 57 61
37 58 42
37 59 43
37 60 56
37 61 41
38 0 54
38 1 40
38 2 42
38 3 45
38 4 55
38 5 38
38 6 49
38 7 64
38 8 41
38 9 33
38 10 63
38 11 76
38 12 26
38 13 25
38 14 24
38 15 40
38 16 29
38 17 58
38 18 58
38 19 12
38 20 39
38 21 20
38 22 33
38 23 44
38 24 43
38 25 17
38 26 38
38 27 37
38 28 38
38 29 57
38 30 17
38 31 26
38 32 41
38 33 43
38 34 23
38 35 42
38 36 27
38 37 40
38 38 99
38 39 51
38 40 58
38 41 70
38 42 38
38 43 36
38 44 26
38 45 42
38 46 29
38 47 34
38 48 39
38 49 20
38 50 61
38 51 44
38 52 18
38 53 60
38 54 72
38 55 33
38 56 42
38 57 42
38 58 69
38 59 25
38 60 37
38 61 32
39 0 38
39 1 28
39 2 41
39 3 28
39 4 33
39 5 30
39 6 34
39 7 31
39 8 27
39 9 24
39 10 34
39 11 44
39 12 30
39 13 13
39 14 22
39 15 37
39 16 27
39 17 38
39 18 57
39 19 10
39 20 35
39 21 17
39 22 37
39 23 34
39 24 25
39 25 22
39 26 23
39 27 28
39 28 48
39 29 41
39 30 21
39 31 31
39 32 30
39 33 35
39 34 22
39 35 34
39 36 24
39 37 22
39 38 51
39 39 100
39 40 36
39 41 51
39 42 26
39 43 21
39 44 19
39 45 33
39 46 23
39 47 18
39 48 24
39 49 21
39 50 38
39 51 28
39 52 14
39 53 45
39 54 61
39 55 27
39 56 30
39 57 34
39 58 52
39 59 22
39 60 23
39 61 40
40 0 67
40 1 54
40 2 46
40 3 68
40 4 63
40 5 45
40 6 49
40 7 48
40 8 50
40 9 43
40 10 41
40 11 55
40 12 32
40 13 38
40 14 27
40 15 46
40 16 38
40 17 56
40 18 57
40 19 18
40 20 45
40 21 28
40 22 41
40 23 62
40 24 59
40 25 35
40 26 65
40 27 42
40 28 46
40 29 40
40 30 31
40 31 33
40 32 47
40 33 54
40 34 34
40 35 49
40 36 43
40 37 55
40 38 58
40 39 36
40 40 100
40 41 59
40 42 49
40 43 53
40 44 49
40 45 56
40 46 41
40 47 57
40 48 53
40 49 28
40 50 68
40 51 59
40 52 27
40 53 66
40 54 54
40 55 48
40 56 52
40 57 64
40 58 62
40 59 34
40 60 48
40 61 43
41 0 52
41 1 52
41 2 40
41 3 52
41 4 55
41 5 46
41 6 52
41 7 54
41 8 38
41 9 32
41 10 57
41 11 68
41 12 41
41 13 39
41 14 29
41 15 49
41 16 38
41 17 59
41 18 65
41 19 18
41 20 46
41 21 22
41 22 42
41 23 47
41 24 46
41 25 37
41 26 48
41 27 41
41 28 49
41 29 66
41 30 30
41 31 35
41 32 47
41 33 48
41 34 32
41 35 47
41 36 31
41 37 45
41 38 70
41 39 51
41 40 59
41 41 99
41 42 46
41 43 48
41 44 38
41 45 48
41 46 38
41 47 46
41 48 51
41 49 36
41 50 54
41 51 42
41 52 39
41 53 50
41 54 69
41 55 39
41 56 39
41 57 44
41 58 59
41 59 33
41 60 46
41 61 36
42 0 52
42 1 61
42 2 56
42 3 59
42 4 53
42 5 42
42 6 51
42 7 39
42 8 62
42 9 56
42 10 42
42 11 48
42 12 53
42 13 38
42 14 35
42 15 62
42 16 30
42 17 59
42 18 41
42 19 45
42 20 51
42 21 45
42 22 40
42 23 52
42 24 53
42 25 51
42 26 46
42 27 55
42 28 46
42 29 42
42 30 63
42 31 57
42 32 40
42 33 56
42 34 42
42 35 56
42 36 59
42 37 65
42 38 38
42 39 26
42 40 49
42 41 46
42 42 100
42 43 53
42 44 51
42 45 53
42 46 67
42 47 60
42 48 48
42 49 50
42 50 44
42 51 47
42 52 25
42 53 59
42 54 38
42 55 59
42 56 52
42 57 58
42 58 40
42 59 45
42 60 52
42 61 48
43 0 45
43 1 49
43 2 41
43 3 52
43 4 58
43 5 50
43 6 56
43 7 38
43 8 35
43 9 28
43 10 40
43 11 39
43 12 38
43 13 36
43 14 28
43 15 43
43 16 31
43 17 41
43 18 40
43 19 23
43 20 35
43 21 22
43 22 47
43 23 43
43 24 44
43 25 50
43 26 52
43 27 36
43 28 27
43 29 34
43 30 39
43 31 32
43 32 57
43 33 42
43 34 39
43 35 35
43 36 46
43 37 51
43 38 36
43 39 21
43 40 53
43 41 48
43 42 53
43 43 100
43 44 52
43 45 43
43 46 41
43 47 61
43 48 49
43 49 50
43 50 57
43 51 50
43 52 34
43 53 43
43 54 35
43 55 56
43 56 41
43 57 45
43 58 40
43 59 32
43 60 43
43 61 28
44 0 54
44 1 56
44 2 40
44 3 73
44 4 49
44 5 54
44 6 34
44 7 29
44 8 50
44 9 44
44 10 27
44 11 36
44 12 35
44 13 47
44 14 32
44 15 45
44 16 41
44 17 48
44 18 41
44 19 19
44 20 41
44 21 25
44 22 34
44 23 46
44 24 47
44 25 44
44 26 53
44 27 45
44 28 38
44 29 39
44 30 51
44 31 38
44 32 41
44 33 60
44 34 45
44 35 44
44 36 58
44 37 58
44 38 26
44 39 19
44 40 49
44 41 38
44 42 51
44 43 52
44 44 100
44 45 50
44 46 53
44 47 65
44 48 57
44 49 51
44 50 46
44 51 41
44 52 36
44 53 42
44 54 30
44 55 40
44 56 41
44 57 58
44 58 31
44 59 33
44 60 62
44 61 39
45 0 71
45 1 54
45 2 54
45 3 58
45 4 62
45 5 46
45 6 42
45 7 29
45 8 60
45 9 63
45 10 36
45 11 47
45 12 53
45 13 37
45 14 44
45 15 62
45 16 33
45 17 56
45 18 42
45 19 52
45 20 53
45 21 37
45 22 35
45 23 49
45 24 60
45 25 49
45 26 61
45 27 47
45 28 41
45 29 37
45 30 49
45 31 48
45 32 50
45 33 53
45 34 58
45 35 62
45 36 59
45 37 49
45 38 42
45 39 33
45 40 56
45 41 48
45 42 53
45 43 43
45 44 50
45 45 99
45 46 63
45 47 61
45 48 49
45 49 41
45 50 52
45 51 47
45 52 32
45 53 54
45 54 40
45 55 54
45 56 51
45 57 46
45 58 41
45 59 63
45 60 62
45 61 54
46 0 48
46 1 55
46 2 52
46 3 56
46 4 51
46 5 37
46 6 52
46 7 37
46 8 64
46 9 63
46 10 43
46 11 44
46 12 67
46 13 52
46 14 39
46 15 62
46 16 36
46 17 65
46 18 35
46 19 56
46 20 54
46 21 48
46 22 35
46 23 45
46 24 46
46 25 51
46 26 39
46 27 53
46 28 37
46 29 42
46 30 63
46 31 57
46 32 44
46 33 56
46 34 49
46 35 67
46 36 65
46 37 64
46 38 29
46 39 23
46 40 41
46 41 38
46 42 67
46 43 41
46 44 53
46 45 63
46 46 99
46 47 62
46 48 40
46 49 59
46 50 35
46 51 46
46 52 33
46 53 55
46 54 33
46 55 44
46 56 59
46 57 54
46 58 38
46 59 47
46 60 61
46 61 49
47 0 61
47 1 60
47 2 48
47 3 66
47 4 68
47 5 50
47 6 51
47 7 35
47 8 57
47 9 52
47 10 37
47 11 43
47 12 50
47 13 47
47 14 37
47 15 58
47 16 50
47 17 52
47 18 38
47 19 42
47 20 49
47 21 35
47 22 41
47 23 56
47 24 61
47 25 50
47 26 64
47 27 55
47 28 31
47 29 37
47 30 53
47 31 49
47 32 47
47 33 63
47 34 46
47 35 58
47 36 59
47 37 70
47 38 34
47 39 18
47 40 57
47 41 46
47 42 60
47 43 61
47 44 65
47 45 61
47 46 62
47 47 100
47 48 58
47 49 52
47 50 49
47 51 51
47 52 38
47 53 52
47 54 35
47 55 54
47 56 56
47 57 55
47 58 35
47 59 51
47 60 62
47 61 36
48 0 54
48 1 57
48 2 39
48 3 79
48 4 59
48 5 52
48 6 40
48 7 30
48 8 42
48 9 33
48 10 28
48 11 39
48 12 32
48 13 39
48 14 32
48 15 45
48 16 47
48 17 46
48 18 46
48 19 17
48 20 40
48 21 27
48 22 36
48 23 53
48 24 48
48 25 31
48 26 59
48 27 40
48 28 33
48 29 34
48 30 33
48 31 30
48 32 36
48 33 52
48 34 36
48 35 40
48 36 38
48 37 57
48 38 39
48 39 24
48 40 53
48 41 51
48 42 48
48 43 49
48 44 57
48 45 49
48 46 40
48 47 58
48 48 99
48 49 39
48 50 44
48 51 48
48 52 40
48 53 41
48 54 35
48 55 44
48 56 48
48 57 53
48 58 34
48 59 36
48 60 49
48 61 30
49 0 37
49 1 45
49 2 38
49 3 45
49 4 46
49 5 39
49 6 45
49 7 27
49 8 35
49 9 28
49 10 27
49 11 29
49 12 51
49 13 41
49 14 23
49 15 42
49 16 35
49 17 43
49 18 34
49 19 27
49 20 35
49 21 27
49 22 31
49 23 36
49 24 32
49 25 40
49 26 30
49 27 35
49 28 25
49 29 37
49 30 50
49 31 40
49 32 46
49 33 46
49 34 40
49 35 39
49 36 40
49 37 64
49 38 20
49 39 21
49 40 28
49 41 36
49 42 50
49 43 50
49 44 51
49 45 41
49 46 59
49 47 52
49 48 39
49 49 99
49 50 37
49 51 45
49 52 35
49 53 33
49 54 29
49 55 44
49 56 39
49 57 44
49 58 27
49 59 27
49 60 49
49 61 32
50 0 69
50 1 46
50 2 42
50 3 53
50 4 64
50 5 52
50 6 45
50 7 42
50 8 46
50 9 30
50 10 30
50 11 46
50 12 30
50 13 27
50 14 27
50 15 38
50 16 40
50 17 50
50 18 48
50 19 15
50 20 42
50 21 20
50 22 33
50 23 57
50 24 49
50 25 33
50 26 55
50 27 35
50 28 38
50 29 34
50 30 28
50 31 32
50 32 55
50 33 51
50 34 33
50 35 47
50 36 41
50 37 53
50 38 61
50 39 38
50 40 68
50 41 54
50 42 44
50 43 57
50 44 46
50 45 52
50 46 35
50 47 49
50 48 44
50 49 37
50 50 100
50 51 55
50 52 30
50 53 59
50 54 50
50 55 59
50 56 43
50 57 48
50 58 55
50 59 30
50 60 58
50 61 42
51 0 52
51 1 57
51 2 44
51 3 57
51 4 61
51 5 44
51 6 43
51 7 38
51 8 49
51 9 44
51 10 31
51 11 41
51 12 33
51 13 38
51 14 24
51 15 45
51 16 29
51 17 47
51 18 41
51 19 23
51 20 44
51 21 28
51 22 37
51 23 54
51 24 48
51 25 33
51 26 45
51 27 35
51 28 36
51 29 33
51 30 37
51 31 33
51 32 43
51 33 60
51 34 38
51 35 41
51 36 44
51 37 57
51 38 44
51 39 28
51 40 59
51 41 42
51 42 47
51 43 50
51 44 41
51 45 47
51 46 46
51 47 51
51 48 48
51 49 45
51 50 55
51 51 100
51 52 33
51 53 55
51 54 46
51 55 46
51 56 53
51 57 60
51 58 45
51 59 35
51 60 52
51 61 34
52 0 30
52 1 52
52 2 24
52 3 38
52 4 40
52 5 41
52 6 35
52 7 21
52 8 28
52 9 21
52 10 22
52 11 21
52 12 30
52 13 33
52 14 9
52 15 30
52 16 30
52 17 30
52 18 21
52 19 9
52 20 26
52 21 14
52 22 27
52 23 29
52 24 26
52 25 33
52 26 32
52 27 23
52 28 22
52 29 33
52 30 31
52 31 36
52 32 49
52 33 29
52 34 23
52 35 33
52 36 29
52 37 33
52 38 18
52 39 14
52 40 27
52 41 39
52 42 25
52 43 34
52 44 36
52 45 32
52 46 33
52 47 38
52 48 40
52 49 35
52 50 30
52 51 33
52 52 100
52 53 24
52 54 26
52 55 36
52 56 32
52 57 27
52 58 21
52 59 26
52 60 39
52 61 21
53 0 63
53 1 54
53 2 58
53 3 56
53 4 64
53 5 46
53 6 70
53 7 59
53 8 62
53 9 57
53 10 46
53 11 60
53 12 45
53 13 36
53 14 29
53 15 55
53 16 30
53 17 68
53 18 56
53 19 32
53 20 46
53 21 34
53 22 37
53 23 54
53 24 52
53 25 41
53 26 43
53 27 56
53 28 49
53 29 43
53 30 43
53 31 48
53 32 51
53 33 63
53 34 38
53 35 58
53 36 54
53 37 57
53 38 60
53 39 45
53 40 66
53 41 50
53 42 59
53 43 43
53 44 42
53 45 54
53 46 55
53 47 52
53 48 41
53 49 33
53 50 59
53 51 55
53 52 24
53 53 100
53 54 65
53 55 49
53 56 62
53 57 70
53 58 73
53 59 42
53 60 52
53 61 47
54 0 46
54 1 46
54 2 47
54 3 46
54 4 55
54 5 39
54 6 61
54 7 70
54 8 35
54 9 38
54 10 66
54 11 78
54 12 32
54 13 36
54 14 30
54 15 51
54 16 30
54 17 68
54 18 74
54 19 11
54 20 37
54 21 19
54 22 42
54 23 46
54 24 37
54 25 26
54 26 32
54 27 43
54 28 45
54 29 71
54 30 29
54 31 36
54 32 48
54 33 48
54 34 25
54 35 35
54 36 28
54 37 40
54 38 72
54 39 61
54 40 54
54 41 69
54 42 38
54 43 35
54 44 30
54 45 40
54 46 33
54 47 35
54 48 35
54 49 29
54 50 50
54 51 46
54 52 26
54 53 65
54 54 100
54 55 33
54 56 43
54 57 53
54 58 80
54 59 25
54 60 41
54 61 31
55 0 55
55 1 60
55 2 55
55 3 45
55 4 52
55 5 46
55 6 48
55 7 21
55 8 55
55 9 44
55 10 33
55 11 37
55 12 46
55 13 27
55 14 27
55 15 56
55 16 28
55 17 37
55 18 32
55 19 41
55 20 40
55 21 42
55 22 32
55 23 46
55 24 49
55 25 53
55 26 51
55 27 44
55 28 35
55 29 30
55 30 52
55 31 48
55 32 46
55 33 42
55 34 41
55 35 53
55 36 52
55 37 53
55 38 33
55 39 27
55 40 48
55 41 39
55 42 59
55 43 56
55 44 40
55 45 54
55 46 44
55 47 54
55 48 44
55 49 44
55 50 59
55 51 46
55 52 36
55 53 49
55 54 33
55 55 99
55 56 44
55 57 40
55 58 33
55 59 46
55 60 47
55 61 38
56 0 50
56 1 56
56 2 55
56 3 59
56 4 58
56 5 43
56 6 57
56 7 45
56 8 61
56 9 55
56 10 51
56 11 48
56 12 45
56 13 57
56 14 30
56 15 55
56 16 28
56 17 58
56 18 42
56 19 41
56 20 49
56 21 49
56 22 33
56 23 50
56 24 50
56 25 35
56 26 41
56 27 51
56 28 29
56 29 32
56 30 35
56 31 55
56 32 43
56 33 59
56 34 39
56 35 62
56 36 55
56 37 61
56 38 42
56 39 30
56 40 52
56 41 39
56 42 52
56 43 41
56 44 41
56 45 51
56 46 59
56 47 56
56 48 48
56 49 39
56 50 43
56 51 53
56 52 32
56 53 62
56 54 43
56 55 44
56 56 100
56 57 59
56 58 49
56 59 45
56 60 54
56 61 37
57 0 51
57 1 56
57 2 43
57 3 68
57 4 56
57 5 49
57 6 53
57 7 53
57 8 51
57 9 47
57 10 38
57 11 50
57 12 39
57 13 41
57 14 32
57 15 46
57 16 41
57 17 61
57 18 50
57 19 18
57 20 45
57 21 26
57 22 36
57 23 59
57 24 49
57 25 37
57 26 44
57 27 49
57 28 38
57 29 43
57 30 43
57 31 42
57 32 46
57 33 65
57 34 39
57 35 46
57 36 53
57 37 61
57 38 42
57 39 34
57 40 64
57 41 44
57 42 58
57 43 45
57 44 58
57 45 46
57 46 54
57 47 55
57 48 53
57 49 44
57 50 48
57 51 60
57 52 27
57 53 70
57 54 53
57 55 40
57 56 59
57 57 100
57 58 57
57 59 29
57 60 54
57 61 39
58 0 48
58 1 44
58 2 53
58 3 44
58 4 57
58 5 37
58 6 69
58 7 68
58 8 35
58 9 38
58 10 59
58 11 70
58 12 35
58 13 34
58 14 26
58 15 44
58 16 34
58 17 66
58 18 62
58 19 14
58 20 37
58 21 20
58 22 39
58 23 49
58 24 39
58 25 26
58 26 34
58 27 46
58 28 38
58 29 58
58 30 31
58 31 36
58 32 57
58 33 47
58 34 28
58 35 41
58 36 33
58 37 42
58 38 69
58 39 52
58 40 62
58 41 59
58 42 40
58 43 40
58 44 31
58 45 41
58 46 38
58 47 35
58 48 34
58 49 27
58 50 55
58 51 45
58 52 21
58 53 73
58 54 80
58 55 33
58 56 49
58 57 57
58 58 99
58 59 26
58 60 43
58 61 35
59 0 54
59 1 41
59 2 49
59 3 38
59 4 49
59 5 34
59 6 39
59 7 19
59 8 49
59 9 61
59 10 32
59 11 30
59 12 50
59 13 27
59 14 43
59 15 61
59 16 25
59 17 38
59 18 28
59 19 61
59 20 43
59 21 46
59 22 27
59 23 35
59 24 59
59 25 44
59 26 46
59 27 46
59 28 25
59 29 24
59 30 45
59 31 45
59 32 29
59 33 39
59 34 71
59 35 58
59 36 57
59 37 43
59 38 25
59 39 22
59 40 34
59 41 33
59 42 45
59 43 32
59 44 33
59 45 63
59 46 47
59 47 51
59 48 36
59 49 27
59 50 30
59 51 35
59 52 26
59 53 42
59 54 25
59 55 46
59 56 45
59 57 29
59 58 26
59 59 99
59 60 47
59 61 22
60 0 62
60 1 58
60 2 44
60 3 63
60 4 56
60 5 50
60 6 43
60 7 31
60 8 55
60 9 55
60 10 28
60 11 41
60 12 41
60 13 47
60 14 35
60 15 53
60 16 53
60 17 53
60 18 38
60 19 46
60 20 57
60 21 27
60 22 31
60 23 59
60 24 48
60 25 44
60 26 46
60 27 42
60 28 37
60 29 37
60 30 45
60 31 50
60 32 49
60 33 67
60 34 53
60 35 61
60 36 60
60 37 56
60 38 37
60 39 23
60 40 48
60 41 46
60 42 52
60 43 43
60 44 62
60 45 62
60 46 61
60 47 62
60 48 49
60 49 49
60 50 58
60 51 52
60 52 39
60 53 52
60 54 41
60 55 47
60 56 54
60 57 54
60 58 43
60 59 47
60 60 100
60 61 38
61 0 45
61 1 38
61 2 42
61 3 42
61 4 30
61 5 33
61 6 26
61 7 18
61 8 41
61 9 30
61 10 19
61 11 31
61 12 45
61 13 21
61 14 19
61 15 35
61 16 26
61 17 38
61 18 35
61 19 21
61 20 42
61 21 26
61 22 23
61 23 39
61 24 35
61 25 33
61 26 32
61 27 30
61 28 48
61 29 25
61 30 40
61 31 37
61 32 35
61 33 43
61 34 28
61 35 43
61 36 35
61 37 41
61 38 32
61 39 40
61 40 43
61 41 36
61 42 48
61 43 28
61 44 39
61 45 54
61 46 49
61 47 36
61 48 30
61 49 32
61 50 42
61 51 34
61 52 21
61 53 47
61 54 31
61 55 38
61 56 37
61 57 39
61 58 35
61 59 22
61 60 38
61 61 99
