0 0 99
0 1 20
0 2 41
0 3 34
0 4 65
0 5 39
0 6 82
0 7 34
0 8 44
0 9 46
0 10 60
0 11 51
0 12 59
0 13 59
0 14 38
0 15 51
0 16 52
0 17 35
0 18 36
0 19 50
0 20 54
0 21 58
0 22 31
0 23 28
0 24 42
0 25 67
0 26 31
0 27 45
0 28 34
0 29 30
0 30 25
0 31 49
0 32 37
0 33 50
0 34 34
0 35 30
0 36 41
0 37 34
0 38 48
0 39 21
0 40 19
0 41 35
0 42 40
0 43 18
0 46 43
0 47 49
0 48 42
0 49 40
0 50 22
0 51 34
0 52 45
0 53 50
0 54 39
0 55 37
0 56 42
0 57 44
0 58 46
0 59 48
0 60 31
0 61 44
0 62 36
0 63 37
0 64 15
0 65 44
0 66 47
0 67 30
0 68 34
0 69 28
0 70 31
0 71 30
0 72 23
0 73 44
0 74 48
0 75 50
0 76 24
0 77 21
0 80 28
0 81 24
0 82 33
0 83 46
0 84 36
0 85 25
0 86 53
0 87 35
0 88 30
0 89 46
0 90 42
0 91 49
0 92 46
0 93 34
0 94 27
0 95 31
0 96 43
0 97 26
0 98 13
0 99 52
0 100 48
0 101 34
0 102 30
0 103 40
0 104 59
0 105 40
0 106 55
0 107 47
0 108 28
1 0 20
1 1 99
1 2 20
1 3 29
1 4 34
1 5 32
1 6 26
1 7 12
1 8 34
1 9 27
1 10 50
1 11 34
1 12 34
1 13 21
1 14 31
1 15 31
1 16 32
1 17 26
1 18 37
1 19 30
1 20 38
1 21 23
1 22 30
1 23 27
1 24 25
1 25 31
1 26 19
1 27 25
1 28 29
1 29 29
1 30 31
1 31 35
1 32 30
1 33 33
1 34 32
1 35 14
1 36 32
1 37 32
1 38 25
1 39 25
1 40 36
1 41 35
1 42 33
1 43 24
1 46 26
1 47 35
1 48 31
1 49 24
1 50 22
1 51 34
1 52 29
1 53 34
1 54 31
1 55 30
1 56 26
1 57 30
1 58 26
1 59 31
1 60 28
1 61 29
1 62 29
1 63 29
1 64 13
1 65 27
1 66 29
1 67 34
1 68 34
1 69 31
1 70 46
1 71 21
1 72 11
1 73 26
1 74 30
1 75 29
1 76 31
1 77 29
1 80 23
1 81 32
1 82 29
1 83 34
1 84 29
1 85 35
1 86 29
1 87 30
1 88 40
1 89 31
1 90 30
1 91 29
1 92 26
1 93 26
1 94 32
1 95 28
1 96 25
1 97 24
1 98 23
1 99 24
1 100 24
1 101 39
1 102 33
1 103 27
1 104 26
1 105 44
1 106 28
1 107 43
1 108 26
2 0 41
2 1 20
2 2 100
2 3 68
2 4 45
2 5 61
2 6 46
2 7 13
2 8 25
2 9 41
2 10 44
2 11 67
2 12 56
2 13 35
2 14 52
2 15 64
2 16 68
2 17 46
2 18 51
2 19 41
2 20 56
2 21 59
2 22 58
2 23 42
2 24 67
2 25 63
2 26 53
2 27 50
2 28 51
2 29 37
2 30 33
2 31 51
2 32 50
2 33 40
2 34 56
2 35 21
2 36 57
2 37 43
2 38 47
2 39 20
2 40 30
2 41 33
2 42 68
2 43 53
2 46 48
2 47 53
2 48 36
2 49 22
2 50 26
2 51 49
2 52 47
2 53 57
2 54 60
2 55 46
2 56 49
2 57 38
2 58 47
2 59 47
2 60 51
2 61 41
2 62 56
2 63 60
2 64 17
2 65 62
2 66 35
2 67 48
2 68 58
2 69 37
2 70 38
2 71 47
2 72 45
2 73 44
2 74 63
2 75 49
2 76 21
2 77 32
2 80 43
2 81 31
2 82 53
2 83 45
2 84 45
2 85 31
2 86 23
2 87 32
2 88 26
2 89 31
2 90 41
2 91 46
2 92 47
2 93 59
2 94 50
2 95 51
2 96 55
2 97 37
2 98 36
2 99 48
2 100 33
2 101 55
2 102 41
2 103 27
2 104 26
2 105 35
2 106 43
2 107 28
2 108 28
3 0 34
3 1 29
3 2 68
3 3 99
3 4 36
3 5 60
3 6 42
3 7 12
3 8 40
3 9 39
3 10 45
3 11 58
3 12 51
3 13 32
3 14 58
3 15 64
3 16 68
3 17 42
3 18 48
3 19 50
3 20 50
3 21 54
3 22 53
3 23 38
3 24 72
3 25 56
3 26 48
3 27 50
3 28 61
3 29 50
3 30 41
3 31 56
3 32 48
3 33 46
3 34 53
3 35 28
3 36 53
3 37 51
3 38 50
3 39 33
3 40 40
3 41 50
3 42 64
3 43 50
3 46 51
3 47 50
3 48 32
3 49 24
3 50 27
3 51 60
3 52 46
3 53 53
3 54 60
3 55 38
3 56 47
3 57 36
3 58 40
3 59 43
3 60 42
3 61 44
3 62 56
3 63 55
3 64 13
3 65 61
3 66 37
3 67 46
3 68 59
3 69 46
3 70 38
3 71 48
3 72 34
3 73 45
3 74 58
3 75 46
3 76 37
3 77 39
3 80 50
3 81 43
3 82 51
3 83 53
3 84 40
3 85 29
3 86 31
3 87 28
3 88 39
3 89 32
3 90 50
3 91 48
3 92 41
3 93 50
3 94 55
3 95 46
3 96 50
3 97 36
3 98 43
3 99 42
3 100 34
3 101 54
3 102 53
3 103 37
3 104 25
3 105 37
3 106 43
3 107 31
3 108 26
4 0 65
4 1 34
4 2 45
4 3 36
4 4 100
4 5 52
4 6 61
4 7 18
4 8 49
4 9 61
4 10 57
4 11 62
4 12 65
4 13 55
4 14 44
4 15 61
4 16 58
4 17 52
4 18 58
4 19 57
4 20 76
4 21 65
4 22 48
4 23 50
4 24 55
4 25 66
4 26 35
4 27 54
4 28 38
4 29 34
4 30 36
4 31 51
4 32 46
4 33 62
4 34 50
4 35 31
4 36 47
4 37 47
4 38 64
4 39 27
4 40 30
4 41 37
4 42 55
4 43 30
4 46 43
4 47 63
4 48 59
4 49 43
4 50 27
4 51 39
4 52 54
4 53 60
4 54 56
4 55 52
4 56 47
4 57 66
4 58 41
4 59 58
4 60 47
4 61 51
4 62 41
4 63 52
4 64 19
4 65 50
4 66 54
4 67 44
4 68 39
4 69 35
4 70 42
4 71 32
4 72 31
4 73 52
4 74 53
4 75 63
4 76 32
4 77 36
4 80 39
4 81 29
4 82 53
4 83 59
4 84 57
4 85 52
4 86 60
4 87 60
4 88 41
4 89 57
4 90 40
4 91 66
4 92 54
4 93 49
4 94 42
4 95 50
4 96 43
4 97 40
4 98 31
4 99 60
4 100 63
4 101 48
4 102 37
4 103 50
4 104 53
4 105 47
4 106 47
4 107 63
4 108 29
5 0 39
5 1 32
5 2 61
5 3 60
5 4 52
5 5 99
5 6 43
5 7 18
5 8 44
5 9 45
5 10 45
5 11 60
5 12 59
5 13 39
5 14 63
5 15 66
5 16 70
5 17 58
5 18 59
5 19 56
5 20 68
5 21 65
5 22 65
5 23 58
5 24 76
5 25 61
5 26 56
5 27 58
5 28 64
5 29 60
5 30 43
5 31 63
5 32 49
5 33 52
5 34 74
5 35 43
5 36 66
5 37 64
5 38 60
5 39 41
5 40 44
5 41 50
5 42 72
5 43 51
5 46 52
5 47 61
5 48 47
5 49 22
5 50 37
5 51 71
5 52 55
5 53 71
5 54 76
5 55 52
5 56 58
5 57 53
5 58 43
5 59 58
5 60 60
5 61 50
5 62 61
5 63 57
5 64 13
5 65 71
5 66 54
5 67 66
5 68 67
5 69 50
5 70 49
5 71 54
5 72 45
5 73 56
5 74 62
5 75 58
5 76 39
5 77 46
5 80 54
5 81 50
5 82 65
5 83 56
5 84 59
5 85 36
5 86 41
5 87 40
5 88 42
5 89 44
5 90 54
5 91 59
5 92 56
5 93 64
5 94 78
5 95 69
5 96 60
5 97 49
5 98 42
5 99 51
5 100 43
5 101 71
5 102 53
5 103 45
5 104 39
5 105 43
5 106 42
5 107 41
5 108 39
6 0 82
6 1 26
6 2 46
6 3 42
6 4 61
6 5 43
6 6 99
6 7 32
6 8 55
6 9 57
6 10 61
6 11 48
6 12 61
6 13 60
6 14 46
6 15 52
6 16 59
6 17 40
6 18 36
6 19 52
6 20 56
6 21 58
6 22 35
6 23 32
6 24 50
6 25 64
6 26 31
6 27 46
6 28 38
6 29 36
6 30 31
6 31 55
6 32 33
6 33 51
6 34 37
6 35 37
6 36 44
6 37 38
6 38 52
6 39 25
6 40 26
6 41 41
6 42 45
6 43 19
6 46 44
6 47 49
6 48 42
6 49 40
6 50 27
6 51 36
6 52 44
6 53 50
6 54 41
6 55 36
6 56 41
6 57 48
6 58 47
6 59 54
6 60 32
6 61 43
6 62 44
6 63 41
6 64 13
6 65 45
6 66 48
6 67 36
6 68 40
6 69 32
6 70 34
6 71 39
6 72 23
6 73 46
6 74 44
6 75 49
6 76 29
6 77 22
6 80 35
6 81 30
6 82 39
6 83 48
6 84 40
6 85 27
6 86 47
6 87 43
6 88 29
6 89 50
6 90 42
6 91 51
6 92 50
6 93 40
6 94 32
6 95 35
6 96 44
6 97 27
6 98 12
6 99 58
6 100 52
6 101 38
6 102 34
6 103 49
6 104 57
6 105 42
6 106 49
6 107 52
6 108 34
7 0 34
7 1 12
7 2 13
7 3 12
7 4 18
7 5 18
7 6 32
7 7 100
7 8 22
7 9 30
7 10 16
7 11 14
7 12 18
7 13 18
7 14 17
7 15 17
7 16 25
7 17 11
7 18 16
7 19 25
7 20 21
7 21 18
7 22 7
7 23 13
7 24 16
7 25 19
7 26 16
7 27 23
7 28 22
7 29 25
7 30 20
7 31 24
7 32 21
7 33 23
7 34 22
7 35 21
7 36 13
7 37 22
7 38 24
7 39 10
7 40 7
7 41 14
7 42 11
7 43 5
7 46 13
7 47 24
7 48 28
7 49 10
7 50 30
7 51 26
7 52 17
7 53 27
7 54 23
7 55 19
7 56 28
7 57 19
7 58 19
7 59 17
7 60 16
7 61 20
7 62 20
7 63 12
7 64 8
7 65 21
7 66 28
7 67 15
7 68 16
7 69 17
7 70 19
7 71 17
7 72 5
7 73 28
7 74 10
7 75 20
7 76 21
7 77 14
7 80 21
7 81 16
7 82 21
7 83 18
7 84 12
7 85 4
7 86 21
7 87 9
7 88 20
7 89 25
7 90 13
7 91 23
7 92 13
7 93 22
7 94 10
7 95 7
7 96 11
7 97 9
7 98 7
7 99 9
7 100 18
7 101 20
7 102 23
7 103 22
7 104 24
7 105 24
7 106 12
7 107 15
7 108 23
8 0 44
8 1 34
8 2 25
8 3 40
8 4 49
8 5 44
8 6 55
8 7 22
8 8 99
8 9 51
8 10 60
8 11 41
8 12 49
8 13 44
8 14 56
8 15 51
8 16 61
8 17 39
8 18 35
8 19 58
8 20 49
8 21 42
8 22 30
8 23 34
8 24 42
8 25 48
8 26 30
8 27 47
8 28 43
8 29 46
8 30 44
8 31 60
8 32 39
8 33 62
8 34 46
8 35 57
8 36 37
8 37 49
8 38 56
8 39 45
8 40 40
8 41 51
8 42 47
8 43 33
8 46 32
8 47 51
8 48 45
8 49 25
8 50 37
8 51 49
8 52 44
8 53 43
8 54 49
8 55 34
8 56 45
8 57 54
8 58 29
8 59 53
8 60 27
8 61 37
8 62 36
8 63 36
8 64 6
8 65 38
8 66 52
8 67 32
8 68 36
8 69 46
8 70 39
8 71 33
8 72 21
8 73 51
8 74 33
8 75 52
8 76 45
8 77 35
8 80 37
8 81 53
8 82 32
8 83 61
8 84 36
8 85 26
8 86 55
8 87 40
8 88 39
8 89 57
8 90 46
8 91 61
8 92 38
8 93 30
8 94 42
8 95 34
8 96 30
8 97 25
8 98 23
8 99 42
8 100 57
8 101 45
8 102 50
8 103 71
8 104 53
8 105 39
8 106 40
8 107 54
8 108 28
9 0 46
9 1 27
9 2 41
9 3 39
9 4 61
9 5 45
9 6 57
9 7 30
9 8 51
9 9 100
9 10 42
9 11 47
9 12 67
9 13 66
9 14 47
9 15 51
9 16 64
9 17 48
9 18 44
9 19 51
9 20 57
9 21 48
9 22 32
9 23 39
9 24 55
9 25 48
9 26 30
9 27 50
9 28 50
9 29 36
9 30 39
9 31 53
9 32 46
9 33 55
9 34 46
9 35 34
9 36 42
9 37 52
9 38 60
9 39 35
9 40 34
9 41 46
9 42 47
9 43 28
9 46 35
9 47 50
9 48 42
9 49 28
9 50 20
9 51 42
9 52 44
9 53 51
9 54 51
9 55 42
9 56 46
9 57 54
9 58 29
9 59 53
9 60 37
9 61 42
9 62 40
9 63 43
9 64 10
9 65 43
9 66 53
9 67 38
9 68 34
9 69 31
9 70 43
9 71 28
9 72 27
9 73 45
9 74 38
9 75 53
9 76 39
9 77 35
9 80 46
9 81 40
9 82 46
9 83 58
9 84 45
9 85 28
9 86 41
9 87 52
9 88 37
9 89 50
9 90 40
9 91 55
9 92 47
9 93 38
9 94 42
9 95 39
9 96 35
9 97 28
9 98 22
9 99 59
9 100 50
9 101 44
9 102 50
9 103 57
9 104 46
9 105 48
9 106 32
9 107 52
9 108 30
10 0 60
10 1 50
10 2 44
10 3 45
10 4 57
10 5 45
10 6 61
10 7 16
10 8 60
10 9 42
10 10 99
10 11 56
10 12 58
10 13 44
10 14 53
10 15 56
10 16 59
10 17 33
10 18 43
10 19 54
10 20 56
10 21 65
10 22 42
10 23 35
10 24 50
10 25 72
10 26 29
10 27 54
10 28 41
10 29 40
10 30 43
10 31 61
10 32 42
10 33 57
10 34 43
10 35 42
10 36 51
10 37 45
10 38 52
10 39 29
10 40 36
10 41 44
10 42 54
10 43 29
10 46 52
10 47 53
10 48 52
10 49 33
10 50 34
10 51 49
10 52 50
10 53 51
10 54 52
10 55 47
10 56 48
10 57 52
10 58 51
10 59 46
10 60 33
10 61 44
10 62 44
10 63 46
10 64 17
10 65 45
10 66 52
10 67 33
10 68 43
10 69 44
10 70 34
10 71 35
10 72 17
10 73 49
10 74 48
10 75 57
10 76 38
10 77 25
10 80 28
10 81 40
10 82 38
10 83 60
10 84 36
10 85 33
10 86 54
10 87 46
10 88 34
10 89 54
10 90 55
10 91 59
10 92 47
10 93 42
10 94 41
10 95 37
10 96 40
10 97 27
10 98 27
10 99 52
10 100 60
10 101 45
10 102 44
10 103 59
10 104 52
10 105 38
10 106 63
10 107 50
10 108 33
11 0 51
11 1 34
11 2 67
11 3 58
11 4 62
11 5 60
11 6 48
11 7 14
11 8 41
11 9 47
11 10 56
11 11 99
11 12 67
11 13 48
11 14 62
11 15 69
11 16 65
11 17 62
11 18 64
11 19 57
11 20 68
11 21 56
11 22 61
11 23 48
11 24 63
11 25 72
11 26 46
11 27 58
11 28 54
11 29 45
11 30 39
11 31 64
11 32 54
11 33 56
11 34 64
11 35 25
11 36 63
11 37 53
11 38 58
11 39 33
11 40 39
11 41 44
11 42 76
11 43 50
11 46 66
11 47 72
11 48 51
11 49 35
11 50 35
11 51 52
11 52 56
11 53 68
11 54 64
11 55 60
11 56 67
11 57 48
11 58 43
11 59 52
11 60 59
11 61 53
11 62 50
11 63 60
11 64 19
11 65 63
11 66 43
11 67 49
11 68 56
11 69 43
11 70 45
11 71 38
11 72 31
11 73 60
11 74 73
11 75 66
11 76 44
11 77 42
11 80 47
11 81 39
11 82 52
11 83 60
11 84 51
11 85 33
11 86 44
11 87 35
11 88 45
11 89 42
11 90 51
11 91 57
11 92 62
11 93 54
11 94 55
11 95 58
11 96 63
11 97 53
11 98 35
11 99 54
11 100 42
11 101 58
11 102 51
11 103 38
11 104 39
11 105 49
11 106 53
11 107 44
11 108 24
12 0 59
12 1 34
12 2 56
12 3 51
12 4 65
12 5 59
12 6 61
12 7 18
12 8 49
12 9 67
12 10 58
12 11 67
12 12 99
12 13 73
12 14 59
12 15 64
12 16 68
12 17 60
12 18 64
12 19 61
12 20 67
12 21 62
12 22 52
12 23 50
12 24 66
12 25 68
12 26 45
12 27 55
12 28 50
12 29 42
12 30 42
12 31 64
12 32 46
12 33 62
12 34 57
12 35 31
12 36 60
12 37 62
12 38 62
12 39 33
12 40 41
12 41 45
12 42 61
12 43 47
12 46 54
12 47 60
12 48 50
12 49 37
12 50 31
12 51 50
12 52 53
12 53 63
12 54 64
12 55 60
12 56 56
12 57 63
12 58 43
12 59 58
12 60 48
12 61 53
12 62 49
12 63 56
12 64 14
12 65 55
12 66 50
12 67 47
12 68 51
12 69 39
12 70 47
12 71 43
12 72 31
12 73 49
12 74 61
12 75 60
12 76 35
12 77 40
12 80 44
12 81 38
12 82 51
12 83 65
12 84 56
12 85 47
12 86 43
12 87 63
12 88 41
12 89 52
12 90 49
12 91 64
12 92 58
12 93 51
12 94 52
12 95 54
12 96 56
12 97 39
12 98 31
12 99 71
12 100 52
12 101 59
12 102 50
12 103 54
12 104 40
12 105 48
12 106 52
12 107 49
12 108 27
13 0 59
13 1 21
13 2 35
13 3 32
13 4 55
13 5 39
13 6 60
13 7 18
13 8 44
13 9 66
13 10 44
13 11 48
13 12 73
13 13 100
13 14 41
13 15 41
13 16 52
13 17 45
13 18 42
13 19 50
13 20 50
13 21 44
13 22 31
13 23 37
13 24 47
13 25 51
13 26 29
13 27 44
13 28 35
13 29 33
13 30 32
13 31 53
13 32 34
13 33 51
13 34 34
13 35 31
13 36 40
13 37 44
13 38 56
13 39 35
13 40 31
13 41 42
13 42 39
13 43 25
13 46 36
13 47 46
13 48 43
13 49 36
13 50 20
13 51 38
13 52 40
13 53 48
13 54 44
13 55 41
13 56 46
13 57 53
13 58 24
13 59 44
13 60 31
13 61 41
13 62 30
13 63 43
13 64 11
13 65 37
13 66 47
13 67 32
13 68 32
13 69 25
13 70 35
13 71 26
13 72 23
13 73 40
13 74 41
13 75 53
13 76 37
13 77 28
13 80 31
13 81 34
13 82 36
13 83 52
13 84 38
13 85 23
13 86 37
13 87 55
13 88 39
13 89 51
13 90 44
13 91 52
13 92 42
13 93 25
13 94 35
13 95 34
13 96 32
13 97 27
13 98 16
13 99 64
13 100 48
13 101 42
13 102 42
13 103 57
13 104 44
13 105 36
13 106 32
13 107 48
13 108 23
14 0 38
14 1 31
14 2 52
14 3 58
14 4 44
14 5 63
14 6 46
14 7 17
14 8 56
14 9 47
14 10 53
14 11 62
14 12 59
14 13 41
14 14 100
14 15 59
14 16 69
14 17 49
14 18 56
14 19 64
14 20 61
14 21 53
14 22 52
14 23 51
14 24 63
14 25 56
14 26 43
14 27 63
14 28 70
14 29 65
14 30 49
14 31 74
14 32 50
14 33 56
14 34 64
14 35 57
14 36 62
14 37 65
14 38 62
14 39 53
14 40 53
14 41 65
14 42 68
14 43 49
14 46 54
14 47 66
14 48 60
14 49 23
14 50 49
14 51 71
14 52 51
14 53 64
14 54 69
14 55 53
14 56 64
14 57 50
14 58 44
14 59 49
14 60 45
14 61 46
14 62 53
14 63 50
14 64 10
14 65 61
14 66 49
14 67 56
14 68 54
14 69 54
14 70 51
14 71 45
14 72 31
14 73 54
14 74 57
14 75 56
14 76 58
14 77 43
14 80 56
14 81 66
14 82 56
14 83 60
14 84 53
14 85 30
14 86 41
14 87 37
14 88 53
14 89 53
14 90 64
14 91 67
14 92 50
14 93 51
14 94 60
14 95 54
14 96 51
14 97 37
14 98 35
14 99 47
14 100 46
14 101 67
14 102 71
14 103 62
14 104 39
14 105 44
14 106 60
14 107 46
14 108 31
15 0 51
15 1 31
15 2 64
15 3 64
15 4 61
15 5 66
15 6 52
15 7 17
15 8 51
15 9 51
15 10 56
15 11 69
15 12 64
15 13 41
15 14 59
15 15 100
15 16 72
15 17 62
15 18 63
15 19 63
15 20 67
15 21 65
15 22 59
15 23 52
15 24 70
15 25 70
15 26 54
15 27 64
15 28 61
15 29 50
15 30 40
15 31 58
15 32 54
15 33 57
15 34 63
15 35 33
15 36 58
15 37 56
15 38 61
15 39 30
15 40 37
15 41 42
15 42 74
15 43 47
15 46 61
15 47 63
15 48 46
15 49 32
15 50 30
15 51 62
15 52 61
15 53 66
15 54 67
15 55 51
15 56 60
15 57 54
15 58 43
15 59 61
15 60 64
15 61 54
15 62 61
15 63 63
15 64 18
15 65 70
15 66 52
15 67 55
15 68 59
15 69 47
15 70 44
15 71 47
15 72 43
15 73 66
15 74 64
15 75 67
15 76 40
15 77 53
15 80 61
15 81 46
15 82 57
15 83 67
15 84 50
15 85 37
15 86 43
15 87 43
15 88 41
15 89 40
15 90 48
15 91 65
15 92 56
15 93 59
15 94 59
15 95 64
15 96 60
15 97 55
15 98 44
15 99 55
15 100 51
15 101 63
15 102 51
15 103 46
15 104 40
15 105 45
15 106 50
15 107 44
15 108 26
16 0 52
16 1 32
16 2 68
16 3 68
16 4 58
16 5 70
16 6 59
16 7 25
16 8 61
16 9 64
16 10 59
16 11 65
16 12 68
16 13 52
16 14 69
16 15 72
16 16 100
16 17 60
16 18 61
16 19 64
16 20 65
16 21 66
16 22 57
16 23 52
16 24 76
16 25 66
16 26 52
16 27 62
16 28 68
16 29 61
16 30 55
16 31 70
16 32 54
16 33 62
16 34 64
16 35 46
16 36 66
16 37 64
16 38 72
16 39 47
16 40 40
16 41 54
16 42 69
16 43 47
16 46 53
16 47 66
16 48 53
16 49 28
16 50 39
16 51 71
16 52 60
16 53 70
16 54 72
16 55 55
16 56 64
16 57 54
16 58 43
16 59 61
16 60 50
16 61 56
16 62 60
16 63 61
16 64 15
16 65 69
16 66 58
16 67 57
16 68 61
16 69 51
16 70 52
16 71 51
16 72 44
16 73 61
16 74 62
16 75 68
16 76 46
16 77 50
16 80 63
16 81 56
16 82 63
16 83 67
16 84 57
16 85 34
16 86 49
16 87 46
16 88 45
16 89 52
16 90 58
16 91 67
16 92 55
16 93 55
16 94 64
16 95 58
16 96 53
16 97 42
16 98 41
16 99 55
16 100 58
16 101 69
16 102 60
16 103 59
16 104 48
16 105 51
16 106 47
16 107 49
16 108 36
17 0 35
17 1 26
17 2 46
17 3 42
17 4 52
17 5 58
17 6 40
17 7 11
17 8 39
17 9 48
17 10 33
17 11 62
17 12 60
17 13 45
17 14 49
17 15 62
17 16 60
17 17 99
17 18 52
17 19 43
17 20 55
17 21 44
17 22 50
17 23 51
17 24 55
17 25 60
17 26 41
17 27 33
17 28 50
17 29 37
17 30 39
17 31 47
17 32 33
17 33 49
17 34 55
17 35 20
17 36 57
17 37 55
17 38 55
17 39 34
17 40 28
17 41 34
17 42 70
17 43 29
17 46 60
17 47 50
17 48 36
17 49 27
17 50 17
17 51 46
17 52 51
17 53 53
17 54 51
17 55 47
17 56 53
17 57 48
17 58 28
17 59 52
17 60 73
17 61 50
17 62 45
17 63 49
17 64 19
17 65 52
17 66 38
17 67 55
17 68 49
17 69 29
17 70 37
17 71 45
17 72 44
17 73 60
17 74 58
17 75 62
17 76 41
17 77 54
17 80 50
17 81 36
17 82 45
17 83 44
17 84 46
17 85 36
17 86 26
17 87 44
17 88 35
17 89 35
17 90 38
17 91 48
17 92 72
17 93 44
17 94 53
17 95 69
17 96 66
17 97 75
17 98 34
17 99 53
17 100 35
17 101 51
17 102 35
17 103 34
17 104 29
17 105 49
17 106 28
17 107 39
17 108 17
18 0 36
18 1 37
18 2 51
18 3 48
18 4 58
18 5 59
18 6 36
18 7 16
18 8 35
18 9 44
18 10 43
18 11 64
18 12 64
18 13 42
18 14 56
18 15 63
18 16 61
18 17 52
18 18 99
18 19 58
18 20 61
18 21 53
18 22 61
18 23 51
18 24 62
18 25 56
18 26 49
18 27 57
18 28 52
18 29 48
18 30 44
18 31 55
18 32 51
18 33 47
18 34 64
18 35 27
18 36 58
18 37 55
18 38 57
18 39 36
18 40 41
18 41 41
18 42 58
18 43 44
18 46 53
18 47 61
18 48 61
18 49 28
18 50 31
18 51 57
18 52 57
18 53 68
18 54 70
18 55 61
18 56 55
18 57 52
18 58 42
18 59 47
18 60 51
18 61 51
18 62 45
18 63 47
18 64 15
18 65 58
18 66 42
18 67 52
18 68 47
18 69 40
18 70 48
18 71 37
18 72 33
18 73 52
18 74 62
18 75 59
18 76 40
18 77 42
18 80 45
18 81 39
18 82 52
18 83 56
18 84 57
18 85 45
18 86 37
18 87 42
18 88 41
18 89 41
18 90 45
18 91 55
18 92 50
18 93 56
18 94 55
18 95 54
18 96 47
18 97 41
18 98 40
18 99 47
18 100 40
18 101 68
18 102 50
18 103 41
18 104 33
18 105 48
18 106 45
18 107 36
18 108 29
19 0 50
19 1 30
19 2 41
19 3 50
19 4 57
19 5 56
19 6 52
19 7 25
19 8 58
19 9 51
19 10 54
19 11 57
19 12 61
19 13 50
19 14 64
19 15 63
19 16 64
19 17 43
19 18 58
19 19 99
19 20 64
19 21 56
19 22 47
19 23 50
19 24 60
19 25 56
19 26 51
19 27 65
19 28 56
19 29 48
19 30 47
19 31 64
19 32 44
19 33 63
19 34 60
19 35 46
19 36 52
19 37 56
19 38 67
19 39 42
19 40 47
19 41 56
19 42 55
19 43 42
19 46 43
19 47 61
19 48 55
19 49 32
19 50 44
19 51 59
19 52 54
19 53 58
19 54 62
19 55 42
19 56 58
19 57 53
19 58 34
19 59 53
19 60 39
19 61 44
19 62 45
19 63 44
19 64 11
19 65 53
19 66 57
19 67 43
19 68 44
19 69 44
19 70 38
19 71 35
19 72 21
19 73 56
19 74 44
19 75 62
19 76 50
19 77 39
19 80 48
19 81 50
19 82 49
19 83 75
19 84 53
19 85 27
19 86 51
19 87 36
19 88 48
19 89 52
19 90 49
19 91 69
19 92 43
19 93 50
19 94 53
19 95 51
19 96 40
19 97 33
19 98 31
19 99 48
19 100 64
19 101 61
19 102 62
19 103 59
19 104 46
19 105 43
19 106 46
19 107 42
19 108 25
20 0 54
20 1 38
20 2 56
20 3 50
20 4 76
20 5 68
20 6 56
20 7 21
20 8 49
20 9 57
20 10 56
20 11 68
20 12 67
20 13 50
20 14 61
20 15 67
20 16 65
20 17 55
20 18 61
20 19 64
20 20 99
20 21 71
20 22 60
20 23 49
20 24 69
20 25 71
20 26 52
20 27 60
20 28 58
20 29 52
20 30 40
20 31 67
20 32 50
20 33 60
20 34 65
20 35 34
20 36 63
20 37 63
20 38 66
20 39 36
20 40 40
20 41 49
20 42 66
20 43 38
20 46 58
20 47 65
20 48 61
20 49 43
20 50 35
20 51 54
20 52 52
20 53 72
20 54 69
20 55 54
20 56 61
20 57 66
20 58 45
20 59 59
20 60 56
20 61 53
20 62 58
20 63 58
20 64 15
20 65 65
20 66 54
20 67 53
20 68 60
20 69 39
20 70 50
20 71 39
20 72 35
20 73 60
20 74 58
20 75 65
20 76 40
20 77 40
20 80 48
20 81 44
20 82 57
20 83 60
20 84 57
20 85 43
20 86 50
20 87 50
20 88 48
20 89 55
20 90 50
20 91 72
20 92 58
20 93 60
20 94 59
20 95 64
20 96 57
20 97 45
20 98 35
20 99 60
20 100 60
20 101 68
20 102 50
20 103 49
20 104 51
20 105 54
20 106 50
20 107 59
20 108 31
21 0 58
21 1 23
21 2 59
21 3 54
21 4 65
21 5 65
21 6 58
21 7 18
21 8 42
21 9 48
21 10 65
21 11 56
21 12 62
21 13 44
21 14 53
21 15 65
21 16 66
21 17 44
21 18 53
21 19 56
21 20 71
21 21 99
21 22 64
21 23 44
21 24 78
21 25 78
21 26 49
21 27 67
21 28 56
21 29 44
21 30 36
21 31 58
21 32 48
21 33 52
21 34 58
21 35 34
21 36 65
21 37 53
21 38 61
21 39 27
21 40 30
21 41 41
21 42 58
21 43 36
21 46 61
21 47 53
21 48 54
21 49 31
21 50 23
21 51 56
21 52 53
21 53 67
21 54 70
21 55 49
21 56 56
21 57 57
21 58 51
21 59 57
21 60 45
21 61 45
21 62 64
21 63 59
21 64 18
21 65 70
21 66 55
21 67 58
21 68 60
21 69 37
21 70 37
21 71 46
21 72 40
21 73 55
21 74 62
21 75 63
21 76 30
21 77 38
21 80 42
21 81 40
21 82 58
21 83 58
21 84 50
21 85 34
21 86 43
21 87 42
21 88 28
21 89 47
21 90 53
21 91 64
21 92 54
21 93 66
21 94 56
21 95 59
21 96 50
21 97 35
21 98 32
21 99 59
21 100 58
21 101 60
21 102 44
21 103 48
21 104 43
21 105 37
21 106 53
21 107 42
21 108 27
22 0 31
22 1 30
22 2 58
22 3 53
22 4 48
22 5 65
22 6 35
22 7 7
22 8 30
22 9 32
22 10 42
22 11 61
22 12 52
22 13 31
22 14 52
22 15 59
22 16 57
22 17 50
22 18 61
22 19 47
22 20 60
22 21 64
22 22 100
22 23 40
22 24 69
22 25 64
22 26 51
22 27 48
22 28 55
22 29 45
22 30 32
22 31 50
22 32 44
22 33 41
22 34 65
22 35 23
22 36 75
22 37 51
22 38 50
22 39 33
22 40 40
22 41 41
22 42 64
22 43 42
22 46 56
22 47 53
22 48 47
22 49 20
22 50 21
22 51 58
22 52 45
22 53 65
22 54 71
22 55 50
22 56 54
22 57 42
22 58 44
22 59 50
22 60 55
22 61 45
22 62 59
22 63 57
22 64 19
22 65 64
22 66 44
22 67 67
22 68 71
22 69 38
22 70 43
22 71 44
22 72 38
22 73 50
22 74 69
22 75 59
22 76 39
22 77 43
22 80 45
22 81 37
22 82 53
22 83 46
22 84 43
22 85 43
22 86 33
22 87 33
22 88 44
22 89 32
22 90 51
22 91 43
22 92 54
22 93 69
22 94 68
22 95 72
22 96 57
22 97 48
22 98 39
22 99 47
22 100 34
22 101 63
22 102 47
22 103 30
22 104 24
22 105 38
22 106 47
22 107 33
22 108 20
23 0 28
23 1 27
23 2 42
23 3 38
23 4 50
23 5 58
23 6 32
23 7 13
23 8 34
23 9 39
23 10 35
23 11 48
23 12 50
23 13 37
23 14 51
23 15 52
23 16 52
23 17 51
23 18 51
23 19 50
23 20 49
23 21 44
23 22 40
23 23 100
23 24 46
23 25 47
23 26 32
23 27 43
23 28 38
23 29 40
23 30 47
23 31 54
23 32 37
23 33 46
23 34 46
23 35 33
23 36 44
23 37 55
23 38 48
23 39 27
23 40 44
23 41 44
23 42 51
23 43 33
23 46 45
23 47 54
23 48 48
23 49 19
23 50 39
23 51 48
23 52 49
23 53 50
23 54 49
23 55 51
23 56 52
23 57 51
23 58 42
23 59 40
23 60 41
23 61 49
23 62 42
23 63 42
23 64 14
23 65 46
23 66 50
23 67 48
23 68 42
23 69 40
23 70 39
23 71 46
23 72 33
23 73 43
23 74 45
23 75 48
23 76 40
23 77 40
23 80 45
23 81 48
23 82 60
23 83 50
23 84 52
23 85 32
23 86 30
23 87 40
23 88 32
23 89 41
23 90 48
23 91 54
23 92 44
23 93 44
23 94 46
23 95 47
23 96 40
23 97 42
23 98 39
23 99 35
23 100 51
23 101 47
23 102 41
23 103 41
23 104 25
23 105 43
23 106 36
23 107 39
23 108 33
24 0 42
24 1 25
24 2 67
24 3 72
24 4 55
24 5 76
24 6 50
24 7 16
24 8 42
24 9 55
24 10 50
24 11 63
24 12 66
24 13 47
24 14 63
24 15 70
24 16 76
24 17 55
24 18 62
24 19 60
24 20 69
24 21 78
24 22 69
24 23 46
24 24 100
24 25 68
24 26 60
24 27 63
24 28 71
24 29 58
24 30 42
24 31 63
24 32 53
24 33 57
24 34 72
24 35 38
24 36 68
24 37 64
24 38 70
24 39 47
24 40 40
24 41 53
24 42 68
24 43 51
24 46 58
24 47 62
24 48 47
24 49 29
24 50 29
24 51 69
24 52 54
24 53 71
24 54 80
24 55 48
24 56 63
24 57 57
24 58 36
24 59 61
24 60 55
24 61 46
24 62 64
24 63 64
24 64 15
24 65 75
24 66 53
24 67 62
24 68 65
24 69 44
24 70 46
24 71 49
24 72 44
24 73 58
24 74 64
24 75 64
24 76 40
24 77 46
24 80 52
24 81 46
24 82 62
24 83 61
24 84 57
24 85 32
24 86 39
24 87 47
24 88 45
24 89 44
24 90 58
24 91 64
24 92 57
24 93 66
24 94 65
24 95 67
24 96 57
24 97 43
24 98 40
24 99 60
24 100 50
24 101 69
24 102 60
24 103 51
24 104 38
24 105 41
24 106 44
24 107 36
24 108 31
25 0 67
25 1 31
25 2 63
25 3 56
25 4 66
25 5 61
25 6 64
25 7 19
25 8 48
25 9 48
25 10 72
25 11 72
25 12 68
25 13 51
25 14 56
25 15 70
25 16 66
25 17 60
25 18 56
25 19 56
25 20 71
25 21 78
25 22 64
25 23 47
25 24 68
25 25 99
25 26 46
25 27 56
25 28 53
25 29 43
25 30 39
25 31 65
25 32 45
25 33 56
25 34 59
25 35 31
25 36 71
25 37 54
25 38 60
25 39 33
25 40 38
25 41 44
25 42 74
25 43 35
25 46 71
25 47 58
25 48 53
25 49 33
25 50 19
25 51 50
25 52 56
25 53 67
25 54 65
25 55 50
25 56 56
25 57 57
25 58 55
25 59 55
25 60 59
25 61 58
25 62 58
25 63 58
25 64 20
25 65 68
25 66 49
25 67 52
25 68 59
25 69 39
25 70 37
25 71 44
25 72 37
25 73 62
25 74 72
25 75 69
25 76 37
25 77 37
25 80 42
25 81 38
25 82 50
25 83 54
25 84 49
25 85 39
25 86 44
25 87 46
25 88 37
25 89 47
25 90 60
25 91 62
25 92 69
25 93 62
25 94 56
25 95 64
25 96 65
25 97 51
25 98 33
25 99 68
25 100 55
25 101 57
25 102 41
25 103 46
25 104 45
25 105 44
25 106 63
25 107 51
25 108 25
26 0 31
26 1 19
26 2 53
26 3 48
26 4 35
26 5 56
26 6 31
26 7 16
26 8 30
26 9 30
26 10 29
26 11 46
26 12 45
26 13 29
26 14 43
26 15 54
26 16 52
26 17 41
26 18 49
26 19 51
26 20 52
26 21 49
26 22 51
26 23 32
26 24 60
26 25 46
26 26 100
26 27 50
26 28 53
26 29 36
26 30 33
26 31 41
26 32 31
26 33 42
26 34 58
26 35 18
26 36 56
26 37 42
26 38 52
26 39 32
26 40 27
26 41 33
26 42 49
26 43 53
26 46 34
26 47 47
26 48 30
26 49 20
26 50 14
26 51 51
26 52 47
26 53 55
26 54 56
26 55 32
26 56 38
26 57 34
26 58 16
26 59 42
26 60 49
26 61 34
26 62 43
26 63 41
26 64 11
26 65 51
26 66 28
26 67 46
26 68 45
26 69 26
26 70 36
26 71 35
26 72 41
26 73 51
26 74 47
26 75 46
26 76 23
26 77 46
26 80 36
26 81 28
26 82 41
26 83 46
26 84 49
26 85 21
26 86 29
26 87 26
26 88 27
26 89 28
26 90 32
26 91 46
26 92 44
26 93 45
26 94 52
26 95 57
26 96 48
26 97 33
26 98 33
26 99 39
26 100 29
26 101 58
26 102 43
26 103 25
26 104 29
26 105 25
26 106 30
26 107 20
26 108 11
27 0 45
27 1 25
27 2 50
27 3 50
27 4 54
27 5 58
27 6 46
27 7 23
27 8 47
27 9 50
27 10 54
27 11 58
27 12 55
27 13 44
27 14 63
27 15 64
27 16 62
27 17 33
27 18 57
27 19 65
27 20 60
27 21 67
27 22 48
27 23 43
27 24 63
27 25 56
27 26 50
27 27 100
27 28 64
27 29 57
27 30 40
27 31 60
27 32 54
27 33 56
27 34 61
27 35 50
27 36 47
27 37 53
27 38 60
27 39 32
27 40 45
27 41 51
27 42 50
27 43 54
27 46 48
27 47 57
27 48 57
27 49 31
27 50 38
27 51 61
27 52 58
27 53 64
27 54 66
27 55 52
27 56 59
27 57 47
27 58 40
27 59 48
27 60 34
27 61 41
27 62 52
27 63 53
27 64 13
27 65 60
27 66 53
27 67 52
27 68 48
27 69 47
27 70 44
27 71 39
27 72 37
27 73 56
27 74 51
27 75 59
27 76 44
27 77 45
27 80 47
27 81 52
27 82 55
27 83 70
27 84 51
27 85 26
27 86 48
27 87 37
27 88 39
27 89 48
27 90 44
27 91 67
27 92 34
27 93 48
27 94 47
27 95 42
27 96 31
27 97 25
27 98 32
27 99 44
27 100 50
27 101 60
27 102 68
27 103 61
27 104 48
27 105 39
27 106 55
27 107 41
27 108 35
28 0 34
28 1 29
28 2 51
28 3 61
28 4 38
28 5 64
28 6 38
28 7 22
28 8 43
28 9 50
28 10 41
28 11 54
28 12 50
28 13 35
28 14 70
28 15 61
28 16 68
28 17 50
28 18 52
28 19 56
28 20 58
28 21 56
28 22 55
28 23 38
28 24 71
28 25 53
28 26 53
28 27 64
28 28 100
28 29 62
28 30 42
28 31 61
28 32 48
28 33 51
28 34 61
28 35 44
28 36 59
28 37 61
28 38 60
28 39 56
28 40 42
28 41 60
28 42 59
28 43 47
28 46 53
28 47 54
28 48 46
28 49 29
28 50 27
28 51 68
28 52 50
28 53 62
28 54 65
28 55 46
28 56 64
28 57 43
28 58 29
28 59 52
28 60 47
28 61 49
28 62 61
28 63 53
28 64 14
28 65 62
28 66 46
28 67 57
28 68 61
28 69 41
28 70 48
28 71 42
28 72 38
28 73 61
28 74 52
28 75 61
28 76 53
28 77 55
28 80 62
28 81 57
28 82 53
28 83 58
28 84 50
28 85 22
28 86 43
28 87 30
28 88 53
28 89 40
28 90 54
28 91 58
28 92 46
28 93 53
28 94 57
28 95 59
28 96 53
28 97 41
28 98 34
28 99 44
28 100 37
28 101 64
28 102 69
28 103 50
28 104 43
28 105 42
28 106 48
28 107 34
28 108 30
29 0 30
29 1 29
29 2 37
29 3 50
29 4 34
29 5 60
29 6 36
29 7 25
29 8 46
29 9 36
29 10 40
29 11 45
29 12 42
29 13 33
29 14 65
29 15 50
29 16 61
29 17 37
29 18 48
29 19 48
29 20 52
29 21 44
29 22 45
29 23 40
29 24 58
29 25 43
29 26 36
29 27 57
29 28 62
29 29 100
29 30 52
29 31 66
29 32 47
29 33 53
29 34 53
29 35 46
29 36 49
29 37 62
29 38 57
29 39 47
29 40 49
29 41 62
29 42 46
29 43 38
29 46 50
29 47 51
29 48 50
29 49 24
29 50 47
29 51 69
29 52 46
29 53 59
29 54 64
29 55 43
29 56 54
29 57 46
29 58 34
29 59 44
29 60 33
29 61 41
29 62 49
29 63 47
29 64 7
29 65 56
29 66 45
29 67 50
29 68 48
29 69 51
29 70 47
29 71 45
29 72 36
29 73 52
29 74 48
29 75 51
29 76 48
29 77 41
29 80 50
29 81 57
29 82 56
29 83 53
29 84 40
29 85 18
29 86 43
29 87 29
29 88 59
29 89 46
29 90 55
29 91 50
29 92 33
29 93 39
29 94 55
29 95 41
29 96 33
29 97 32
29 98 36
29 99 35
29 100 40
29 101 67
29 102 66
29 103 52
29 104 39
29 105 34
29 106 40
29 107 38
29 108 33
30 0 25
30 1 31
30 2 33
30 3 41
30 4 36
30 5 43
30 6 31
30 7 20
30 8 44
30 9 39
30 10 43
30 11 39
30 12 42
30 13 32
30 14 49
30 15 40
30 16 55
30 17 39
30 18 44
30 19 47
30 20 40
30 21 36
30 22 32
30 23 47
30 24 42
30 25 39
30 26 33
30 27 40
30 28 42
30 29 52
30 30 100
30 31 47
30 32 36
30 33 56
30 34 42
30 35 35
30 36 38
30 37 63
30 38 54
30 39 36
30 40 44
30 41 54
30 42 43
30 43 31
30 46 32
30 47 42
30 48 41
30 49 11
30 50 45
30 51 50
30 52 38
30 53 39
30 54 51
30 55 44
30 56 44
30 57 49
30 58 39
30 59 40
30 60 27
30 61 37
30 62 33
30 63 36
30 64 23
30 65 31
30 66 44
30 67 32
30 68 33
30 69 49
30 70 36
30 71 25
30 72 17
30 73 39
30 74 37
30 75 46
30 76 34
30 77 36
30 80 32
30 81 39
30 82 49
30 83 50
30 84 43
30 85 32
30 86 41
30 87 38
30 88 37
30 89 56
30 90 51
30 91 48
30 92 40
30 93 32
30 94 41
30 95 32
30 96 26
30 97 27
30 98 37
30 99 28
30 100 50
30 101 53
30 102 53
30 103 52
30 104 23
30 105 37
30 106 41
30 107 34
30 108 35
31 0 49
31 1 35
31 2 51
31 3 56
31 4 51
31 5 63
31 6 55
31 7 24
31 8 60
31 9 53
31 10 61
31 11 64
31 12 64
31 13 53
31 14 74
31 15 58
31 16 70
31 17 47
31 18 55
31 19 64
31 20 67
31 21 58
31 22 50
31 23 54
31 24 63
31 25 65
31 26 41
31 27 60
31 28 61
31 29 66
31 30 47
31 31 100
31 32 51
31 33 59
31 34 60
31 35 44
31 36 65
31 37 66
31 38 65
31 39 53
31 40 52
31 41 68
31 42 63
31 43 41
31 46 59
31 47 64
31 48 61
31 49 30
31 50 43
31 51 65
31 52 55
31 53 72
31 54 67
31 55 52
31 56 65
31 57 57
31 58 42
31 59 55
31 60 44
31 61 51
31 62 56
31 63 56
31 64 10
31 65 58
31 66 55
31 67 48
31 68 58
31 69 51
31 70 49
31 71 46
31 72 33
31 73 63
31 74 54
31 75 62
31 76 62
31 77 38
31 80 50
31 81 62
31 82 57
31 83 62
31 84 51
31 85 24
31 86 46
31 87 42
31 88 54
31 89 58
31 90 68
31 91 65
31 92 51
31 93 42
31 94 60
31 95 52
31 96 53
31 97 40
31 98 26
31 99 53
31 100 57
31 101 67
31 102 68
31 103 58
31 104 51
31 105 43
31 106 50
31 107 54
31 108 33
32 0 37
32 1 30
32 2 50
32 3 48
32 4 46
32 5 49
32 6 33
32 7 21
32 8 39
32 9 46
32 10 42
32 11 54
32 12 46
32 13 34
32 14 50
32 15 54
32 16 54
32 17 33
32 18 51
32 19 44
32 20 50
32 21 48
32 22 44
32 23 37
32 24 53
32 25 45
32 26 31
32 27 54
32 28 48
32 29 47
32 30 36
32 31 51
32 32 99
32 33 51
32 34 50
32 35 32
32 36 38
32 37 46
32 38 46
32 39 24
32 40 33
32 41 39
32 42 52
32 43 39
32 46 39
32 47 57
32 48 45
32 49 23
32 50 35
32 51 51
32 52 44
32 53 57
32 54 60
32 55 48
32 56 55
32 57 51
32 58 36
32 59 43
32 60 35
32 61 40
32 62 46
32 63 46
32 64 10
32 65 49
32 66 48
32 67 44
32 68 40
32 69 53
32 70 42
32 71 30
32 72 35
32 73 41
32 74 50
32 75 49
32 76 32
32 77 35
32 80 46
32 81 43
32 82 53
32 83 59
32 84 39
32 85 29
32 86 39
32 87 32
32 88 42
32 89 32
32 90 41
32 91 47
32 92 37
32 93 45
32 94 44
32 95 35
32 96 30
32 97 24
32 98 36
32 99 35
32 100 35
32 101 55
32 102 47
32 103 44
32 104 35
32 105 45
32 106 43
32 107 30
32 108 37
33 0 50
33 1 33
33 2 40
33 3 46
33 4 62
33 5 52
33 6 51
33 7 23
33 8 62
33 9 55
33 10 57
33 11 56
33 12 62
33 13 51
33 14 56
33 15 57
33 16 62
33 17 49
33 18 47
33 19 63
33 20 60
33 21 52
33 22 41
33 23 46
33 24 57
33 25 56
33 26 42
33 27 56
33 28 51
33 29 53
33 30 56
33 31 59
33 32 51
33 33 99
33 34 53
33 35 50
33 36 43
33 37 61
33 38 69
33 39 39
33 40 39
33 41 49
33 42 50
33 43 40
33 46 42
33 47 65
33 48 46
33 49 34
33 50 37
33 51 49
33 52 56
33 53 52
33 54 60
33 55 43
33 56 56
33 57 61
33 58 28
33 59 55
33 60 30
33 61 45
33 62 38
33 63 50
33 64 16
33 65 47
33 66 63
33 67 38
33 68 41
33 69 50
33 70 43
33 71 30
33 72 27
33 73 60
33 74 45
33 75 66
33 76 34
33 77 38
33 80 40
33 81 44
33 82 49
33 83 73
33 84 57
33 85 29
33 86 61
33 87 45
33 88 55
33 89 56
33 90 47
33 91 71
33 92 49
33 93 34
33 94 45
33 95 40
33 96 32
33 97 27
33 98 25
33 99 48
33 100 64
33 101 53
33 102 54
33 103 63
33 104 42
33 105 43
33 106 49
33 107 53
33 108 25
34 0 34
34 1 32
34 2 56
34 3 53
34 4 50
34 5 74
34 6 37
34 7 22
34 8 46
34 9 46
34 10 43
34 11 64
34 12 57
34 13 34
34 14 64
34 15 63
34 16 64
34 17 55
34 18 64
34 19 60
34 20 65
34 21 58
34 22 65
34 23 46
34 24 72
34 25 59
34 26 58
34 27 61
34 28 61
34 29 53
34 30 42
34 31 60
34 32 50
34 33 53
34 34 100
34 35 42
34 36 68
34 37 60
34 38 60
34 39 39
34 40 42
34 41 46
34 42 72
34 43 53
34 46 50
34 47 60
34 48 49
34 49 20
34 50 35
34 51 59
34 52 54
34 53 72
34 54 77
34 55 53
34 56 58
34 57 51
34 58 41
34 59 57
34 60 61
34 61 44
34 62 55
34 63 53
34 64 10
34 65 63
34 66 44
34 67 57
34 68 54
34 69 43
34 70 52
34 71 46
34 72 41
34 73 60
34 74 59
34 75 59
34 76 38
34 77 45
34 80 51
34 81 43
34 82 58
34 83 56
34 84 52
34 85 35
34 86 32
34 87 37
34 88 42
34 89 39
34 90 45
34 91 57
34 92 57
34 93 65
34 94 61
34 95 64
34 96 57
34 97 47
34 98 38
34 99 46
34 100 39
34 101 70
34 102 57
34 103 45
34 104 33
34 105 39
34 106 45
34 107 34
34 108 26
35 0 30
35 1 14
35 2 21
35 3 28
35 4 31
35 5 43
35 6 37
35 7 21
35 8 57
35 9 34
35 10 42
35 11 25
35 12 31
35 13 31
35 14 57
35 15 33
35 16 46
35 17 20
35 18 27
35 19 46
35 20 34
35 21 34
35 22 23
35 23 33
35 24 38
35 25 31
35 26 18
35 27 50
35 28 44
35 29 46
35 30 35
35 31 44
35 32 32
35 33 50
35 34 42
35 35 99
35 36 26
35 37 44
35 38 45
35 39 39
35 40 36
35 41 46
35 42 31
35 43 24
35 46 19
35 47 39
35 48 38
35 49 19
35 50 32
35 51 46
35 52 37
35 53 36
35 54 46
35 55 28
35 56 44
35 57 37
35 58 23
35 59 31
35 60 13
35 61 23
35 62 29
35 63 27
35 64 3
35 65 32
35 66 54
35 67 37
35 68 29
35 69 35
35 70 31
35 71 31
35 72 14
35 73 37
35 74 22
35 75 39
35 76 31
35 77 16
35 80 33
35 81 43
35 82 35
35 83 49
35 84 31
35 85 10
35 86 37
35 87 27
35 88 35
35 89 42
35 90 34
35 91 54
35 92 20
35 93 23
35 94 26
35 95 19
35 96 14
35 97 7
35 98 8
35 99 23
35 100 48
35 101 40
35 102 43
35 103 72
35 104 42
35 105 25
35 106 41
35 107 33
35 108 31
36 0 41
36 1 32
36 2 57
36 3 53
36 4 47
36 5 66
36 6 44
36 7 13
36 8 37
36 9 42
36 10 51
36 11 63
36 12 60
36 13 40
36 14 62
36 15 58
36 16 66
36 17 57
36 18 58
36 19 52
36 20 63
36 21 65
36 22 75
36 23 44
36 24 68
36 25 71
36 26 56
36 27 47
36 28 59
36 29 49
36 30 38
36 31 65
36 32 38
36 33 43
36 34 68
36 35 26
36 36 99
36 37 57
36 38 56
36 39 45
36 40 40
36 41 50
36 42 68
36 43 38
36 46 62
36 47 56
36 48 47
36 49 22
36 50 22
36 51 59
36 52 47
36 53 67
36 54 68
36 55 49
36 56 54
36 57 46
36 58 45
36 59 52
36 60 59
36 61 51
36 62 57
36 63 48
36 64 23
36 65 65
36 66 44
36 67 62
36 68 62
36 69 34
36 70 43
36 71 42
36 72 33
36 73 53
36 74 66
36 75 62
36 76 44
36 77 43
36 80 48
36 81 45
36 82 52
36 83 45
36 84 43
36 85 37
36 86 32
36 87 40
36 88 44
36 89 40
36 90 62
36 91 52
36 92 64
36 93 61
36 94 70
36 95 76
36 96 70
36 97 49
36 98 35
36 99 53
36 100 38
36 101 66
36 102 50
36 103 34
36 104 31
36 105 41
36 106 48
36 107 39
36 108 21
37 0 34
37 1 32
37 2 43
37 3 51
37 4 47
37 5 64
37 6 38
37 7 22
37 8 49
37 9 52
37 10 45
37 11 53
37 12 62
37 13 44
37 14 65
37 15 56
37 16 64
37 17 55
37 18 55
37 19 56
37 20 63
37 21 53
37 22 51
37 23 55
37 24 64
37 25 54
37 26 42
37 27 53
37 28 61
37 29 62
37 30 63
37 31 66
37 32 46
37 33 61
37 34 60
37 35 44
37 36 57
37 37 99
37 38 64
37 39 43
37 40 61
37 41 64
37 42 59
37 43 41
37 46 54
37 47 57
37 48 54
37 49 24
37 50 41
37 51 65
37 52 47
37 53 59
37 54 71
37 55 49
37 56 63
37 57 59
37 58 39
37 59 50
37 60 42
37 61 49
37 62 53
37 63 47
37 64 20
37 65 51
37 66 53
37 67 52
37 68 54
37 69 46
37 70 43
37 71 44
37 72 32
37 73 55
37 74 50
37 75 57
37 76 50
37 77 43
37 80 49
37 81 55
37 82 62
37 83 58
37 84 52
37 85 39
37 86 44
37 87 51
37 88 52
37 89 59
37 90 60
37 91 63
37 92 53
37 93 48
37 94 58
37 95 51
37 96 50
37 97 40
37 98 38
37 99 45
37 100 55
37 101 69
37 102 63
37 103 61
37 104 39
37 105 45
37 106 48
37 107 43
37 108 34
38 0 48
38 1 25
38 2 47
38 3 50
38 4 64
38 5 60
38 6 52
38 7 24
38 8 56
38 9 60
38 10 52
38 11 58
38 12 62
38 13 56
38 14 62
38 15 61
38 16 72
38 17 55
38 18 57
38 19 67
38 20 66
38 21 61
38 22 50
38 23 48
38 24 70
38 25 60
38 26 52
38 27 60
38 28 60
38 29 57
38 30 54
38 31 65
38 32 46
38 33 69
38 34 60
38 35 45
38 36 56
38 37 64
38 38 100
38 39 47
38 40 41
38 41 56
38 42 54
38 43 38
38 46 49
38 47 62
38 48 51
38 49 32
38 50 34
38 51 63
38 52 56
38 53 64
38 54 65
38 55 45
38 56 62
38 57 68
38 58 30
38 59 65
38 60 43
38 61 42
38 62 47
38 63 54
38 64 18
38 65 58
38 66 55
38 67 48
38 68 48
38 69 48
38 70 46
38 71 36
38 72 34
38 73 64
38 74 47
38 75 73
38 76 46
38 77 45
38 80 49
38 81 52
38 82 58
38 83 65
38 84 59
38 85 27
38 86 53
38 87 51
38 88 49
38 89 62
38 90 52
38 91 75
38 92 50
38 93 45
38 94 57
38 95 57
38 96 43
38 97 39
38 98 31
38 99 57
38 100 69
38 101 62
38 102 59
38 103 64
38 104 49
38 105 43
38 106 40
38 107 51
38 108 29
39 0 21
39 1 25
39 2 20
39 3 33
39 4 27
39 5 41
39 6 25
39 7 10
39 8 45
39 9 35
39 10 29
39 11 33
39 12 33
39 13 35
39 14 53
39 15 30
39 16 47
39 17 34
39 18 36
39 19 42
39 20 36
39 21 27
39 22 33
39 23 27
39 24 47
39 25 33
39 26 32
39 27 32
39 28 56
39 29 47
39 30 36
39 31 53
39 32 24
39 33 39
39 34 39
39 35 39
39 36 45
39 37 43
39 38 47
39 39 100
39 40 37
39 41 72
39 42 40
39 43 26
39 46 23
39 47 44
39 48 39
39 49 16
39 50 18
39 51 56
39 52 30
39 53 39
39 54 46
39 55 31
39 56 39
39 57 34
39 58 7
39 59 31
39 60 29
39 61 24
39 62 22
39 63 24
39 64 4
39 65 33
39 66 39
39 67 38
39 68 28
39 69 26
39 70 37
39 71 21
39 72 17
39 73 42
39 74 32
39 75 41
39 76 57
39 77 37
39 80 31
39 81 58
39 82 26
39 83 37
39 84 34
39 85 8
39 86 31
39 87 20
39 88 56
39 89 45
39 90 70
39 91 38
39 92 30
39 93 16
39 94 46
39 95 47
39 96 33
39 97 25
39 98 15
39 99 36
39 100 31
39 101 47
39 102 66
39 103 39
39 104 38
39 105 31
39 106 25
39 107 33
39 108 18
40 0 19
40 1 36
40 2 30
40 3 40
40 4 30
40 5 44
40 6 26
40 7 7
40 8 40
40 9 34
40 10 36
40 11 39
40 12 41
40 13 31
40 14 53
40 15 37
40 16 40
40 17 28
40 18 41
40 19 47
40 20 40
40 21 30
40 22 40
40 23 44
40 24 40
40 25 38
40 26 27
40 27 45
40 28 42
40 29 49
40 30 44
40 31 52
40 32 33
40 33 39
40 34 42
40 35 36
40 36 40
40 37 61
40 38 41
40 39 37
40 40 99
40 41 70
40 42 42
40 43 39
40 46 31
40 47 37
40 48 45
40 49 15
40 50 34
40 51 58
40 52 32
40 53 39
40 54 47
40 55 36
40 56 37
40 57 40
40 58 33
40 59 32
40 60 25
40 61 31
40 62 37
40 63 29
40 64 12
40 65 34
40 66 45
40 67 38
40 68 37
40 69 38
40 70 34
40 71 37
40 72 14
40 73 33
40 74 41
40 75 37
40 76 60
40 77 27
40 80 32
40 81 53
40 82 40
40 83 47
40 84 38
40 85 28
40 86 39
40 87 33
40 88 48
40 89 45
40 90 52
40 91 40
40 92 21
40 93 31
40 94 48
40 95 35
40 96 26
40 97 21
40 98 24
40 99 28
40 100 35
40 101 46
40 102 59
40 103 46
40 104 32
40 105 35
40 106 39
40 107 41
40 108 29
41 0 35
41 1 35
41 2 33
41 3 50
41 4 37
41 5 50
41 6 41
41 7 14
41 8 51
41 9 46
41 10 44
41 11 44
41 12 45
41 13 42
41 14 65
41 15 42
41 16 54
41 17 34
41 18 41
41 19 56
41 20 49
41 21 41
41 22 41
41 23 44
41 24 53
41 25 44
41 26 33
41 27 51
41 28 60
41 29 62
41 30 54
41 31 68
41 32 39
41 33 49
41 34 46
41 35 46
41 36 50
41 37 64
41 38 56
41 39 72
41 40 70
41 41 100
41 42 51
41 43 35
41 46 37
41 47 50
41 48 52
41 49 20
41 50 36
41 51 67
41 52 35
41 53 49
41 54 54
41 55 39
41 56 47
41 57 48
41 58 33
41 59 39
41 60 29
41 61 33
41 62 38
41 63 35
41 64 11
41 65 40
41 66 52
41 67 45
41 68 40
41 69 40
41 70 43
41 71 33
41 72 21
41 73 45
41 74 42
41 75 46
41 76 70
41 77 40
41 80 41
41 81 71
41 82 45
41 83 52
41 84 42
41 85 19
41 86 48
41 87 32
41 88 65
41 89 63
41 90 78
41 91 52
41 92 31
41 93 29
41 94 53
41 95 44
41 96 35
41 97 25
41 98 25
41 99 39
41 100 46
41 101 58
41 102 81
41 103 54
41 104 52
41 105 39
41 106 41
41 107 48
41 108 32
42 0 40
42 1 33
42 2 68
42 3 64
42 4 55
42 5 72
42 6 45
42 7 11
42 8 47
42 9 47
42 10 54
42 11 76
42 12 61
42 13 39
42 14 68
42 15 74
42 16 69
42 17 70
42 18 58
42 19 55
42 20 66
42 21 58
42 22 64
42 23 51
42 24 68
42 25 74
42 26 49
42 27 50
42 28 59
42 29 46
42 30 43
42 31 63
42 32 52
42 33 50
42 34 72
42 35 31
42 36 68
42 37 59
42 38 54
42 39 40
42 40 42
42 41 51
42 42 99
42 43 49
42 46 63
42 47 65
42 48 50
42 49 26
42 50 30
42 51 59
42 52 50
42 53 65
42 54 70
42 55 56
42 56 59
42 57 51
42 58 45
42 59 54
42 60 76
42 61 52
42 62 55
42 63 58
42 64 18
42 65 65
42 66 43
42 67 57
42 68 59
42 69 46
42 70 45
42 71 47
42 72 42
42 73 58
42 74 70
42 75 59
42 76 47
42 77 47
42 80 53
42 81 47
42 82 54
42 83 53
42 84 52
42 85 40
42 86 35
42 87 40
42 88 41
42 89 40
42 90 57
42 91 56
42 92 70
42 93 65
42 94 67
42 95 72
42 96 73
42 97 67
42 98 44
42 99 58
42 100 39
42 101 64
42 102 54
42 103 42
42 104 39
42 105 49
42 106 51
42 107 40
42 108 26
43 0 18
43 1 24
43 2 53
43 3 50
43 4 30
43 5 51
43 6 19
43 7 5
43 8 33
43 9 28
43 10 29
43 11 50
43 12 47
43 13 25
43 14 49
43 15 47
43 16 47
43 17 29
43 18 44
43 19 42
43 20 38
43 21 36
43 22 42
43 23 33
43 24 51
43 25 35
43 26 53
43 27 54
43 28 47
43 29 38
43 30 31
43 31 41
43 32 39
43 33 40
43 34 53
43 35 24
43 36 38
43 37 41
43 38 38
43 39 26
43 40 39
43 41 35
43 42 49
43 43 100
43 46 29
43 47 45
43 48 34
43 49 11
43 50 29
43 51 46
43 52 48
43 53 46
43 54 53
43 55 37
43 56 42
43 57 31
43 58 18
43 59 33
43 60 36
43 61 33
43 62 36
43 63 45
43 64 16
43 65 44
43 66 29
43 67 40
43 68 46
43 69 41
43 70 44
43 71 35
43 72 38
43 73 33
43 74 49
43 75 34
43 76 32
43 77 38
43 80 31
43 81 36
43 82 36
43 83 50
43 84 42
43 85 27
43 86 31
43 87 29
43 88 32
43 89 34
43 90 31
43 91 43
43 92 29
43 93 41
43 94 39
43 95 40
43 96 35
43 97 26
43 98 40
43 99 29
43 100 25
43 101 51
43 102 54
43 103 35
43 104 23
43 105 26
43 106 30
43 107 29
43 108 24
46 0 43
46 1 26
46 2 48
46 3 51
46 4 43
46 5 52
46 6 44
46 7 13
46 8 32
46 9 35
46 10 52
46 11 66
46 12 54
46 13 36
46 14 54
46 15 61
46 16 53
46 17 60
46 18 53
46 19 43
46 20 58
46 21 61
46 22 56
46 23 45
46 24 58
46 25 71
46 26 34
46 27 48
46 28 53
46 29 50
46 30 32
46 31 59
46 32 39
46 33 42
46 34 50
46 35 19
46 36 62
46 37 54
46 38 49
46 39 23
46 40 31
46 41 37
46 42 63
46 43 29
46 46 100
46 47 47
46 48 45
46 49 30
46 50 21
46 51 48
46 52 51
46 53 58
46 54 54
46 55 47
46 56 64
46 57 45
46 58 43
46 59 47
46 60 51
46 61 45
46 62 58
46 63 53
46 64 14
46 65 66
46 66 35
46 67 48
46 68 63
46 69 40
46 70 37
46 71 47
46 72 35
46 73 62
46 74 67
46 75 59
46 76 46
46 77 38
46 80 45
46 81 38
46 82 47
46 83 42
46 84 34
46 85 26
46 86 26
46 87 31
46 88 34
46 89 31
46 90 49
46 91 47
46 92 65
46 93 57
46 94 47
46 95 55
46 96 60
46 97 60
46 98 32
46 99 47
46 100 36
46 101 51
46 102 41
46 103 33
46 104 31
46 105 37
46 106 47
46 107 32
46 108 14
47 0 49
47 1 35
47 2 53
47 3 50
47 4 63
47 5 61
47 6 49
47 7 24
47 8 51
47 9 50
47 10 53
47 11 72
47 12 60
47 13 46
47 14 66
47 15 63
47 16 66
47 17 50
47 18 61
47 19 61
47 20 65
47 21 53
47 22 53
47 23 54
47 24 62
47 25 58
47 26 47
47 27 57
47 28 54
47 29 51
47 30 42
47 31 64
47 32 57
47 33 65
47 34 60
47 35 39
47 36 56
47 37 57
47 38 62
47 39 44
47 40 37
47 41 50
47 42 65
47 43 45
47 46 47
47 47 100
47 48 52
47 49 35
47 50 41
47 51 60
47 52 54
47 53 69
47 54 68
47 55 54
47 56 62
47 57 55
47 58 33
47 59 52
47 60 49
47 61 54
47 62 47
47 63 56
47 64 18
47 65 54
47 66 47
47 67 53
47 68 49
47 69 46
47 70 46
47 71 36
47 72 31
47 73 56
47 74 55
47 75 65
47 76 40
47 77 42
47 80 50
47 81 45
47 82 54
47 83 63
47 84 56
47 85 30
47 86 50
47 87 40
47 88 53
47 89 48
47 90 56
47 91 65
47 92 53
47 93 52
47 94 53
47 95 52
47 96 51
47 97 35
47 98 33
47 99 49
47 100 51
47 101 65
47 102 55
47 103 49
47 104 43
47 105 50
47 106 52
47 107 52
47 108 35
48 0 42
48 1 31
48 2 36
48 3 32
48 4 59
48 5 47
48 6 42
48 7 28
48 8 45
48 9 42
48 10 52
48 11 51
48 12 50
48 13 43
48 14 60
48 15 46
48 16 53
48 17 36
48 18 61
48 19 55
48 20 61
48 21 54
48 22 47
48 23 48
48 24 47
48 25 53
48 26 30
48 27 57
48 28 46
48 29 50
48 30 41
48 31 61
48 32 45
48 33 46
48 34 49
48 35 38
48 36 47
48 37 54
48 38 51
48 39 39
48 40 45
48 41 52
48 42 50
48 43 34
48 46 45
48 47 52
48 48 100
48 49 26
48 50 37
48 51 58
48 52 46
48 53 59
48 54 60
48 55 56
48 56 53
48 57 57
48 58 44
48 59 38
48 60 35
48 61 41
48 62 40
48 63 41
48 64 20
48 65 47
48 66 55
48 67 46
48 68 39
48 69 34
48 70 40
48 71 35
48 72 25
48 73 43
48 74 54
48 75 45
48 76 52
48 77 31
48 80 42
48 81 50
48 82 44
48 83 51
48 84 44
48 85 35
48 86 39
48 87 43
48 88 45
48 89 60
48 90 54
48 91 57
48 92 38
48 93 42
48 94 48
48 95 42
48 96 34
48 97 32
48 98 31
48 99 44
48 100 56
48 101 58
48 102 59
48 103 53
48 104 51
48 105 38
48 106 48
48 107 51
48 108 28
49 0 40
49 1 24
49 2 22
49 3 24
49 4 43
49 5 22
49 6 40
49 7 10
49 8 25
49 9 28
49 10 33
49 11 35
49 12 37
49 13 36
49 14 23
49 15 32
49 16 28
49 17 27
49 18 28
49 19 32
49 20 43
49 21 31
49 22 20
49 23 19
49 24 29
49 25 33
49 26 20
49 27 31
49 28 29
49 29 24
49 30 11
49 31 30
49 32 23
49 33 34
49 34 20
49 35 19
49 36 22
49 37 24
49 38 32
49 39 16
49 40 15
49 41 20
49 42 26
49 43 11
49 46 30
49 47 35
49 48 26
49 49 99
49 50 12
49 51 18
49 52 24
49 53 36
49 54 24
49 55 19
49 56 28
49 57 32
49 58 12
49 59 28
49 60 26
49 61 33
49 62 26
49 63 26
49 64 8
49 65 28
49 66 27
49 67 21
49 68 26
49 69 16
49 70 19
49 71 17
49 72 12
49 73 29
49 74 26
49 75 35
49 76 16
49 77 22
49 80 17
49 81 18
49 82 19
49 83 32
49 84 27
49 85 15
49 86 27
49 87 27
49 88 26
49 89 21
49 90 20
49 91 35
49 92 27
49 93 20
49 94 14
49 95 22
49 96 25
49 97 24
49 98 9
49 99 35
49 100 36
49 101 25
49 102 20
49 103 22
49 104 28
49 105 25
49 106 30
49 107 33
49 108 11
50 0 22
50 1 22
50 2 26
50 3 27
50 4 27
50 5 37
50 6 27
50 7 30
50 8 37
50 9 20
50 10 34
50 11 35
50 12 31
50 13 20
50 14 49
50 15 30
50 16 39
50 17 17
50 18 31
50 19 44
50 20 35
50 21 23
50 22 21
50 23 39
50 24 29
50 25 19
50 26 14
50 27 38
50 28 27
50 29 47
50 30 45
50 31 43
50 32 35
50 33 37
50 34 35
50 35 32
50 36 22
50 37 41
50 38 34
50 39 18
50 40 34
50 41 36
50 42 30
50 43 29
50 46 21
50 47 41
50 48 37
50 49 12
50 50 99
50 51 44
50 52 31
50 53 38
50 54 38
50 55 45
50 56 40
50 57 36
50 58 31
50 59 27
50 60 16
50 61 26
50 62 23
50 63 27
50 64 6
50 65 30
50 66 36
50 67 27
50 68 25
50 69 43
50 70 31
50 71 29
50 72 16
50 73 20
50 74 26
50 75 25
50 76 29
50 77 17
50 80 29
50 81 41
50 82 44
50 83 40
50 84 28
50 85 20
50 86 43
50 87 22
50 88 32
50 89 43
50 90 29
50 91 39
50 92 19
50 93 32
50 94 28
50 95 15
50 96 14
50 97 10
50 98 31
50 99 13
50 100 36
50 101 38
50 102 42
50 103 40
50 104 23
50 105 27
50 106 31
50 107 26
50 108 33
51 0 34
51 1 34
51 2 49
51 3 60
51 4 39
51 5 71
51 6 36
51 7 26
51 8 49
51 9 42
51 10 49
51 11 52
51 12 50
51 13 38
51 14 71
51 15 62
51 16 71
51 17 46
51 18 57
51 19 59
51 20 54
51 21 56
51 22 58
51 23 48
51 24 69
51 25 50
51 26 51
51 27 61
51 28 68
51 29 69
51 30 50
51 31 65
51 32 51
51 33 49
51 34 59
51 35 46
51 36 59
51 37 65
51 38 63
51 39 56
51 40 58
51 41 67
51 42 59
51 43 46
51 46 48
51 47 60
51 48 58
51 49 18
51 50 44
51 51 100
51 52 50
51 53 65
51 54 71
51 55 52
51 56 62
51 57 49
51 58 41
51 59 48
51 60 45
51 61 42
51 62 53
51 63 50
51 64 14
51 65 63
51 66 59
51 67 63
51 68 58
51 69 50
51 70 51
51 71 48
51 72 34
51 73 56
51 74 57
51 75 56
51 76 60
51 77 49
51 80 56
51 81 68
51 82 55
51 83 59
51 84 43
51 85 29
51 86 44
51 87 35
51 88 52
51 89 51
51 90 69
51 91 57
51 92 38
51 93 48
51 94 69
51 95 55
51 96 43
51 97 36
51 98 43
51 99 38
51 100 43
51 101 71
51 102 72
51 103 54
51 104 44
51 105 39
51 106 41
51 107 43
51 108 40
52 0 45
52 1 29
52 2 47
52 3 46
52 4 54
52 5 55
52 6 44
52 7 17
52 8 44
52 9 44
52 10 50
52 11 56
52 12 53
52 13 40
52 14 51
52 15 61
52 16 60
52 17 51
52 18 57
52 19 54
52 20 52
52 21 53
52 22 45
52 23 49
52 24 54
52 25 56
52 26 47
52 27 58
52 28 50
52 29 46
52 30 38
52 31 55
52 32 44
52 33 56
52 34 54
52 35 37
52 36 47
52 37 47
52 38 56
52 39 30
52 40 32
52 41 35
52 42 50
52 43 48
52 46 51
52 47 54
52 48 46
52 49 24
52 50 31
52 51 50
52 52 99
52 53 62
52 54 55
52 55 53
52 56 60
52 57 48
52 58 29
52 59 47
52 60 42
52 61 49
52 62 43
52 63 51
52 64 10
52 65 57
52 66 45
52 67 48
52 68 47
52 69 41
52 70 45
52 71 41
52 72 38
52 73 55
52 74 52
52 75 60
52 76 37
52 77 45
52 80 48
52 81 40
52 82 47
52 83 59
52 84 46
52 85 31
52 86 41
52 87 38
52 88 35
52 89 40
52 90 35
52 91 57
52 92 50
52 93 45
52 94 46
52 95 48
52 96 41
52 97 44
52 98 36
52 99 41
52 100 47
52 101 56
52 102 48
52 103 49
52 104 39
52 105 37
52 106 37
52 107 41
52 108 23
53 0 50
53 1 34
53 2 57
53 3 53
53 4 60
53 5 71
53 6 50
53 7 27
53 8 43
53 9 51
53 10 51
53 11 68
53 12 63
53 13 48
53 14 64
53 15 66
53 16 70
53 17 53
53 18 68
53 19 58
53 20 72
53 21 67
53 22 65
53 23 50
53 24 71
53 25 67
53 26 55
53 27 64
53 28 62
53 29 59
53 30 39
53 31 72
53 32 57
53 33 52
53 34 72
53 35 36
53 36 67
53 37 59
53 38 64
53 39 39
53 40 39
53 41 49
53 42 65
53 43 46
53 46 58
53 47 69
53 48 59
53 49 36
53 50 38
53 51 65
53 52 62
53 53 99
53 54 78
53 55 61
53 56 65
53 57 56
53 58 42
53 59 59
53 60 59
53 61 55
53 62 63
53 63 63
53 64 20
53 65 70
53 66 52
53 67 61
53 68 63
53 69 41
53 70 56
53 71 47
53 72 50
53 73 63
53 74 64
53 75 66
53 76 44
53 77 46
53 80 57
53 81 50
53 82 63
53 83 58
53 84 50
53 85 36
53 86 45
53 87 44
53 88 48
53 89 46
53 90 55
53 91 63
53 92 53
53 93 61
53 94 66
53 95 59
53 96 55
53 97 48
53 98 37
53 99 55
53 100 50
53 101 76
53 102 57
53 103 49
53 104 42
53 105 48
53 106 50
53 107 48
53 108 34
54 0 39
54 1 31
54 2 60
54 3 60
54 4 56
54 5 76
54 6 41
54 7 23
54 8 49
54 9 51
54 10 52
54 11 64
54 12 64
54 13 44
54 14 69
54 15 67
54 16 72
54 17 51
54 18 70
54 19 62
54 20 69
54 21 70
54 22 71
54 23 49
54 24 80
54 25 65
54 26 56
54 27 66
54 28 65
54 29 64
54 30 51
54 31 67
54 32 60
54 33 60
54 34 77
54 35 46
54 36 68
54 37 71
54 38 65
54 39 46
54 40 47
54 41 54
54 42 70
54 43 53
54 46 54
54 47 68
54 48 60
54 49 24
54 50 38
54 51 71
54 52 55
54 53 78
54 54 100
54 55 59
54 56 66
54 57 58
54 58 43
54 59 58
54 60 54
54 61 50
54 62 59
54 63 61
54 64 16
54 65 67
54 66 55
54 67 60
54 68 60
54 69 48
54 70 50
54 71 45
54 72 39
54 73 57
54 74 64
54 75 67
54 76 45
54 77 44
54 80 55
54 81 47
54 82 65
54 83 61
54 84 58
54 85 37
54 86 42
54 87 44
54 88 51
54 89 49
54 90 58
54 91 66
54 92 54
54 93 64
54 94 67
54 95 60
54 96 53
54 97 39
54 98 43
54 99 51
54 100 51
54 101 79
54 102 63
54 103 57
54 104 39
54 105 44
54 106 53
54 107 40
54 108 39
55 0 37
55 1 30
55 2 46
55 3 38
55 4 52
55 5 52
55 6 36
55 7 19
55 8 34
55 9 42
55 10 47
55 11 60
55 12 60
55 13 41
55 14 53
55 15 51
55 16 55
55 17 47
55 18 61
55 19 42
55 20 54
55 21 49
55 22 50
55 23 51
55 24 48
55 25 50
55 26 32
55 27 52
55 28 46
55 29 43
55 30 44
55 31 52
55 32 48
55 33 43
55 34 53
55 35 28
55 36 49
55 37 49
55 38 45
55 39 31
55 40 36
55 41 39
55 42 56
55 43 37
55 46 47
55 47 54
55 48 56
55 49 19
55 50 45
55 51 52
55 52 53
55 53 61
55 54 59
55 55 99
55 56 62
55 57 50
55 58 47
55 59 40
55 60 49
55 61 50
55 62 41
55 63 49
55 64 20
55 65 47
55 66 43
55 67 44
55 68 42
55 69 44
55 70 46
55 71 37
55 72 30
55 73 46
55 74 57
55 75 50
55 76 38
55 77 37
55 80 45
55 81 38
55 82 49
55 83 50
55 84 37
55 85 48
55 86 36
55 87 42
55 88 31
55 89 40
55 90 42
55 91 48
55 92 48
55 93 49
55 94 46
55 95 44
55 96 42
55 97 39
55 98 34
55 99 40
55 100 33
55 101 53
55 102 48
55 103 43
55 104 33
55 105 45
55 106 46
55 107 34
55 108 41
56 0 42
56 1 26
56 2 49
56 3 47
56 4 47
56 5 58
56 6 41
56 7 28
56 8 45
56 9 46
56 10 48
56 11 67
56 12 56
56 13 46
56 14 64
56 15 60
56 16 64
56 17 53
56 18 55
56 19 58
56 20 61
56 21 56
56 22 54
56 23 52
56 24 63
56 25 56
56 26 38
56 27 59
56 28 64
56 29 54
56 30 44
56 31 65
56 32 55
56 33 56
56 34 58
56 35 44
56 36 54
56 37 63
56 38 62
56 39 39
56 40 37
56 41 47
56 42 59
56 43 42
56 46 64
56 47 62
56 48 53
56 49 28
56 50 40
56 51 62
56 52 60
56 53 65
56 54 66
56 55 62
56 56 99
56 57 57
56 58 32
56 59 49
56 60 45
56 61 47
56 62 52
56 63 57
56 64 15
56 65 62
56 66 54
56 67 50
56 68 62
56 69 49
56 70 47
56 71 41
56 72 37
56 73 60
56 74 53
56 75 70
56 76 53
56 77 45
56 80 55
56 81 51
56 82 53
56 83 62
56 84 43
56 85 23
56 86 40
56 87 37
56 88 51
56 89 42
56 90 49
56 91 65
56 92 51
56 93 50
56 94 49
56 95 52
56 96 46
56 97 45
56 98 34
56 99 39
56 100 49
56 101 60
56 102 59
56 103 57
56 104 41
56 105 48
56 106 43
56 107 40
56 108 33
57 0 44
57 1 30
57 2 38
57 3 36
57 4 66
57 5 53
57 6 48
57 7 19
57 8 54
57 9 54
57 10 52
57 11 48
57 12 63
57 13 53
57 14 50
57 15 54
57 16 54
57 17 48
57 18 52
57 19 53
57 20 66
57 21 57
57 22 42
57 23 51
57 24 57
57 25 57
57 26 34
57 27 47
57 28 43
57 29 46
57 30 49
57 31 57
57 32 51
57 33 61
57 34 51
57 35 37
57 36 46
57 37 59
57 38 68
57 39 34
57 40 40
57 41 48
57 42 51
57 43 31
57 46 45
57 47 55
57 48 57
57 49 32
57 50 36
57 51 49
57 52 48
57 53 56
57 54 58
57 55 50
57 56 57
57 57 99
57 58 32
57 59 54
57 60 34
57 61 38
57 62 41
57 63 45
57 64 10
57 65 52
57 66 53
57 67 41
57 68 40
57 69 47
57 70 43
57 71 34
57 72 33
57 73 50
57 74 44
57 75 58
57 76 35
57 77 38
57 80 38
57 81 42
57 82 52
57 83 56
57 84 47
57 85 34
57 86 47
57 87 60
57 88 41
57 89 63
57 90 52
57 91 66
57 92 49
57 93 41
57 94 48
57 95 44
57 96 36
57 97 31
57 98 33
57 99 56
57 100 63
57 101 51
57 102 45
57 103 60
57 104 43
57 105 37
57 106 42
57 107 50
57 108 24
58 0 46
58 1 26
58 2 47
58 3 40
58 4 41
58 5 43
58 6 47
58 7 19
58 8 29
58 9 29
58 10 51
58 11 43
58 12 43
58 13 24
58 14 44
58 15 43
58 16 43
58 17 28
58 18 42
58 19 34
58 20 45
58 21 51
58 22 44
58 23 42
58 24 36
58 25 55
58 26 16
58 27 40
58 28 29
58 29 34
58 30 39
58 31 42
58 32 36
58 33 28
58 34 41
58 35 23
58 36 45
58 37 39
58 38 30
58 39 7
58 40 33
58 41 33
58 42 45
58 43 18
58 46 43
58 47 33
58 48 44
58 49 12
58 50 31
58 51 41
58 52 29
58 53 42
58 54 43
58 55 47
58 56 32
58 57 32
58 58 100
58 59 37
58 60 35
58 61 38
58 62 46
58 63 35
58 64 23
58 65 38
58 66 39
58 67 36
58 68 39
58 69 39
58 70 30
58 71 35
58 72 19
58 73 26
58 74 50
58 75 31
58 76 26
58 77 23
58 80 29
58 81 32
58 82 47
58 83 32
58 84 24
58 85 43
58 86 24
58 87 31
58 88 13
58 89 33
58 90 44
58 91 31
58 92 38
58 93 51
58 94 37
58 95 32
58 96 42
58 97 28
58 98 28
58 99 35
58 100 32
58 101 38
58 102 27
58 103 31
58 104 21
58 105 36
58 106 59
58 107 27
58 108 37
59 0 48
59 1 31
59 2 47
59 3 43
59 4 58
59 5 58
59 6 54
59 7 17
59 8 53
59 9 53
59 10 46
59 11 52
59 12 58
59 13 44
59 14 49
59 15 61
59 16 61
59 17 52
59 18 47
59 19 53
59 20 59
59 21 57
59 22 50
59 23 40
59 24 61
59 25 55
59 26 42
59 27 48
59 28 52
59 29 44
59 30 40
59 31 55
59 32 43
59 33 55
59 34 57
59 35 31
59 36 52
59 37 50
59 38 65
59 39 31
59 40 32
59 41 39
59 42 54
59 43 33
59 46 47
59 47 52
59 48 38
59 49 28
59 50 27
59 51 48
59 52 47
59 53 59
59 54 58
59 55 40
59 56 49
59 57 54
59 58 37
59 59 100
59 60 41
59 61 42
59 62 54
59 63 53
59 64 13
59 65 54
59 66 44
59 67 45
59 68 48
59 69 45
59 70 49
59 71 39
59 72 37
59 73 56
59 74 50
59 75 58
59 76 30
59 77 37
59 80 41
59 81 39
59 82 56
59 83 50
59 84 53
59 85 32
59 86 47
59 87 39
59 88 39
59 89 44
59 90 40
59 91 55
59 92 50
59 93 49
59 94 53
59 95 52
59 96 45
59 97 36
59 98 25
59 99 51
59 100 51
59 101 53
59 102 43
59 103 45
59 104 34
59 105 38
59 106 39
59 107 43
59 108 27
60 0 31
60 1 28
60 2 51
60 3 42
60 4 47
60 5 60
60 6 32
60 7 16
60 8 27
60 9 37
60 10 33
60 11 59
60 12 48
60 13 31
60 14 45
60 15 64
60 16 50
60 17 73
60 18 51
60 19 39
60 20 56
60 21 45
60 22 55
60 23 41
60 24 55
60 25 59
60 26 49
60 27 34
60 28 47
60 29 33
60 30 27
60 31 44
60 32 35
60 33 30
60 34 61
60 35 13
60 36 59
60 37 42
60 38 43
60 39 29
60 40 25
60 41 29
60 42 76
60 43 36
60 46 51
60 47 49
60 48 35
60 49 26
60 50 16
60 51 45
60 52 42
60 53 59
60 54 54
60 55 49
60 56 45
60 57 34
60 58 35
60 59 41
60 60 100
60 61 52
60 62 50
60 63 45
60 64 21
60 65 55
60 66 27
60 67 53
60 68 47
60 69 27
60 70 33
60 71 38
60 72 42
60 73 54
60 74 58
60 75 52
60 76 36
60 77 49
60 80 44
60 81 30
60 82 42
60 83 35
60 84 39
60 85 42
60 86 19
60 87 41
60 88 28
60 89 26
60 90 37
60 91 39
60 92 63
60 93 56
60 94 57
60 95 76
60 96 73
60 97 77
60 98 38
60 99 46
60 100 23
60 101 54
60 102 31
60 103 20
60 104 30
60 105 44
60 106 30
60 107 33
60 108 28
61 0 44
61 1 29
61 2 41
61 3 44
61 4 51
61 5 50
61 6 43
61 7 20
61 8 37
61 9 42
61 10 44
61 11 53
61 12 53
61 13 41
61 14 46
61 15 54
61 16 56
61 17 50
61 18 51
61 19 44
61 20 53
61 21 45
61 22 45
61 23 49
61 24 46
61 25 58
61 26 34
61 27 41
61 28 49
61 29 41
61 30 37
61 31 51
61 32 40
61 33 45
61 34 44
61 35 23
61 36 51
61 37 49
61 38 42
61 39 24
61 40 31
61 41 33
61 42 52
61 43 33
61 46 45
61 47 54
61 48 41
61 49 33
61 50 26
61 51 42
61 52 49
61 53 55
61 54 50
61 55 50
61 56 47
61 57 38
61 58 38
61 59 42
61 60 52
61 61 99
61 62 48
61 63 47
61 64 15
61 65 47
61 66 37
61 67 39
61 68 44
61 69 47
61 70 39
61 71 34
61 72 28
61 73 47
61 74 52
61 75 57
61 76 36
61 77 34
61 80 44
61 81 32
61 82 45
61 83 47
61 84 41
61 85 43
61 86 42
61 87 48
61 88 39
61 89 33
61 90 36
61 91 51
61 92 52
61 93 44
61 94 45
61 95 46
61 96 51
61 97 39
61 98 33
61 99 40
61 100 39
61 101 49
61 102 37
61 103 36
61 104 35
61 105 44
61 106 52
61 107 46
61 108 31
62 0 36
62 1 29
62 2 56
62 3 56
62 4 41
62 5 61
62 6 44
62 7 20
62 8 36
62 9 40
62 10 44
62 11 50
62 12 49
62 13 30
62 14 53
62 15 61
62 16 60
62 17 45
62 18 45
62 19 45
62 20 58
62 21 64
62 22 59
62 23 42
62 24 64
62 25 58
62 26 43
62 27 52
62 28 61
62 29 49
62 30 33
62 31 56
62 32 46
62 33 38
62 34 55
62 35 29
62 36 57
62 37 53
62 38 47
62 39 22
62 40 37
62 41 38
62 42 55
62 43 36
62 46 58
62 47 47
62 48 40
62 49 26
62 50 23
62 51 53
62 52 43
62 53 63
62 54 59
62 55 41
62 56 52
62 57 41
62 58 46
62 59 54
62 60 50
62 61 48
62 62 100
62 63 57
62 64 10
62 65 67
62 66 38
62 67 50
62 68 73
62 69 39
62 70 45
62 71 57
62 72 45
62 73 56
62 74 54
62 75 50
62 76 35
62 77 44
62 80 52
62 81 41
62 82 56
62 83 48
62 84 40
62 85 29
62 86 32
62 87 30
62 88 33
62 89 29
62 90 45
62 91 46
62 92 46
62 93 60
62 94 54
62 95 54
62 96 57
62 97 42
62 98 32
62 99 45
62 100 36
62 101 58
62 102 42
62 103 37
62 104 27
62 105 36
62 106 44
62 107 33
62 108 24
63 0 37
63 1 29
63 2 60
63 3 55
63 4 52
63 5 57
63 6 41
63 7 12
63 8 36
63 9 43
63 10 46
63 11 60
63 12 56
63 13 43
63 14 50
63 15 63
63 16 61
63 17 49
63 18 47
63 19 44
63 20 58
63 21 59
63 22 57
63 23 42
63 24 64
63 25 58
63 26 41
63 27 53
63 28 53
63 29 47
63 30 36
63 31 56
63 32 46
63 33 50
63 34 53
63 35 27
63 36 48
63 37 47
63 38 54
63 39 24
63 40 29
63 41 35
63 42 58
63 43 45
63 46 53
63 47 56
63 48 41
63 49 26
63 50 27
63 51 50
63 52 51
63 53 63
63 54 61
63 55 49
63 56 57
63 57 45
63 58 35
63 59 53
63 60 45
63 61 47
63 62 57
63 63 99
63 64 22
63 65 55
63 66 45
63 67 52
63 68 64
63 69 45
63 70 41
63 71 52
63 72 48
63 73 56
63 74 53
63 75 59
63 76 34
63 77 44
63 80 49
63 81 36
63 82 57
63 83 51
63 84 43
63 85 25
63 86 36
63 87 38
63 88 41
63 89 36
63 90 37
63 91 49
63 92 46
63 93 56
63 94 49
63 95 48
63 96 47
63 97 41
63 98 35
63 99 53
63 100 42
63 101 55
63 102 43
63 103 43
63 104 31
63 105 36
63 106 42
63 107 42
63 108 25
64 0 15
64 1 13
64 2 17
64 3 13
64 4 19
64 5 13
64 6 13
64 7 8
64 8 6
64 9 10
64 10 17
64 11 19
64 12 14
64 13 11
64 14 10
64 15 18
64 16 15
64 17 19
64 18 15
64 19 11
64 20 15
64 21 18
64 22 19
64 23 14
64 24 15
64 25 20
64 26 11
64 27 13
64 28 14
64 29 7
64 30 23
64 31 10
64 32 10
64 33 16
64 34 10
64 35 3
64 36 23
64 37 20
64 38 18
64 39 4
64 40 12
64 41 11
64 42 18
64 43 16
64 46 14
64 47 18
64 48 20
64 49 8
64 50 6
64 51 14
64 52 10
64 53 20
64 54 16
64 55 20
64 56 15
64 57 10
64 58 23
64 59 13
64 60 21
64 61 15
64 62 10
64 63 22
64 64 99
64 65 9
64 66 31
64 67 20
64 68 13
64 69 12
64 70 10
64 71 11
64 72 7
64 73 14
64 74 24
64 75 19
64 76 20
64 77 16
64 80 10
64 81 10
64 82 12
64 83 12
64 84 8
64 85 32
64 86 17
64 87 26
64 88 14
64 89 18
64 90 20
64 91 15
64 92 17
64 93 17
64 94 15
64 95 24
64 96 21
64 97 26
64 98 15
64 99 11
64 100 20
64 101 12
64 102 11
64 103 12
64 104 9
64 105 13
64 106 16
64 107 15
64 108 18
65 0 44
65 1 27
65 2 62
65 3 61
65 4 50
65 5 71
65 6 45
65 7 21
65 8 38
65 9 43
65 10 45
65 11 63
65 12 55
65 13 37
65 14 61
65 15 70
65 16 69
65 17 52
65 18 58
65 19 53
65 20 65
65 21 70
65 22 64
65 23 46
65 24 75
65 25 68
65 26 51
65 27 60
65 28 62
65 29 56
65 30 31
65 31 58
65 32 49
65 33 47
65 34 63
65 35 32
65 36 65
65 37 51
65 38 58
65 39 33
65 40 34
65 41 40
65 42 65
65 43 44
65 46 66
65 47 54
65 48 47
65 49 28
65 50 30
65 51 63
65 52 57
65 53 70
65 54 67
65 55 47
65 56 62
65 57 52
65 58 38
65 59 54
65 60 55
65 61 47
65 62 67
65 63 55
65 64 9
65 65 99
65 66 46
65 67 63
65 68 67
65 69 44
65 70 47
65 71 50
65 72 51
65 73 59
65 74 67
65 75 61
65 76 36
65 77 47
65 80 60
65 81 47
65 82 55
65 83 54
65 84 45
65 85 29
65 86 36
65 87 34
65 88 40
65 89 36
65 90 50
65 91 58
65 92 51
65 93 64
65 94 65
65 95 64
65 96 54
65 97 48
65 98 45
65 99 51
65 100 41
65 101 63
65 102 47
65 103 42
65 104 34
65 105 39
65 106 44
65 107 37
65 108 20
66 0 47
66 1 29
66 2 35
66 3 37
66 4 54
66 5 54
66 6 48
66 7 28
66 8 52
66 9 53
66 10 52
66 11 43
66 12 50
66 13 47
66 14 49
66 15 52
66 16 58
66 17 38
66 18 42
66 19 57
66 20 54
66 21 55
66 22 44
66 23 50
66 24 53
66 25 49
66 26 28
66 27 53
66 28 46
66 29 45
66 30 44
66 31 55
66 32 48
66 33 63
66 34 44
66 35 54
66 36 44
66 37 53
66 38 55
66 39 39
66 40 45
66 41 52
66 42 43
66 43 29
66 46 35
66 47 47
66 48 55
66 49 27
66 50 36
66 51 59
66 52 45
66 53 52
66 54 55
66 55 43
66 56 54
66 57 53
66 58 39
66 59 44
66 60 27
66 61 37
66 62 38
66 63 45
66 64 31
66 65 46
66 66 100
66 67 44
66 68 43
66 69 39
66 70 42
66 71 35
66 72 24
66 73 48
66 74 42
66 75 55
66 76 47
66 77 29
66 80 42
66 81 52
66 82 48
66 83 63
66 84 45
66 85 23
66 86 47
66 87 42
66 88 43
66 89 56
66 90 54
66 91 60
66 92 33
66 93 29
66 94 49
66 95 39
66 96 27
66 97 23
66 98 21
66 99 39
66 100 61
66 101 49
66 102 55
66 103 62
66 104 50
66 105 42
66 106 38
66 107 50
66 108 37
67 0 30
67 1 34
67 2 48
67 3 46
67 4 44
67 5 66
67 6 36
67 7 15
67 8 32
67 9 38
67 10 33
67 11 49
67 12 47
67 13 32
67 14 56
67 15 55
67 16 57
67 17 55
67 18 52
67 19 43
67 20 53
67 21 58
67 22 67
67 23 48
67 24 62
67 25 52
67 26 46
67 27 52
67 28 57
67 29 50
67 30 32
67 31 48
67 32 44
67 33 38
67 34 57
67 35 37
67 36 62
67 37 52
67 38 48
67 39 38
67 40 38
67 41 45
67 42 57
67 43 40
67 46 48
67 47 53
67 48 46
67 49 21
67 50 27
67 51 63
67 52 48
67 53 61
67 54 60
67 55 44
67 56 50
67 57 41
67 58 36
67 59 45
67 60 53
67 61 39
67 62 50
67 63 52
67 64 20
67 65 63
67 66 44
67 67 99
67 68 58
67 69 36
67 70 39
67 71 50
67 72 44
67 73 46
67 74 63
67 75 48
67 76 43
67 77 48
67 80 55
67 81 49
67 82 52
67 83 44
67 84 40
67 85 34
67 86 33
67 87 34
67 88 43
67 89 36
67 90 49
67 91 44
67 92 49
67 93 59
67 94 65
67 95 62
67 96 49
67 97 44
67 98 41
67 99 39
67 100 33
67 101 61
67 102 48
67 103 39
67 104 31
67 105 43
67 106 40
67 107 39
67 108 27
68 0 34
68 1 34
68 2 58
68 3 59
68 4 39
68 5 67
68 6 40
68 7 16
68 8 36
68 9 34
68 10 43
68 11 56
68 12 51
68 13 32
68 14 54
68 15 59
68 16 61
68 17 49
68 18 47
68 19 44
68 20 60
68 21 60
68 22 71
68 23 42
68 24 65
68 25 59
68 26 45
68 27 48
68 28 61
68 29 48
68 30 33
68 31 58
68 32 40
68 33 41
68 34 54
68 35 29
68 36 62
68 37 54
68 38 48
68 39 28
68 40 37
68 41 40
68 42 59
68 43 46
68 46 63
68 47 49
68 48 39
68 49 26
68 50 25
68 51 58
68 52 47
68 53 63
68 54 60
68 55 42
68 56 62
68 57 40
68 58 39
68 59 48
68 60 47
68 61 44
68 62 73
68 63 64
68 64 13
68 65 67
68 66 43
68 67 58
68 68 99
68 69 43
68 70 52
68 71 59
68 72 46
68 73 52
68 74 59
68 75 55
68 76 40
68 77 44
68 80 53
68 81 44
68 82 50
68 83 46
68 84 41
68 85 27
68 86 34
68 87 27
68 88 39
68 89 33
68 90 48
68 91 47
68 92 48
68 93 57
68 94 57
68 95 60
68 96 58
68 97 47
68 98 35
68 99 44
68 100 36
68 101 59
68 102 44
68 103 36
68 104 29
68 105 41
68 106 42
68 107 36
68 108 23
69 0 28
69 1 31
69 2 37
69 3 46
69 4 35
69 5 50
69 6 32
69 7 17
69 8 46
69 9 31
69 10 44
69 11 43
69 12 39
69 13 25
69 14 54
69 15 47
69 16 51
69 17 29
69 18 40
69 19 44
69 20 39
69 21 37
69 22 38
69 23 40
69 24 44
69 25 39
69 26 26
69 27 47
69 28 41
69 29 51
69 30 49
69 31 51
69 32 53
69 33 50
69 34 43
69 35 35
69 36 34
69 37 46
69 38 48
69 39 26
69 40 38
69 41 40
69 42 46
69 43 41
69 46 40
69 47 46
69 48 34
69 49 16
69 50 43
69 51 50
69 52 41
69 53 41
69 54 48
69 55 44
69 56 49
69 57 47
69 58 39
69 59 45
69 60 27
69 61 47
69 62 39
69 63 45
69 64 12
69 65 44
69 66 39
69 67 36
69 68 43
69 69 99
69 70 41
69 71 34
69 72 27
69 73 42
69 74 45
69 75 45
69 76 36
69 77 31
69 80 36
69 81 44
69 82 42
69 83 49
69 84 36
69 85 31
69 86 43
69 87 31
69 88 35
69 89 37
69 90 41
69 91 49
69 92 34
69 93 37
69 94 45
69 95 31
69 96 28
69 97 22
69 98 35
69 99 26
69 100 40
69 101 45
69 102 46
69 103 47
69 104 27
69 105 38
69 106 46
69 107 31
69 108 36
70 0 31
70 1 46
70 2 38
70 3 38
70 4 42
70 5 49
70 6 34
70 7 19
70 8 39
70 9 43
70 10 34
70 11 45
70 12 47
70 13 35
70 14 51
70 15 44
70 16 52
70 17 37
70 18 48
70 19 38
70 20 50
70 21 37
70 22 43
70 23 39
70 24 46
70 25 37
70 26 36
70 27 44
70 28 48
70 29 47
70 30 36
70 31 49
70 32 42
70 33 43
70 34 52
70 35 31
70 36 43
70 37 43
70 38 46
70 39 37
70 40 34
70 41 43
70 42 45
70 43 44
70 46 37
70 47 46
70 48 40
70 49 19
70 50 31
70 51 51
70 52 45
70 53 56
70 54 50
70 55 46
70 56 47
70 57 43
70 58 30
70 59 49
70 60 33
70 61 39
70 62 45
70 63 41
70 64 10
70 65 47
70 66 42
70 67 39
70 68 52
70 69 41
70 70 100
70 71 39
70 72 41
70 73 48
70 74 46
70 75 44
70 76 36
70 77 39
70 80 41
70 81 47
70 82 43
70 83 45
70 84 38
70 85 28
70 86 39
70 87 30
70 88 47
70 89 39
70 90 40
70 91 44
70 92 38
70 93 32
70 94 45
70 95 40
70 96 33
70 97 29
70 98 28
70 99 33
70 100 32
70 101 54
70 102 54
70 103 38
70 104 33
70 105 41
70 106 32
70 107 43
70 108 32
71 0 30
71 1 21
71 2 47
71 3 48
71 4 32
71 5 54
71 6 39
71 7 17
71 8 33
71 9 28
71 10 35
71 11 38
71 12 43
71 13 26
71 14 45
71 15 47
71 16 51
71 17 45
71 18 37
71 19 35
71 20 39
71 21 46
71 22 44
71 23 46
71 24 49
71 25 44
71 26 35
71 27 39
71 28 42
71 29 45
71 30 25
71 31 46
71 32 30
71 33 30
71 34 46
71 35 31
71 36 42
71 37 44
71 38 36
71 39 21
71 40 37
71 41 33
71 42 47
71 43 35
71 46 47
71 47 36
71 48 35
71 49 17
71 50 29
71 51 48
71 52 41
71 53 47
71 54 45
71 55 37
71 56 41
71 57 34
71 58 35
71 59 39
71 60 38
71 61 34
71 62 57
71 63 52
71 64 11
71 65 50
71 66 35
71 67 50
71 68 59
71 69 34
71 70 39
71 71 99
71 72 53
71 73 43
71 74 47
71 75 37
71 76 32
71 77 34
71 80 42
71 81 42
71 82 41
71 83 36
71 84 31
71 85 26
71 86 29
71 87 28
71 88 27
71 89 29
71 90 35
71 91 35
71 92 35
71 93 43
71 94 43
71 95 41
71 96 41
71 97 38
71 98 33
71 99 34
71 100 32
71 101 45
71 102 35
71 103 31
71 104 25
71 105 26
71 106 31
71 107 27
71 108 26
72 0 23
72 1 11
72 2 45
72 3 34
72 4 31
72 5 45
72 6 23
72 7 5
72 8 21
72 9 27
72 10 17
72 11 31
72 12 31
72 13 23
72 14 31
72 15 43
72 16 44
72 17 44
72 18 33
72 19 21
72 20 35
72 21 40
72 22 38
72 23 33
72 24 44
72 25 37
72 26 41
72 27 37
72 28 38
72 29 36
72 30 17
72 31 33
72 32 35
72 33 27
72 34 41
72 35 14
72 36 33
72 37 32
72 38 34
72 39 17
72 40 14
72 41 21
72 42 42
72 43 38
72 46 35
72 47 31
72 48 25
72 49 12
72 50 16
72 51 34
72 52 38
72 53 50
72 54 39
72 55 30
72 56 37
72 57 33
72 58 19
72 59 37
72 60 42
72 61 28
72 62 45
72 63 48
72 64 7
72 65 51
72 66 24
72 67 44
72 68 46
72 69 27
72 70 41
72 71 53
72 72 99
72 73 39
72 74 42
72 75 37
72 76 21
72 77 41
72 80 44
72 81 39
72 82 39
72 83 30
72 84 33
72 85 17
72 86 20
72 87 22
72 88 23
72 89 19
72 90 24
72 91 31
72 92 32
72 93 34
72 94 38
72 95 39
72 96 34
72 97 37
72 98 32
72 99 33
72 100 25
72 101 43
72 102 29
72 103 21
72 104 18
72 105 24
72 106 18
72 107 21
72 108 15
73 0 44
73 1 26
73 2 44
73 3 45
73 4 52
73 5 56
73 6 46
73 7 28
73 8 51
73 9 45
73 10 49
73 11 60
73 12 49
73 13 40
73 14 54
73 15 66
73 16 61
73 17 60
73 18 52
73 19 56
73 20 60
73 21 55
73 22 50
73 23 43
73 24 58
73 25 62
73 26 51
73 27 56
73 28 61
73 29 52
73 30 39
73 31 63
73 32 41
73 33 60
73 34 60
73 35 37
73 36 53
73 37 55
73 38 64
73 39 42
73 40 33
73 41 45
73 42 58
73 43 33
73 46 62
73 47 56
73 48 43
73 49 29
73 50 20
73 51 56
73 52 55
73 53 63
73 54 57
73 55 46
73 56 60
73 57 50
73 58 26
73 59 56
73 60 54
73 61 47
73 62 56
73 63 56
73 64 14
73 65 59
73 66 48
73 67 46
73 68 52
73 69 42
73 70 48
73 71 43
73 72 39
73 73 100
73 74 55
73 75 68
73 76 45
73 77 42
73 80 49
73 81 46
73 82 48
73 83 57
73 84 42
73 85 20
73 86 46
73 87 30
73 88 44
73 89 41
73 90 47
73 91 57
73 92 56
73 93 45
73 94 53
73 95 54
73 96 52
73 97 50
73 98 24
73 99 46
73 100 47
73 101 57
73 102 51
73 103 46
73 104 45
73 105 40
73 106 37
73 107 41
73 108 25
74 0 48
74 1 30
74 2 63
74 3 58
74 4 53
74 5 62
74 6 44
74 7 10
74 8 33
74 9 38
74 10 48
74 11 73
74 12 61
74 13 41
74 14 57
74 15 64
74 16 62
74 17 58
74 18 62
74 19 44
74 20 58
74 21 62
74 22 69
74 23 45
74 24 64
74 25 72
74 26 47
74 27 51
74 28 52
74 29 48
74 30 37
74 31 54
74 32 50
74 33 45
74 34 59
74 35 22
74 36 66
74 37 50
74 38 47
74 39 32
74 40 41
74 41 42
74 42 70
74 43 49
74 46 67
74 47 55
74 48 54
74 49 26
74 50 26
74 51 57
74 52 52
74 53 64
74 54 64
74 55 57
74 56 53
74 57 44
74 58 50
74 59 50
74 60 58
74 61 52
74 62 54
74 63 53
74 64 24
74 65 67
74 66 42
74 67 63
74 68 59
74 69 45
74 70 46
74 71 47
74 72 42
74 73 55
74 74 100
74 75 54
74 76 39
74 77 40
74 80 47
74 81 42
74 82 49
74 83 50
74 84 41
74 85 41
74 86 33
74 87 37
74 88 37
74 89 37
74 90 57
74 91 44
74 92 61
74 93 59
74 94 63
74 95 60
74 96 60
74 97 52
74 98 40
74 99 50
74 100 34
74 101 57
74 102 47
74 103 35
74 104 34
74 105 42
74 106 52
74 107 38
74 108 27
75 0 50
75 1 29
75 2 49
75 3 46
75 4 63
75 5 58
75 6 49
75 7 20
75 8 52
75 9 53
75 10 57
75 11 66
75 12 60
75 13 53
75 14 56
75 15 67
75 16 68
75 17 62
75 18 59
75 19 62
75 20 65
75 21 63
75 22 59
75 23 48
75 24 64
75 25 69
75 26 46
75 27 59
75 28 61
75 29 51
75 30 46
75 31 62
75 32 49
75 33 66
75 34 59
75 35 39
75 36 62
75 37 57
75 38 73
75 39 41
75 40 37
75 41 46
75 42 59
75 43 34
75 46 59
75 47 65
75 48 45
75 49 35
75 50 25
75 51 56
75 52 60
75 53 66
75 54 67
75 55 50
75 56 70
75 57 58
75 58 31
75 59 58
75 60 52
75 61 57
75 62 50
75 63 59
75 64 19
75 65 61
75 66 55
75 67 48
75 68 55
75 69 45
75 70 44
75 71 37
75 72 37
75 73 68
75 74 54
75 75 99
75 76 46
75 77 49
75 80 51
75 81 48
75 82 53
75 83 63
75 84 47
75 85 25
75 86 51
75 87 44
75 88 51
75 89 49
75 90 48
75 91 70
75 92 57
75 93 49
75 94 55
75 95 59
75 96 49
75 97 48
75 98 32
75 99 53
75 100 61
75 101 63
75 102 51
75 103 55
75 104 48
75 105 51
75 106 45
75 107 50
75 108 32
76 0 24
76 1 31
76 2 21
76 3 37
76 4 32
76 5 39
76 6 29
76 7 21
76 8 45
76 9 39
76 10 38
76 11 44
76 12 35
76 13 37
76 14 58
76 15 40
76 16 46
76 17 41
76 18 40
76 19 50
76 20 40
76 21 30
76 22 39
76 23 40
76 24 40
76 25 37
76 26 23
76 27 44
76 28 53
76 29 48
76 30 34
76 31 62
76 32 32
76 33 34
76 34 38
76 35 31
76 36 44
76 37 50
76 38 46
76 39 57
76 40 60
76 41 70
76 42 47
76 43 32
76 46 46
76 47 40
76 48 52
76 49 16
76 50 29
76 51 60
76 52 37
76 53 44
76 54 45
76 55 38
76 56 53
76 57 35
76 58 26
76 59 30
76 60 36
76 61 36
76 62 35
76 63 34
76 64 20
76 65 36
76 66 47
76 67 43
76 68 40
76 69 36
76 70 36
76 71 32
76 72 21
76 73 45
76 74 39
76 75 46
76 76 100
76 77 46
76 80 44
76 81 65
76 82 35
76 83 42
76 84 29
76 85 20
76 86 35
76 87 31
76 88 53
76 89 46
76 90 60
76 91 46
76 92 35
76 93 27
76 94 47
76 95 43
76 96 37
76 97 40
76 98 26
76 99 30
76 100 35
76 101 43
76 102 69
76 103 47
76 104 47
76 105 41
76 106 29
76 107 42
76 108 27
77 0 21
77 1 29
77 2 32
77 3 39
77 4 36
77 5 46
77 6 22
77 7 14
77 8 35
77 9 35
77 10 25
77 11 42
77 12 40
77 13 28
77 14 43
77 15 53
77 16 50
77 17 54
77 18 42
77 19 39
77 20 40
77 21 38
77 22 43
77 23 40
77 24 46
77 25 37
77 26 46
77 27 45
77 28 55
77 29 41
77 30 36
77 31 38
77 32 35
77 33 38
77 34 45
77 35 16
77 36 43
77 37 43
77 38 45
77 39 37
77 40 27
77 41 40
77 42 47
77 43 38
77 46 38
77 47 42
77 48 31
77 49 22
77 50 17
77 51 49
77 52 45
77 53 46
77 54 44
77 55 37
77 56 45
77 57 38
77 58 23
77 59 37
77 60 49
77 61 34
77 62 44
77 63 44
77 64 16
77 65 47
77 66 29
77 67 48
77 68 44
77 69 31
77 70 39
77 71 34
77 72 41
77 73 42
77 74 40
77 75 49
77 76 46
77 77 99
77 80 48
77 81 45
77 82 44
77 83 44
77 84 36
77 85 27
77 86 32
77 87 28
77 88 36
77 89 30
77 90 40
77 91 41
77 92 40
77 93 37
77 94 47
77 95 52
77 96 41
77 97 46
77 98 42
77 99 32
77 100 24
77 101 48
77 102 45
77 103 29
77 104 23
77 105 37
77 106 29
77 107 29
77 108 16
80 0 28
80 1 23
80 2 43
80 3 50
80 4 39
80 5 54
80 6 35
80 7 21
80 8 37
80 9 46
80 10 28
80 11 47
80 12 44
80 13 31
80 14 56
80 15 61
80 16 63
80 17 50
80 18 45
80 19 48
80 20 48
80 21 42
80 22 45
80 23 45
80 24 52
80 25 42
80 26 36
80 27 47
80 28 62
80 29 50
80 30 32
80 31 50
80 32 46
80 33 40
80 34 51
80 35 33
80 36 48
80 37 49
80 38 49
80 39 31
80 40 32
80 41 41
80 42 53
80 43 31
80 46 45
80 47 50
80 48 42
80 49 17
80 50 29
80 51 56
80 52 48
80 53 57
80 54 55
80 55 45
80 56 55
80 57 38
80 58 29
80 59 41
80 60 44
80 61 44
80 62 52
80 63 49
80 64 10
80 65 60
80 66 42
80 67 55
80 68 53
80 69 36
80 70 41
80 71 42
80 72 44
80 73 49
80 74 47
80 75 51
80 76 44
80 77 48
80 80 100
80 81 44
80 82 51
80 83 48
80 84 34
80 85 23
80 86 30
80 87 29
80 88 37
80 89 32
80 90 39
80 91 52
80 92 38
80 93 46
80 94 53
80 95 47
80 96 41
80 97 39
80 98 40
80 99 37
80 100 35
80 101 56
80 102 46
80 103 39
80 104 32
80 105 38
80 106 30
80 107 30
80 108 20
81 0 24
81 1 32
81 2 31
81 3 43
81 4 29
81 5 50
81 6 30
81 7 16
81 8 53
81 9 40
81 10 40
81 11 39
81 12 38
81 13 34
81 14 66
81 15 46
81 16 56
81 17 36
81 18 39
81 19 50
81 20 44
81 21 40
81 22 37
81 23 48
81 24 46
81 25 38
81 26 28
81 27 52
81 28 57
81 29 57
81 30 39
81 31 62
81 32 43
81 33 44
81 34 43
81 35 43
81 36 45
81 37 55
81 38 52
81 39 58
81 40 53
81 41 71
81 42 47
81 43 36
81 46 38
81 47 45
81 48 50
81 49 18
81 50 41
81 51 68
81 52 40
81 53 50
81 54 47
81 55 38
81 56 51
81 57 42
81 58 32
81 59 39
81 60 30
81 61 32
81 62 41
81 63 36
81 64 10
81 65 47
81 66 52
81 67 49
81 68 44
81 69 44
81 70 47
81 71 42
81 72 39
81 73 46
81 74 42
81 75 48
81 76 65
81 77 45
81 80 44
81 81 100
81 82 41
81 83 53
81 84 34
81 85 14
81 86 40
81 87 26
81 88 53
81 89 49
81 90 62
81 91 50
81 92 28
81 93 33
81 94 55
81 95 43
81 96 33
81 97 31
81 98 32
81 99 31
81 100 43
81 101 51
81 102 70
81 103 52
81 104 41
81 105 40
81 106 34
81 107 42
81 108 32
82 0 33
82 1 29
82 2 53
82 3 51
82 4 53
82 5 65
82 6 39
82 7 21
82 8 32
82 9 46
82 10 38
82 11 52
82 12 51
82 13 36
82 14 56
82 15 57
82 16 63
82 17 45
82 18 52
82 19 49
82 20 57
82 21 58
82 22 53
82 23 60
82 24 62
82 25 50
82 26 41
82 27 55
82 28 53
82 29 56
82 30 49
82 31 57
82 32 53
82 33 49
82 34 58
82 35 35
82 36 52
82 37 62
82 38 58
82 39 26
82 40 40
82 41 45
82 42 54
82 43 36
82 46 47
82 47 54
82 48 44
82 49 19
82 50 44
82 51 55
82 52 47
82 53 63
82 54 65
82 55 49
82 56 53
82 57 52
82 58 47
82 59 56
82 60 42
82 61 45
82 62 56
82 63 57
82 64 12
82 65 55
82 66 48
82 67 52
82 68 50
82 69 42
82 70 43
82 71 41
82 72 39
82 73 48
82 74 49
82 75 53
82 76 35
82 77 44
82 80 51
82 81 41
82 82 100
82 83 50
82 84 54
82 85 31
82 86 39
82 87 40
82 88 36
82 89 39
82 90 46
82 91 53
82 92 46
82 93 56
82 94 55
82 95 45
82 96 38
82 97 33
82 98 37
82 99 44
82 100 44
82 101 62
82 102 46
82 103 43
82 104 25
82 105 42
82 106 43
82 107 32
82 108 32
83 0 46
83 1 34
83 2 45
83 3 53
83 4 59
83 5 56
83 6 48
83 7 18
83 8 61
83 9 58
83 10 60
83 11 60
83 12 65
83 13 52
83 14 60
83 15 67
83 16 67
83 17 44
83 18 56
83 19 75
83 20 60
83 21 58
83 22 46
83 23 50
83 24 61
83 25 54
83 26 46
83 27 70
83 28 58
83 29 53
83 30 50
83 31 62
83 32 59
83 33 73
83 34 56
83 35 49
83 36 45
83 37 58
83 38 65
83 39 37
83 40 47
83 41 52
83 42 53
83 43 50
83 46 42
83 47 63
83 48 51
83 49 32
83 50 40
83 51 59
83 52 59
83 53 58
83 54 61
83 55 50
83 56 62
83 57 56
83 58 32
83 59 50
83 60 35
83 61 47
83 62 48
83 63 51
83 64 12
83 65 54
83 66 63
83 67 44
83 68 46
83 69 49
83 70 45
83 71 36
83 72 30
83 73 57
83 74 50
83 75 63
83 76 42
83 77 44
83 80 48
83 81 53
83 82 50
83 83 99
83 84 57
83 85 30
83 86 59
83 87 41
83 88 50
83 89 54
83 90 48
83 91 71
83 92 42
83 93 44
83 94 48
83 95 45
83 96 33
83 97 29
83 98 33
83 99 46
83 100 61
83 101 60
83 102 61
83 103 64
83 104 48
83 105 45
83 106 47
83 107 47
83 108 27
84 0 36
84 1 29
84 2 45
84 3 40
84 4 57
84 5 59
84 6 40
84 7 12
84 8 36
84 9 45
84 10 36
84 11 51
84 12 56
84 13 38
84 14 53
84 15 50
84 16 57
84 17 46
84 18 57
84 19 53
84 20 57
84 21 50
84 22 43
84 23 52
84 24 57
84 25 49
84 26 49
84 27 51
84 28 50
84 29 40
84 30 43
84 31 51
84 32 39
84 33 57
84 34 52
84 35 31
84 36 43
84 37 52
84 38 59
84 39 34
84 40 38
84 41 42
84 42 52
84 43 42
84 46 34
84 47 56
84 48 44
84 49 27
84 50 28
84 51 43
84 52 46
84 53 50
84 54 58
84 55 37
84 56 43
84 57 47
84 58 24
84 59 53
84 60 39
84 61 41
84 62 40
84 63 43
84 64 8
84 65 45
84 66 45
84 67 40
84 68 41
84 69 36
84 70 38
84 71 31
84 72 33
84 73 42
84 74 41
84 75 47
84 76 29
84 77 36
84 80 34
84 81 34
84 82 54
84 83 57
84 84 99
84 85 32
84 86 44
84 87 39
84 88 38
84 89 44
84 90 41
84 91 59
84 92 43
84 93 39
84 94 44
84 95 48
84 96 37
84 97 29
84 98 21
84 99 41
84 100 47
84 101 55
84 102 45
84 103 40
84 104 32
84 105 39
84 106 39
84 107 43
84 108 21
85 0 25
85 1 35
85 2 31
85 3 29
85 4 52
85 5 36
85 6 27
85 7 4
85 8 26
85 9 28
85 10 33
85 11 33
85 12 47
85 13 23
85 14 30
85 15 37
85 16 34
85 17 36
85 18 45
85 19 27
85 20 43
85 21 34
85 22 43
85 23 32
85 24 32
85 25 39
85 26 21
85 27 26
85 28 22
85 29 18
85 30 32
85 31 24
85 32 29
85 33 29
85 34 35
85 35 10
85 36 37
85 37 39
85 38 27
85 39 8
85 40 28
85 41 19
85 42 40
85 43 27
85 46 26
85 47 30
85 48 35
85 49 15
85 50 20
85 51 29
85 52 31
85 53 36
85 54 37
85 55 48
85 56 23
85 57 34
85 58 43
85 59 32
85 60 42
85 61 43
85 62 29
85 63 25
85 64 32
85 65 29
85 66 23
85 67 34
85 68 27
85 69 31
85 70 28
85 71 26
85 72 17
85 73 20
85 74 41
85 75 25
85 76 20
85 77 27
85 80 23
85 81 14
85 82 31
85 83 30
85 84 32
85 85 100
85 86 28
85 87 67
85 88 17
85 89 26
85 90 22
85 91 37
85 92 37
85 93 48
85 94 34
85 95 37
85 96 34
85 97 31
85 98 36
85 99 31
85 100 24
85 101 35
85 102 21
85 103 26
85 104 21
85 105 30
85 106 35
85 107 32
85 108 23
86 0 53
86 1 29
86 2 23
86 3 31
86 4 60
86 5 41
86 6 47
86 7 21
86 8 55
86 9 41
86 10 54
86 11 44
86 12 43
86 13 37
86 14 41
86 15 43
86 16 49
86 17 26
86 18 37
86 19 51
86 20 50
86 21 43
86 22 33
86 23 30
86 24 39
86 25 44
86 26 29
86 27 48
86 28 43
86 29 43
86 30 41
86 31 46
86 32 39
86 33 61
86 34 32
86 35 37
86 36 32
86 37 44
86 38 53
86 39 31
86 40 39
86 41 48
86 42 35
86 43 31
86 46 26
86 47 50
86 48 39
86 49 27
86 50 43
86 51 44
86 52 41
86 53 45
86 54 42
86 55 36
86 56 40
86 57 47
86 58 24
86 59 47
86 60 19
86 61 42
86 62 32
86 63 36
86 64 17
86 65 36
86 66 47
86 67 33
86 68 34
86 69 43
86 70 39
86 71 29
86 72 20
86 73 46
86 74 33
86 75 51
86 76 35
86 77 32
86 80 30
86 81 40
86 82 39
86 83 59
86 84 44
86 85 28
86 86 99
86 87 34
86 88 47
86 89 59
86 90 41
86 91 55
86 92 28
86 93 30
86 94 38
86 95 29
86 96 23
86 97 18
86 98 29
86 99 32
86 100 54
86 101 39
86 102 45
86 103 50
86 104 54
86 105 36
86 106 42
86 107 50
86 108 34
87 0 35
87 1 30
87 2 32
87 3 28
87 4 60
87 5 40
87 6 43
87 7 9
87 8 40
87 9 52
87 10 46
87 11 35
87 12 63
87 13 55
87 14 37
87 15 43
87 16 46
87 17 44
87 18 42
87 19 36
87 20 50
87 21 42
87 22 33
87 23 40
87 24 47
87 25 46
87 26 26
87 27 37
87 28 30
87 29 29
87 30 38
87 31 42
87 32 32
87 33 45
87 34 37
87 35 27
87 36 40
87 37 51
87 38 51
87 39 20
87 40 33
87 41 32
87 42 40
87 43 29
87 46 31
87 47 40
87 48 43
87 49 27
87 50 22
87 51 35
87 52 38
87 53 44
87 54 44
87 55 42
87 56 37
87 57 60
87 58 31
87 59 39
87 60 41
87 61 48
87 62 30
87 63 38
87 64 26
87 65 34
87 66 42
87 67 34
87 68 27
87 69 31
87 70 30
87 71 28
87 72 22
87 73 30
87 74 37
87 75 44
87 76 31
87 77 28
87 80 29
87 81 26
87 82 40
87 83 41
87 84 39
87 85 67
87 86 34
87 87 100
87 88 28
87 89 50
87 90 32
87 91 55
87 92 43
87 93 37
87 94 36
87 95 38
87 96 36
87 97 32
87 98 32
87 99 53
87 100 47
87 101 40
87 102 34
87 103 57
87 104 38
87 105 30
87 106 35
87 107 47
87 108 31
88 0 30
88 1 40
88 2 26
88 3 39
88 4 41
88 5 42
88 6 29
88 7 20
88 8 39
88 9 37
88 10 34
88 11 45
88 12 41
88 13 39
88 14 53
88 15 41
88 16 45
88 17 35
88 18 41
88 19 48
88 20 48
88 21 28
88 22 44
88 23 32
88 24 45
88 25 37
88 26 27
88 27 39
88 28 53
88 29 59
88 30 37
88 31 54
88 32 42
88 33 55
88 34 42
88 35 35
88 36 44
88 37 52
88 38 49
88 39 56
88 40 48
88 41 65
88 42 41
88 43 32
88 46 34
88 47 53
88 48 45
88 49 26
88 50 32
88 51 52
88 52 35
88 53 48
88 54 51
88 55 31
88 56 51
88 57 41
88 58 13
88 59 39
88 60 28
88 61 39
88 62 33
88 63 41
88 64 14
88 65 40
88 66 43
88 67 43
88 68 39
88 69 35
88 70 47
88 71 27
88 72 23
88 73 44
88 74 37
88 75 51
88 76 53
88 77 36
88 80 37
88 81 53
88 82 36
88 83 50
88 84 38
88 85 17
88 86 47
88 87 28
88 88 100
88 89 44
88 90 54
88 91 44
88 92 26
88 93 27
88 94 46
88 95 42
88 96 32
88 97 28
88 98 26
88 99 37
88 100 40
88 101 52
88 102 64
88 103 43
88 104 34
88 105 40
88 106 36
88 107 47
88 108 24
89 0 46
89 1 31
89 2 31
89 3 32
89 4 57
89 5 44
89 6 50
89 7 25
89 8 57
89 9 50
89 10 54
89 11 42
89 12 52
89 13 51
89 14 53
89 15 40
89 16 52
89 17 35
89 18 41
89 19 52
89 20 55
89 21 47
89 22 32
89 23 41
89 24 44
89 25 47
89 26 28
89 27 48
89 28 40
89 29 46
89 30 56
89 31 58
89 32 32
89 33 56
89 34 39
89 35 42
89 36 40
89 37 59
89 38 62
89 39 45
89 40 45
89 41 63
89 42 40
89 43 34
89 46 31
89 47 48
89 48 60
89 49 21
89 50 43
89 51 51
89 52 40
89 53 46
89 54 49
89 55 40
89 56 42
89 57 63
89 58 33
89 59 44
89 60 26
89 61 33
89 62 29
89 63 36
89 64 18
89 65 36
89 66 56
89 67 36
89 68 33
89 69 37
89 70 39
89 71 29
89 72 19
89 73 41
89 74 37
89 75 49
89 76 46
89 77 30
89 80 32
89 81 49
89 82 39
89 83 54
89 84 44
89 85 26
89 86 59
89 87 50
89 88 44
89 89 99
89 90 55
89 91 64
89 92 34
89 93 26
89 94 42
89 95 34
89 96 27
89 97 24
89 98 26
89 99 40
89 100 66
89 101 51
89 102 56
89 103 61
89 104 60
89 105 36
89 106 39
89 107 62
89 108 36
90 0 42
90 1 30
90 2 41
90 3 50
90 4 40
90 5 54
90 6 42
90 7 13
90 8 46
90 9 40
90 10 55
90 11 51
90 12 49
90 13 44
90 14 64
90 15 48
90 16 58
90 17 38
90 18 45
90 19 49
90 20 50
90 21 53
90 22 51
90 23 48
90 24 58
90 25 60
90 26 32
90 27 44
90 28 54
90 29 55
90 30 51
90 31 68
90 32 41
90 33 47
90 34 45
90 35 34
90 36 62
90 37 60
90 38 52
90 39 70
90 40 52
90 41 78
90 42 57
90 43 31
90 46 49
90 47 56
90 48 54
90 49 20
90 50 29
90 51 69
90 52 35
90 53 55
90 54 58
90 55 42
90 56 49
90 57 52
90 58 44
90 59 40
90 60 37
90 61 36
90 62 45
90 63 37
90 64 20
90 65 50
90 66 54
90 67 49
90 68 48
90 69 41
90 70 40
90 71 35
90 72 24
90 73 47
90 74 57
90 75 48
90 76 60
90 77 40
90 80 39
90 81 62
90 82 46
90 83 48
90 84 41
90 85 22
90 86 41
90 87 32
90 88 54
90 89 55
90 90 100
90 91 48
90 92 44
90 93 36
90 94 60
90 95 52
90 96 46
90 97 33
90 98 28
90 99 46
90 100 45
90 101 57
90 102 67
90 103 44
90 104 40
90 105 34
90 106 50
90 107 44
90 108 28
91 0 49
91 1 29
91 2 46
91 3 48
91 4 66
91 5 59
91 6 51
91 7 23
91 8 61
91 9 55
91 10 59
91 11 57
91 12 64
91 13 52
91 14 67
91 15 65
91 16 67
91 17 48
91 18 55
91 19 69
91 20 72
91 21 64
91 22 43
91 23 54
91 24 64
91 25 62
91 26 46
91 27 67
91 28 58
91 29 50
91 30 48
91 31 65
91 32 47
91 33 71
91 34 57
91 35 54
91 36 52
91 37 63
91 38 75
91 39 38
91 40 40
91 41 52
91 42 56
91 43 43
91 46 47
91 47 65
91 48 57
91 49 35
91 50 39
91 51 57
91 52 57
91 53 63
91 54 66
91 55 48
91 56 65
91 57 66
91 58 31
91 59 55
91 60 39
91 61 51
91 62 46
91 63 49
91 64 15
91 65 58
91 66 60
91 67 44
91 68 47
91 69 49
91 70 44
91 71 35
91 72 31
91 73 57
91 74 44
91 75 70
91 76 46
91 77 41
91 80 52
91 81 50
91 82 53
91 83 71
91 84 59
91 85 37
91 86 55
91 87 55
91 88 44
91 89 64
91 90 48
91 91 99
91 92 47
91 93 43
91 94 49
91 95 48
91 96 38
91 97 30
91 98 34
91 99 48
91 100 70
91 101 62
91 102 57
91 103 70
91 104 53
91 105 44
91 106 49
91 107 55
91 108 29
92 0 46
92 1 26
92 2 47
92 3 41
92 4 54
92 5 56
92 6 50
92 7 13
92 8 38
92 9 47
92 10 47
92 11 62
92 12 58
92 13 42
92 14 50
92 15 56
92 16 55
92 17 72
92 18 50
92 19 43
92 20 58
92 21 54
92 22 54
92 23 44
92 24 57
92 25 69
92 26 44
92 27 34
92 28 46
92 29 33
92 30 40
92 31 51
92 32 37
92 33 49
92 34 57
92 35 20
92 36 64
92 37 53
92 38 50
92 39 30
92 40 21
92 41 31
92 42 70
92 43 29
92 46 65
92 47 53
92 48 38
92 49 27
92 50 19
92 51 38
92 52 50
92 53 53
92 54 54
92 55 48
92 56 51
92 57 49
92 58 38
92 59 50
92 60 63
92 61 52
92 62 46
92 63 46
92 64 17
92 65 51
92 66 33
92 67 49
92 68 48
92 69 34
92 70 38
92 71 35
92 72 32
92 73 56
92 74 61
92 75 57
92 76 35
92 77 40
92 80 38
92 81 28
92 82 46
92 83 42
92 84 43
92 85 37
92 86 28
92 87 43
92 88 26
92 89 34
92 90 44
92 91 47
92 92 99
92 93 54
92 94 47
92 95 62
92 96 71
92 97 60
92 98 28
92 99 55
92 100 34
92 101 49
92 102 34
92 103 33
92 104 30
92 105 43
92 106 43
92 107 35
92 108 18
93 0 34
93 1 26
93 2 59
93 3 50
93 4 49
93 5 64
93 6 40
93 7 22
93 8 30
93 9 38
93 10 42
93 11 54
93 12 51
93 13 25
93 14 51
93 15 59
93 16 55
93 17 44
93 18 56
93 19 50
93 20 60
93 21 66
93 22 69
93 23 44
93 24 66
93 25 62
93 26 45
93 27 48
93 28 53
93 29 39
93 30 32
93 31 42
93 32 45
93 33 34
93 34 65
93 35 23
93 36 61
93 37 48
93 38 45
93 39 16
93 40 31
93 41 29
93 42 65
93 43 41
93 46 57
93 47 52
93 48 42
93 49 20
93 50 32
93 51 48
93 52 45
93 53 61
93 54 64
93 55 49
93 56 50
93 57 41
93 58 51
93 59 49
93 60 56
93 61 44
93 62 60
93 63 56
93 64 17
93 65 64
93 66 29
93 67 59
93 68 57
93 69 37
93 70 32
93 71 43
93 72 34
93 73 45
93 74 59
93 75 49
93 76 27
93 77 37
93 80 46
93 81 33
93 82 56
93 83 44
93 84 39
93 85 48
93 86 30
93 87 37
93 88 27
93 89 26
93 90 36
93 91 43
93 92 54
93 93 100
93 94 56
93 95 62
93 96 59
93 97 46
93 98 44
93 99 48
93 100 31
93 101 59
93 102 36
93 103 32
93 104 23
93 105 36
93 106 47
93 107 25
93 108 24
94 0 27
94 1 32
94 2 50
94 3 55
94 4 42
94 5 78
94 6 32
94 7 10
94 8 42
94 9 42
94 10 41
94 11 55
94 12 52
94 13 35
94 14 60
94 15 59
94 16 64
94 17 53
94 18 55
94 19 53
94 20 59
94 21 56
94 22 68
94 23 46
94 24 65
94 25 56
94 26 52
94 27 47
94 28 57
94 29 55
94 30 41
94 31 60
94 32 44
94 33 45
94 34 61
94 35 26
94 36 70
94 37 58
94 38 57
94 39 46
94 40 48
94 41 53
94 42 67
94 43 39
94 46 47
94 47 53
94 48 48
94 49 14
94 50 28
94 51 69
94 52 46
94 53 66
94 54 67
94 55 46
94 56 49
94 57 48
94 58 37
94 59 53
94 60 57
94 61 45
94 62 54
94 63 49
94 64 15
94 65 65
94 66 49
94 67 65
94 68 57
94 69 45
94 70 45
94 71 43
94 72 38
94 73 53
94 74 63
94 75 55
94 76 47
94 77 47
94 80 53
94 81 55
94 82 55
94 83 48
94 84 44
94 85 34
94 86 38
94 87 36
94 88 46
94 89 42
94 90 60
94 91 49
94 92 47
94 93 56
94 94 99
94 95 72
94 96 55
94 97 46
94 98 43
94 99 50
94 100 39
94 101 66
94 102 54
94 103 41
94 104 32
94 105 38
94 106 37
94 107 40
94 108 25
95 0 31
95 1 28
95 2 51
95 3 46
95 4 50
95 5 69
95 6 35
95 7 7
95 8 34
95 9 39
95 10 37
95 11 58
95 12 54
95 13 34
95 14 54
95 15 64
95 16 58
95 17 69
95 18 54
95 19 51
95 20 64
95 21 59
95 22 72
95 23 47
95 24 67
95 25 64
95 26 57
95 27 42
95 28 59
95 29 41
95 30 32
95 31 52
95 32 35
95 33 40
95 34 64
95 35 19
95 36 76
95 37 51
95 38 57
95 39 47
95 40 35
95 41 44
95 42 72
95 43 40
95 46 55
95 47 52
95 48 42
95 49 22
95 50 15
95 51 55
95 52 48
95 53 59
95 54 60
95 55 44
95 56 52
95 57 44
95 58 32
95 59 52
95 60 76
95 61 46
95 62 54
95 63 48
95 64 24
95 65 64
95 66 39
95 67 62
95 68 60
95 69 31
95 70 40
95 71 41
95 72 39
95 73 54
95 74 60
95 75 59
95 76 43
95 77 52
95 80 47
95 81 43
95 82 45
95 83 45
95 84 48
95 85 37
95 86 29
95 87 38
95 88 42
95 89 34
95 90 52
95 91 48
95 92 62
95 93 62
95 94 72
95 95 100
95 96 74
95 97 69
95 98 36
95 99 55
95 100 35
95 101 61
95 102 44
95 103 29
95 104 31
95 105 42
95 106 31
95 107 37
95 108 18
96 0 43
96 1 25
96 2 55
96 3 50
96 4 43
96 5 60
96 6 44
96 7 11
96 8 30
96 9 35
96 10 40
96 11 63
96 12 56
96 13 32
96 14 51
96 15 60
96 16 53
96 17 66
96 18 47
96 19 40
96 20 57
96 21 50
96 22 57
96 23 40
96 24 57
96 25 65
96 26 48
96 27 31
96 28 53
96 29 33
96 30 26
96 31 53
96 32 30
96 33 32
96 34 57
96 35 14
96 36 70
96 37 50
96 38 43
96 39 33
96 40 26
96 41 35
96 42 73
96 43 35
96 46 60
96 47 51
96 48 34
96 49 25
96 50 14
96 51 43
96 52 41
96 53 55
96 54 53
96 55 42
96 56 46
96 57 36
96 58 42
96 59 45
96 60 73
96 61 51
96 62 57
96 63 47
96 64 21
96 65 54
96 66 27
96 67 49
96 68 58
96 69 28
96 70 33
96 71 41
96 72 34
96 73 52
96 74 60
96 75 49
96 76 37
96 77 41
96 80 41
96 81 33
96 82 38
96 83 33
96 84 37
96 85 34
96 86 23
96 87 36
96 88 32
96 89 27
96 90 46
96 91 38
96 92 71
96 93 59
96 94 55
96 95 74
96 96 100
96 97 71
96 98 33
96 99 57
96 100 26
96 101 50
96 102 34
96 103 23
96 104 28
96 105 40
96 106 41
96 107 32
96 108 18
97 0 26
97 1 24
97 2 37
97 3 36
97 4 40
97 5 49
97 6 27
97 7 9
97 8 25
97 9 28
97 10 27
97 11 53
97 12 39
97 13 27
97 14 37
97 15 55
97 16 42
97 17 75
97 18 41
97 19 33
97 20 45
97 21 35
97 22 48
97 23 42
97 24 43
97 25 51
97 26 33
97 27 25
97 28 41
97 29 32
97 30 27
97 31 40
97 32 24
97 33 27
97 34 47
97 35 7
97 36 49
97 37 40
97 38 39
97 39 25
97 40 21
97 41 25
97 42 67
97 43 26
97 46 60
97 47 35
97 48 32
97 49 24
97 50 10
97 51 36
97 52 44
97 53 48
97 54 39
97 55 39
97 56 45
97 57 31
97 58 28
97 59 36
97 60 77
97 61 39
97 62 42
97 63 41
97 64 26
97 65 48
97 66 23
97 67 44
97 68 47
97 69 22
97 70 29
97 71 38
97 72 37
97 73 50
97 74 52
97 75 48
97 76 40
97 77 46
97 80 39
97 81 31
97 82 33
97 83 29
97 84 29
97 85 31
97 86 18
97 87 32
97 88 28
97 89 24
97 90 33
97 91 30
97 92 60
97 93 46
97 94 46
97 95 69
97 96 71
97 97 100
97 98 41
97 99 40
97 100 23
97 101 39
97 102 26
97 103 18
97 104 21
97 105 37
97 106 20
97 107 27
97 108 12
98 0 13
98 1 23
98 2 36
98 3 43
98 4 31
98 5 42
98 6 12
98 7 7
98 8 23
98 9 22
98 10 27
98 11 35
98 12 31
98 13 16
98 14 35
98 15 44
98 16 41
98 17 34
98 18 40
98 19 31
98 20 35
98 21 32
98 22 39
98 23 39
98 24 40
98 25 33
98 26 33
98 27 32
98 28 34
98 29 36
98 30 37
98 31 26
98 32 36
98 33 25
98 34 38
98 35 8
98 36 35
98 37 38
98 38 31
98 39 15
98 40 24
98 41 25
98 42 44
98 43 40
98 46 32
98 47 33
98 48 31
98 49 9
98 50 31
98 51 43
98 52 36
98 53 37
98 54 43
98 55 34
98 56 34
98 57 33
98 58 28
98 59 25
98 60 38
98 61 33
98 62 32
98 63 35
98 64 15
98 65 45
98 66 21
98 67 41
98 68 35
98 69 35
98 70 28
98 71 33
98 72 32
98 73 24
98 74 40
98 75 32
98 76 26
98 77 42
98 80 40
98 81 32
98 82 37
98 83 33
98 84 21
98 85 36
98 86 29
98 87 32
98 88 26
98 89 26
98 90 28
98 91 34
98 92 28
98 93 44
98 94 43
98 95 36
98 96 33
98 97 41
98 98 99
98 99 28
98 100 21
98 101 37
98 102 33
98 103 32
98 104 10
98 105 29
98 106 26
98 107 22
98 108 15
99 0 52
99 1 24
99 2 48
99 3 42
99 4 60
99 5 51
99 6 58
99 7 9
99 8 42
99 9 59
99 10 52
99 11 54
99 12 71
99 13 64
99 14 47
99 15 55
99 16 55
99 17 53
99 18 47
99 19 48
99 20 60
99 21 59
99 22 47
99 23 35
99 24 60
99 25 68
99 26 39
99 27 44
99 28 44
99 29 35
99 30 28
99 31 53
99 32 35
99 33 48
99 34 46
99 35 23
99 36 53
99 37 45
99 38 57
99 39 36
99 40 28
99 41 39
99 42 58
99 43 29
99 46 47
99 47 49
99 48 44
99 49 35
99 50 13
99 51 38
99 52 41
99 53 55
99 54 51
99 55 40
99 56 39
99 57 56
99 58 35
99 59 51
99 60 46
99 61 40
99 62 45
99 63 53
99 64 11
99 65 51
99 66 39
99 67 39
99 68 44
99 69 26
99 70 33
99 71 34
99 72 33
99 73 46
99 74 50
99 75 53
99 76 30
99 77 32
99 80 37
99 81 31
99 82 44
99 83 46
99 84 41
99 85 31
99 86 32
99 87 53
99 88 37
99 89 40
99 90 46
99 91 48
99 92 55
99 93 48
99 94 50
99 95 55
99 96 57
99 97 40
99 98 28
99 99 100
99 100 45
99 101 48
99 102 39
99 103 47
99 104 34
99 105 35
99 106 43
99 107 42
99 108 16
100 0 48
100 1 24
100 2 33
100 3 34
100 4 63
100 5 43
100 6 52
100 7 18
100 8 57
100 9 50
100 10 60
100 11 42
100 12 52
100 13 48
100 14 46
100 15 51
100 16 58
100 17 35
100 18 40
100 19 64
100 20 60
100 21 58
100 22 34
100 23 51
100 24 50
100 25 55
100 26 29
100 27 50
100 28 37
100 29 40
100 30 50
100 31 57
100 32 35
100 33 64
100 34 39
100 35 48
100 36 38
100 37 55
100 38 69
100 39 31
100 40 35
100 41 46
100 42 39
100 43 25
100 46 36
100 47 51
100 48 56
100 49 36
100 50 36
100 51 43
100 52 47
100 53 50
100 54 51
100 55 33
100 56 49
100 57 63
100 58 32
100 59 51
100 60 23
100 61 39
100 62 36
100 63 42
100 64 20
100 65 41
100 66 61
100 67 33
100 68 36
100 69 40
100 70 32
100 71 32
100 72 25
100 73 47
100 74 34
100 75 61
100 76 35
100 77 24
100 80 35
100 81 43
100 82 44
100 83 61
100 84 47
100 85 24
100 86 54
100 87 47
100 88 40
100 89 66
100 90 45
100 91 70
100 92 34
100 93 31
100 94 39
100 95 35
100 96 26
100 97 23
100 98 21
100 99 45
100 100 99
100 101 48
100 102 43
100 103 63
100 104 50
100 105 33
100 106 38
100 107 55
100 108 29
101 0 34
101 1 39
101 2 55
101 3 54
101 4 48
101 5 71
101 6 38
101 7 20
101 8 45
101 9 44
101 10 45
101 11 58
101 12 59
101 13 42
101 14 67
101 15 63
101 16 69
101 17 51
101 18 68
101 19 61
101 20 68
101 21 60
101 22 63
101 23 47
101 24 69
101 25 57
101 26 58
101 27 60
101 28 64
101 29 67
101 30 53
101 31 67
101 32 55
101 33 53
101 34 70
101 35 40
101 36 66
101 37 69
101 38 62
101 39 47
101 40 46
101 41 58
101 42 64
101 43 51
101 46 51
101 47 65
101 48 58
101 49 25
101 50 38
101 51 71
101 52 56
101 53 76
101 54 79
101 55 53
101 56 60
101 57 51
101 58 38
101 59 53
101 60 54
101 61 49
101 62 58
101 63 55
101 64 12
101 65 63
101 66 49
101 67 61
101 68 59
101 69 45
101 70 54
101 71 45
101 72 43
101 73 57
101 74 57
101 75 63
101 76 43
101 77 48
101 80 56
101 81 51
101 82 62
101 83 60
101 84 55
101 85 35
101 86 39
101 87 40
101 88 52
101 89 51
101 90 57
101 91 62
101 92 49
101 93 59
101 94 66
101 95 61
101 96 50
101 97 39
101 98 37
101 99 48
101 100 48
101 101 100
101 102 65
101 103 51
101 104 40
101 105 45
101 106 45
101 107 45
101 108 33
102 0 30
102 1 33
102 2 41
102 3 53
102 4 37
102 5 53
102 6 34
102 7 23
102 8 50
102 9 50
102 10 44
102 11 51
102 12 50
102 13 42
102 14 71
102 15 51
102 16 60
102 17 35
102 18 50
102 19 62
102 20 50
102 21 44
102 22 47
102 23 41
102 24 60
102 25 41
102 26 43
102 27 68
102 28 69
102 29 66
102 30 53
102 31 68
102 32 47
102 33 54
102 34 57
102 35 43
102 36 50
102 37 63
102 38 59
102 39 66
102 40 59
102 41 81
102 42 54
102 43 54
102 46 41
102 47 55
102 48 59
102 49 20
102 50 42
102 51 72
102 52 48
102 53 57
102 54 63
102 55 48
102 56 59
102 57 45
102 58 27
102 59 43
102 60 31
102 61 37
102 62 42
102 63 43
102 64 11
102 65 47
102 66 55
102 67 48
102 68 44
102 69 46
102 70 54
102 71 35
102 72 29
102 73 51
102 74 47
102 75 51
102 76 69
102 77 45
102 80 46
102 81 70
102 82 46
102 83 61
102 84 45
102 85 21
102 86 45
102 87 34
102 88 64
102 89 56
102 90 67
102 91 57
102 92 34
102 93 36
102 94 54
102 95 44
102 96 34
102 97 26
102 98 33
102 99 39
102 100 43
102 101 65
102 102 99
102 103 60
102 104 46
102 105 38
102 106 43
102 107 42
102 108 31
103 0 40
103 1 27
103 2 27
103 3 37
103 4 50
103 5 45
103 6 49
103 7 22
103 8 71
103 9 57
103 10 59
103 11 38
103 12 54
103 13 57
103 14 62
103 15 46
103 16 59
103 17 34
103 18 41
103 19 59
103 20 49
103 21 48
103 22 30
103 23 41
103 24 51
103 25 46
103 26 25
103 27 61
103 28 50
103 29 52
103 30 52
103 31 58
103 32 44
103 33 63
103 34 45
103 35 72
103 36 34
103 37 61
103 38 64
103 39 39
103 40 46
103 41 54
103 42 42
103 43 35
103 46 33
103 47 49
103 48 53
103 49 22
103 50 40
103 51 54
103 52 49
103 53 49
103 54 57
103 55 43
103 56 57
103 57 60
103 58 31
103 59 45
103 60 20
103 61 36
103 62 37
103 63 43
103 64 12
103 65 42
103 66 62
103 67 39
103 68 36
103 69 47
103 70 38
103 71 31
103 72 21
103 73 46
103 74 35
103 75 55
103 76 47
103 77 29
103 80 39
103 81 52
103 82 43
103 83 64
103 84 40
103 85 26
103 86 50
103 87 57
103 88 43
103 89 61
103 90 44
103 91 70
103 92 33
103 93 32
103 94 41
103 95 29
103 96 23
103 97 18
103 98 32
103 99 47
103 100 63
103 101 51
103 102 60
103 103 99
103 104 51
103 105 37
103 106 48
103 107 49
103 108 34
104 0 59
104 1 26
104 2 26
104 3 25
104 4 53
104 5 39
104 6 57
104 7 24
104 8 53
104 9 46
104 10 52
104 11 39
104 12 40
104 13 44
104 14 39
104 15 40
104 16 48
104 17 29
104 18 33
104 19 46
104 20 51
104 21 43
104 22 24
104 23 25
104 24 38
104 25 45
104 26 29
104 27 48
104 28 43
104 29 39
104 30 23
104 31 51
104 32 35
104 33 42
104 34 33
104 35 42
104 36 31
104 37 39
104 38 49
104 39 38
104 40 32
104 41 52
104 42 39
104 43 23
104 46 31
104 47 43
104 48 51
104 49 28
104 50 23
104 51 44
104 52 39
104 53 42
104 54 39
104 55 33
104 56 41
104 57 43
104 58 21
104 59 34
104 60 30
104 61 35
104 62 27
104 63 31
104 64 9
104 65 34
104 66 50
104 67 31
104 68 29
104 69 27
104 70 33
104 71 25
104 72 18
104 73 45
104 74 34
104 75 48
104 76 47
104 77 23
104 80 32
104 81 41
104 82 25
104 83 48
104 84 32
104 85 21
104 86 54
104 87 38
104 88 34
104 89 60
104 90 40
104 91 53
104 92 30
104 93 23
104 94 32
104 95 31
104 96 28
104 97 21
104 98 10
104 99 34
104 100 50
104 101 40
104 102 46
104 103 51
104 104 99
104 105 39
104 106 34
104 107 50
104 108 30
105 0 40
105 1 44
105 2 35
105 3 37
105 4 47
105 5 43
105 6 42
105 7 24
105 8 39
105 9 48
105 10 38
105 11 49
105 12 48
105 13 36
105 14 44
105 15 45
105 16 51
105 17 49
105 18 48
105 19 43
105 20 54
105 21 37
105 22 38
105 23 43
105 24 41
105 25 44
105 26 25
105 27 39
105 28 42
105 29 34
105 30 37
105 31 43
105 32 45
105 33 43
105 34 39
105 35 25
105 36 41
105 37 45
105 38 43
105 39 31
105 40 35
105 41 39
105 42 49
105 43 26
105 46 37
105 47 50
105 48 38
105 49 25
105 50 27
105 51 39
105 52 37
105 53 48
105 54 44
105 55 45
105 56 48
105 57 37
105 58 36
105 59 38
105 60 44
105 61 44
105 62 36
105 63 36
105 64 13
105 65 39
105 66 42
105 67 43
105 68 41
105 69 38
105 70 41
105 71 26
105 72 24
105 73 40
105 74 42
105 75 51
105 76 41
105 77 37
105 80 38
105 81 40
105 82 42
105 83 45
105 84 39
105 85 30
105 86 36
105 87 30
105 88 40
105 89 36
105 90 34
105 91 44
105 92 43
105 93 36
105 94 38
105 95 42
105 96 40
105 97 37
105 98 29
105 99 35
105 100 33
105 101 45
105 102 38
105 103 37
105 104 39
105 105 99
105 106 50
105 107 46
105 108 39
106 0 55
106 1 28
106 2 43
106 3 43
106 4 47
106 5 42
106 6 49
106 7 12
106 8 40
106 9 32
106 10 63
106 11 53
106 12 52
106 13 32
106 14 60
106 15 50
106 16 47
106 17 28
106 18 45
106 19 46
106 20 50
106 21 53
106 22 47
106 23 36
106 24 44
106 25 63
106 26 30
106 27 55
106 28 48
106 29 40
106 30 41
106 31 50
106 32 43
106 33 49
106 34 45
106 35 41
106 36 48
106 37 48
106 38 40
106 39 25
106 40 39
106 41 41
106 42 51
106 43 30
106 46 47
106 47 52
106 48 48
106 49 30
106 50 31
106 51 41
106 52 37
106 53 50
106 54 53
106 55 46
106 56 43
106 57 42
106 58 59
106 59 39
106 60 30
106 61 52
106 62 44
106 63 42
106 64 16
106 65 44
106 66 38
106 67 40
106 68 42
106 69 46
106 70 32
106 71 31
106 72 18
106 73 37
106 74 52
106 75 45
106 76 29
106 77 29
106 80 30
106 81 34
106 82 43
106 83 47
106 84 39
106 85 35
106 86 42
106 87 35
106 88 36
106 89 39
106 90 50
106 91 49
106 92 43
106 93 47
106 94 37
106 95 31
106 96 41
106 97 20
106 98 26
106 99 43
106 100 38
106 101 45
106 102 43
106 103 48
106 104 34
106 105 50
106 106 100
106 107 38
106 108 25
107 0 47
107 1 43
107 2 28
107 3 31
107 4 63
107 5 41
107 6 52
107 7 15
107 8 54
107 9 52
107 10 50
107 11 44
107 12 49
107 13 48
107 14 46
107 15 44
107 16 49
107 17 39
107 18 36
107 19 42
107 20 59
107 21 42
107 22 33
107 23 39
107 24 36
107 25 51
107 26 20
107 27 41
107 28 34
107 29 38
107 30 34
107 31 54
107 32 30
107 33 53
107 34 34
107 35 33
107 36 39
107 37 43
107 38 51
107 39 33
107 40 41
107 41 48
107 42 40
107 43 29
107 46 32
107 47 52
107 48 51
107 49 33
107 50 26
107 51 43
107 52 41
107 53 48
107 54 40
107 55 34
107 56 40
107 57 50
107 58 27
107 59 43
107 60 33
107 61 46
107 62 33
107 63 42
107 64 15
107 65 37
107 66 50
107 67 39
107 68 36
107 69 31
107 70 43
107 71 27
107 72 21
107 73 41
107 74 38
107 75 50
107 76 42
107 77 29
107 80 30
107 81 42
107 82 32
107 83 47
107 84 43
107 85 32
107 86 50
107 87 47
107 88 47
107 89 62
107 90 44
107 91 55
107 92 35
107 93 25
107 94 40
107 95 37
107 96 32
107 97 27
107 98 22
107 99 42
107 100 55
107 101 45
107 102 42
107 103 49
107 104 50
107 105 46
107 106 38
107 107 100
107 108 32
108 0 28
108 1 26
108 2 28
108 3 26
108 4 29
108 5 39
108 6 34
108 7 23
108 8 28
108 9 30
108 10 33
108 11 24
108 12 27
108 13 23
108 14 31
108 15 26
108 16 36
108 17 17
108 18 29
108 19 25
108 20 31
108 21 27
108 22 20
108 23 33
108 24 31
108 25 25
108 26 11
108 27 35
108 28 30
108 29 33
108 30 35
108 31 33
108 32 37
108 33 25
108 34 26
108 35 31
108 36 21
108 37 34
108 38 29
108 39 18
108 40 29
108 41 32
108 42 26
108 43 24
108 46 14
108 47 35
108 48 28
108 49 11
108 50 33
108 51 40
108 52 23
108 53 34
108 54 39
108 55 41
108 56 33
108 57 24
108 58 37
108 59 27
108 60 28
108 61 31
108 62 24
108 63 25
108 64 18
108 65 20
108 66 37
108 67 27
108 68 23
108 69 36
108 70 32
108 71 26
108 72 15
108 73 25
108 74 27
108 75 32
108 76 27
108 77 16
108 80 20
108 81 32
108 82 32
108 83 27
108 84 21
108 85 23
108 86 34
108 87 31
108 88 24
108 89 36
108 90 28
108 91 29
108 92 18
108 93 24
108 94 25
108 95 18
108 96 18
108 97 12
108 98 15
108 99 16
108 100 29
108 101 33
108 102 31
108 103 34
108 104 30
108 105 39
108 106 25
108 107 32
108 108 100
