0 0 100
0 1 44
0 2 59
0 3 53
0 4 65
0 5 50
0 6 71
0 7 47
0 8 61
0 9 43
0 10 44
0 11 46
0 12 30
0 13 33
0 14 39
0 15 45
0 16 41
0 17 51
0 18 75
0 19 49
0 20 55
0 21 33
0 22 37
0 23 57
0 24 68
0 25 50
0 26 39
0 27 48
0 28 41
0 29 54
0 30 44
0 31 44
0 32 40
0 33 47
0 34 65
0 35 34
0 36 32
0 37 51
0 38 52
0 39 41
0 40 54
0 41 55
0 42 27
0 43 50
0 44 35
0 45 50
0 46 38
0 47 37
0 48 26
0 49 28
0 50 35
0 51 36
0 52 32
0 53 39
0 54 44
0 55 31
0 56 39
0 57 45
0 58 42
0 59 36
0 60 36
0 61 25
0 62 31
0 63 38
0 64 41
0 65 42
0 66 38
0 67 29
0 68 34
0 69 25
0 70 31
0 71 34
0 72 55
0 73 45
0 74 31
0 75 35
0 76 54
0 77 36
0 78 55
0 79 40
0 80 37
0 81 32
0 82 44
1 0 44
1 1 100
1 2 43
1 3 53
1 4 40
1 5 42
1 6 57
1 7 46
1 8 57
1 9 70
1 10 46
1 11 68
1 12 47
1 13 67
1 14 56
1 15 40
1 16 28
1 17 44
1 18 43
1 19 39
1 20 57
1 21 34
1 22 25
1 23 51
1 24 50
1 25 62
1 26 48
1 27 50
1 28 46
1 29 42
1 30 45
1 31 48
1 32 41
1 33 51
1 34 58
1 35 26
1 36 51
1 37 51
1 38 56
1 39 42
1 40 58
1 41 53
1 42 15
1 43 45
1 44 42
1 45 50
1 46 37
1 47 40
1 48 36
1 49 36
1 50 45
1 51 52
1 52 48
1 53 48
1 54 51
1 55 40
1 56 40
1 57 40
1 58 72
1 59 47
1 60 47
1 61 47
1 62 39
1 63 37
1 64 58
1 65 41
1 66 54
1 67 48
1 68 46
1 69 41
1 70 41
1 71 43
1 72 54
1 73 54
1 74 66
1 75 48
1 76 50
1 77 36
1 78 47
1 79 48
1 80 50
1 81 40
1 82 50
2 0 59
2 1 43
2 2 100
2 3 60
2 4 47
2 5 38
2 6 56
2 7 41
2 8 61
2 9 36
2 10 44
2 11 44
2 12 27
2 13 31
2 14 42
2 15 43
2 16 39
2 17 51
2 18 52
2 19 55
2 20 60
2 21 33
2 22 20
2 23 47
2 24 50
2 25 55
2 26 42
2 27 59
2 28 33
2 29 44
2 30 43
2 31 41
2 32 43
2 33 70
2 34 64
2 35 49
2 36 40
2 37 46
2 38 53
2 39 40
2 40 52
2 41 58
2 42 16
2 43 58
2 44 48
2 45 52
2 46 31
2 47 53
2 48 30
2 49 36
2 50 33
2 51 41
2 52 28
2 53 36
2 54 38
2 55 31
2 56 34
2 57 33
2 58 41
2 59 47
2 60 43
2 61 27
2 62 37
2 63 37
2 64 41
2 65 40
2 66 39
2 67 28
2 68 29
2 69 17
2 70 37
2 71 41
2 72 42
2 73 46
2 74 34
2 75 37
2 76 54
2 77 43
2 78 57
2 79 53
2 80 41
2 81 39
2 82 47
3 0 53
3 1 53
3 2 60
3 3 100
3 4 42
3 5 43
3 6 65
3 7 44
3 8 51
3 9 46
3 10 42
3 11 47
3 12 31
3 13 37
3 14 41
3 15 35
3 16 33
3 17 55
3 18 56
3 19 66
3 20 63
3 21 29
3 22 23
3 23 53
3 24 58
3 25 62
3 26 52
3 27 55
3 28 37
3 29 41
3 30 43
3 31 50
3 32 43
3 33 53
3 34 63
3 35 25
3 36 40
3 37 57
3 38 58
3 39 38
3 40 64
3 41 63
3 42 13
3 43 49
3 44 36
3 45 60
3 46 33
3 47 34
3 48 30
3 49 29
3 50 34
3 51 32
3 52 35
3 53 47
3 54 46
3 55 22
3 56 33
3 57 33
3 58 54
3 59 41
3 60 43
3 61 40
3 62 36
3 63 39
3 64 56
3 65 38
3 66 39
3 67 35
3 68 42
3 69 33
3 70 37
3 71 27
3 72 48
3 73 50
3 74 40
3 75 40
3 76 43
3 77 33
3 78 53
3 79 42
3 80 43
3 81 34
3 82 49
4 0 65
4 1 40
4 2 47
4 3 42
4 4 100
4 5 48
4 6 53
4 7 40
4 8 45
4 9 32
4 10 40
4 11 37
4 12 24
4 13 32
4 14 41
4 15 48
4 16 44
4 17 50
4 18 65
4 19 37
4 20 47
4 21 40
4 22 25
4 23 48
4 24 70
4 25 44
4 26 38
4 27 40
4 28 47
4 29 56
4 30 34
4 31 44
4 32 36
4 33 39
4 34 55
4 35 28
4 36 38
4 37 47
4 38 46
4 39 36
4 40 59
4 41 46
4 42 17
4 43 37
4 44 36
4 45 43
4 46 41
4 47 31
4 48 29
4 49 36
4 50 41
4 51 24
4 52 23
4 53 35
4 54 31
4 55 35
4 56 33
4 57 36
4 58 46
4 59 40
4 60 29
4 61 34
4 62 37
4 63 37
4 64 36
4 65 36
4 66 36
4 67 40
4 68 41
4 69 27
4 70 37
4 71 34
4 72 53
4 73 38
4 74 27
4 75 34
4 76 41
4 77 29
4 78 50
4 79 38
4 80 37
4 81 30
4 82 42
5 0 50
5 1 42
5 2 38
5 3 43
5 4 48
5 5 100
5 6 57
5 7 61
5 8 42
5 9 34
5 10 41
5 11 46
5 12 23
5 13 29
5 14 46
5 15 34
5 16 28
5 17 33
5 18 50
5 19 36
5 20 44
5 21 34
5 22 28
5 23 49
5 24 46
5 25 36
5 26 27
5 27 41
5 28 34
5 29 41
5 30 44
5 31 43
5 32 27
5 33 46
5 34 48
5 35 22
5 36 27
5 37 41
5 38 43
5 39 28
5 40 51
5 41 38
5 42 16
5 43 39
5 44 38
5 45 39
5 46 26
5 47 28
5 48 28
5 49 26
5 50 25
5 51 24
5 52 22
5 53 46
5 54 33
5 55 29
5 56 39
5 57 43
5 58 50
5 59 41
5 60 43
5 61 35
5 62 36
5 63 35
5 64 45
5 65 36
5 66 43
5 67 36
5 68 31
5 69 32
5 70 35
5 71 36
5 72 52
5 73 53
5 74 33
5 75 34
5 76 39
5 77 25
5 78 38
5 79 27
5 80 49
5 81 19
5 82 31
6 0 71
6 1 57
6 2 56
6 3 65
6 4 53
6 5 57
6 6 100
6 7 60
6 8 65
6 9 50
6 10 45
6 11 53
6 12 35
6 13 40
6 14 45
6 15 48
6 16 43
6 17 63
6 18 64
6 19 59
6 20 64
6 21 39
6 22 33
6 23 62
6 24 64
6 25 59
6 26 45
6 27 52
6 28 44
6 29 43
6 30 47
6 31 64
6 32 46
6 33 57
6 34 69
6 35 24
6 36 43
6 37 63
6 38 62
6 39 41
6 40 66
6 41 62
6 42 26
6 43 55
6 44 44
6 45 61
6 46 40
6 47 41
6 48 32
6 49 39
6 50 37
6 51 44
6 52 39
6 53 55
6 54 53
6 55 38
6 56 34
6 57 41
6 58 58
6 59 41
6 60 40
6 61 40
6 62 46
6 63 40
6 64 58
6 65 43
6 66 46
6 67 41
6 68 44
6 69 33
6 70 33
6 71 40
6 72 61
6 73 53
6 74 45
6 75 42
6 76 52
6 77 37
6 78 56
6 79 46
6 80 51
6 81 37
6 82 49
7 0 47
7 1 46
7 2 41
7 3 44
7 4 40
7 5 61
7 6 60
7 7 99
7 8 51
7 9 47
7 10 41
7 11 41
7 12 34
7 13 33
7 14 49
7 15 33
7 16 29
7 17 40
7 18 45
7 19 42
7 20 54
7 21 39
7 22 31
7 23 56
7 24 44
7 25 42
7 26 34
7 27 48
7 28 33
7 29 43
7 30 51
7 31 47
7 32 24
7 33 46
7 34 54
7 35 18
7 36 30
7 37 49
7 38 50
7 39 26
7 40 62
7 41 45
7 42 19
7 43 40
7 44 36
7 45 45
7 46 32
7 47 29
7 48 31
7 49 25
7 50 28
7 51 34
7 52 31
7 53 49
7 54 42
7 55 31
7 56 37
7 57 37
7 58 53
7 59 38
7 60 43
7 61 36
7 62 34
7 63 40
7 64 59
7 65 40
7 66 42
7 67 41
7 68 35
7 69 32
7 70 37
7 71 35
7 72 50
7 73 50
7 74 48
7 75 37
7 76 41
7 77 21
7 78 39
7 79 29
7 80 50
7 81 26
7 82 37
8 0 61
8 1 57
8 2 61
8 3 51
8 4 45
8 5 42
8 6 65
8 7 51
8 8 99
8 9 46
8 10 51
8 11 53
8 12 32
8 13 45
8 14 55
8 15 60
8 16 35
8 17 65
8 18 54
8 19 49
8 20 62
8 21 41
8 22 30
8 23 63
8 24 58
8 25 55
8 26 52
8 27 57
8 28 39
8 29 40
8 30 52
8 31 58
8 32 48
8 33 56
8 34 62
8 35 28
8 36 42
8 37 55
8 38 58
8 39 55
8 40 61
8 41 57
8 42 21
8 43 52
8 44 51
8 45 54
8 46 54
8 47 49
8 48 46
8 49 51
8 50 47
8 51 53
8 52 32
8 53 45
8 54 56
8 55 50
8 56 50
8 57 48
8 58 53
8 59 45
8 60 39
8 61 36
8 62 46
8 63 47
8 64 49
8 65 56
8 66 58
8 67 45
8 68 51
8 69 26
8 70 43
8 71 51
8 72 55
8 73 44
8 74 44
8 75 47
8 76 47
8 77 36
8 78 62
8 79 52
8 80 49
8 81 51
8 82 55
9 0 43
9 1 70
9 2 36
9 3 46
9 4 32
9 5 34
9 6 50
9 7 47
9 8 46
9 9 99
9 10 41
9 11 33
9 12 55
9 13 58
9 14 44
9 15 27
9 16 27
9 17 41
9 18 39
9 19 39
9 20 45
9 21 28
9 22 20
9 23 49
9 24 48
9 25 48
9 26 54
9 27 41
9 28 32
9 29 42
9 30 40
9 31 34
9 32 33
9 33 44
9 34 46
9 35 26
9 36 35
9 37 47
9 38 41
9 39 30
9 40 40
9 41 46
9 42 20
9 43 43
9 44 27
9 45 44
9 46 32
9 47 32
9 48 32
9 49 23
9 50 27
9 51 46
9 52 44
9 53 46
9 54 47
9 55 32
9 56 37
9 57 31
9 58 53
9 59 32
9 60 50
9 61 39
9 62 30
9 63 31
9 64 52
9 65 45
9 66 38
9 67 34
9 68 32
9 69 36
9 70 31
9 71 28
9 72 49
9 73 33
9 74 57
9 75 45
9 76 45
9 77 29
9 78 43
9 79 36
9 80 25
9 81 31
9 82 57
10 0 44
10 1 46
10 2 44
10 3 42
10 4 40
10 5 41
10 6 45
10 7 41
10 8 51
10 9 41
10 10 100
10 11 50
10 12 27
10 13 43
10 14 59
10 15 44
10 16 32
10 17 52
10 18 48
10 19 39
10 20 47
10 21 32
10 22 22
10 23 47
10 24 51
10 25 50
10 26 39
10 27 58
10 28 43
10 29 44
10 30 49
10 31 45
10 32 43
10 33 52
10 34 50
10 35 29
10 36 38
10 37 59
10 38 45
10 39 41
10 40 59
10 41 52
10 42 13
10 43 52
10 44 55
10 45 54
10 46 49
10 47 41
10 48 43
10 49 48
10 50 47
10 51 40
10 52 29
10 53 38
10 54 47
10 55 49
10 56 47
10 57 37
10 58 51
10 59 47
10 60 49
10 61 51
10 62 46
10 63 58
10 64 37
10 65 57
10 66 46
10 67 49
10 68 49
10 69 43
10 70 44
10 71 47
10 72 49
10 73 44
10 74 40
10 75 55
10 76 37
10 77 45
10 78 59
10 79 57
10 80 47
10 81 43
10 82 50
11 0 46
11 1 68
11 2 44
11 3 47
11 4 37
11 5 46
11 6 53
11 7 41
11 8 53
11 9 33
11 10 50
11 11 100
11 12 23
11 13 38
11 14 49
11 15 29
11 16 21
11 17 39
11 18 49
11 19 35
11 20 54
11 21 28
11 22 28
11 23 44
11 24 44
11 25 49
11 26 36
11 27 50
11 28 37
11 29 40
11 30 44
11 31 46
11 32 33
11 33 45
11 34 51
11 35 26
11 36 42
11 37 44
11 38 49
11 39 31
11 40 51
11 41 43
11 42 6
11 43 37
11 44 50
11 45 39
11 46 22
11 47 38
11 48 23
11 49 26
11 50 32
11 51 38
11 52 34
11 53 38
11 54 43
11 55 26
11 56 37
11 57 47
11 58 60
11 59 37
11 60 35
11 61 39
11 62 38
11 63 41
11 64 45
11 65 36
11 66 44
11 67 39
11 68 39
11 69 32
11 70 30
11 71 39
11 72 42
11 73 64
11 74 41
11 75 39
11 76 40
11 77 31
11 78 38
11 79 40
11 80 48
11 81 27
11 82 30
12 0 30
12 1 47
12 2 27
12 3 31
12 4 24
12 5 23
12 6 35
12 7 34
12 8 32
12 9 55
12 10 27
12 11 23
12 12 100
12 13 37
12 14 33
12 15 29
12 16 22
12 17 32
12 18 29
12 19 37
12 20 32
12 21 22
12 22 15
12 23 33
12 24 31
12 25 41
12 26 34
12 27 35
12 28 24
12 29 29
12 30 34
12 31 22
12 32 29
12 33 36
12 34 34
12 35 25
12 36 34
12 37 33
12 38 28
12 39 26
12 40 29
12 41 36
12 42 14
12 43 31
12 44 19
12 45 32
12 46 24
12 47 29
12 48 26
12 49 21
12 50 28
12 51 41
12 52 59
12 53 56
12 54 47
12 55 22
12 56 32
12 57 24
12 58 36
12 59 20
12 60 51
12 61 17
12 62 23
12 63 19
12 64 39
12 65 26
12 66 33
12 67 27
12 68 24
12 69 24
12 70 24
12 71 20
12 72 36
12 73 17
12 74 66
12 75 31
12 76 35
12 77 22
12 78 36
12 79 30
12 80 22
12 81 25
12 82 37
13 0 33
13 1 67
13 2 31
13 3 37
13 4 32
13 5 29
13 6 40
13 7 33
13 8 45
13 9 58
13 10 43
13 11 38
13 12 37
13 13 99
13 14 48
13 15 36
13 16 22
13 17 38
13 18 33
13 19 28
13 20 39
13 21 31
13 22 10
13 23 44
13 24 36
13 25 45
13 26 43
13 27 39
13 28 39
13 29 29
13 30 36
13 31 35
13 32 30
13 33 45
13 34 44
13 35 20
13 36 45
13 37 41
13 38 44
13 39 37
13 40 42
13 41 37
13 42 16
13 43 38
13 44 32
13 45 37
13 46 35
13 47 34
13 48 36
13 49 36
13 50 44
13 51 55
13 52 39
13 53 36
13 54 49
13 55 42
13 56 33
13 57 27
13 58 58
13 59 42
13 60 35
13 61 34
13 62 31
13 63 25
13 64 38
13 65 35
13 66 45
13 67 40
13 68 36
13 69 41
13 70 38
13 71 37
13 72 38
13 73 30
13 74 50
13 75 41
13 76 37
13 77 28
13 78 39
13 79 45
13 80 37
13 81 43
13 82 61
14 0 39
14 1 56
14 2 42
14 3 41
14 4 41
14 5 46
14 6 45
14 7 49
14 8 55
14 9 44
14 10 59
14 11 49
14 12 33
14 13 48
14 14 100
14 15 49
14 16 34
14 17 53
14 18 38
14 19 40
14 20 49
14 21 39
14 22 28
14 23 57
14 24 49
14 25 48
14 26 42
14 27 62
14 28 45
14 29 42
14 30 55
14 31 48
14 32 37
14 33 54
14 34 49
14 35 33
14 36 44
14 37 61
14 38 52
14 39 48
14 40 68
14 41 49
14 42 10
14 43 49
14 44 65
14 45 57
14 46 54
14 47 46
14 48 55
14 49 49
14 50 56
14 51 44
14 52 32
14 53 48
14 54 56
14 55 54
14 56 59
14 57 51
14 58 65
14 59 56
14 60 56
14 61 51
14 62 48
14 63 50
14 64 46
14 65 53
14 66 61
14 67 65
14 68 61
14 69 49
14 70 57
14 71 64
14 72 57
14 73 53
14 74 54
14 75 68
14 76 42
14 77 38
14 78 58
14 79 58
14 80 63
14 81 48
14 82 48
15 0 45
15 1 40
15 2 43
15 3 35
15 4 48
15 5 34
15 6 48
15 7 33
15 8 60
15 9 27
15 10 44
15 11 29
15 12 29
15 13 36
15 14 49
15 15 100
15 16 50
15 17 55
15 18 46
15 19 43
15 20 34
15 21 35
15 22 16
15 23 48
15 24 55
15 25 44
15 26 38
15 27 51
15 28 49
15 29 36
15 30 43
15 31 51
15 32 50
15 33 42
15 34 48
15 35 27
15 36 38
15 37 48
15 38 51
15 39 58
15 40 52
15 41 47
15 42 18
15 43 53
15 44 42
15 45 54
15 46 67
15 47 54
15 48 61
15 49 70
15 50 60
15 51 51
15 52 28
15 53 40
15 54 46
15 55 62
15 56 45
15 57 41
15 58 45
15 59 50
15 60 36
15 61 30
15 62 56
15 63 33
15 64 38
15 65 46
15 66 54
15 67 42
15 68 44
15 69 24
15 70 38
15 71 52
15 72 47
15 73 22
15 74 39
15 75 46
15 76 39
15 77 42
15 78 63
15 79 55
15 80 44
15 81 61
15 82 48
16 0 41
16 1 28
16 2 39
16 3 33
16 4 44
16 5 28
16 6 43
16 7 29
16 8 35
16 9 27
16 10 32
16 11 21
16 12 22
16 13 22
16 14 34
16 15 50
16 16 100
16 17 41
16 18 45
16 19 33
16 20 37
16 21 21
16 22 15
16 23 29
16 24 46
16 25 28
16 26 25
16 27 45
16 28 34
16 29 34
16 30 30
16 31 34
16 32 33
16 33 37
16 34 38
16 35 33
16 36 29
16 37 40
16 38 32
16 39 36
16 40 39
16 41 57
16 42 10
16 43 51
16 44 35
16 45 41
16 46 36
16 47 36
16 48 34
16 49 45
16 50 37
16 51 28
16 52 23
16 53 32
16 54 35
16 55 39
16 56 23
16 57 28
16 58 30
16 59 36
16 60 34
16 61 20
16 62 35
16 63 23
16 64 27
16 65 26
16 66 38
16 67 23
16 68 24
16 69 21
16 70 31
16 71 40
16 72 33
16 73 22
16 74 27
16 75 37
16 76 33
16 77 28
16 78 45
16 79 39
16 80 41
16 81 33
16 82 32
17 0 51
17 1 44
17 2 51
17 3 55
17 4 50
17 5 33
17 6 63
17 7 40
17 8 65
17 9 41
17 10 52
17 11 39
17 12 32
17 13 38
17 14 53
17 15 55
17 16 41
17 17 100
17 18 61
17 19 57
17 20 58
17 21 37
17 22 25
17 23 59
17 24 64
17 25 54
17 26 49
17 27 57
17 28 45
17 29 42
17 30 49
17 31 49
17 32 53
17 33 48
17 34 60
17 35 31
17 36 45
17 37 69
17 38 55
17 39 50
17 40 60
17 41 61
17 42 15
17 43 50
17 44 53
17 45 62
17 46 53
17 47 45
17 48 46
17 49 50
17 50 47
17 51 42
17 52 33
17 53 45
17 54 64
17 55 44
17 56 49
17 57 44
17 58 47
17 59 37
17 60 40
17 61 43
17 62 45
17 63 51
17 64 41
17 65 54
17 66 45
17 67 42
17 68 53
17 69 34
17 70 34
17 71 43
17 72 54
17 73 32
17 74 42
17 75 46
17 76 42
17 77 37
17 78 66
17 79 56
17 80 39
17 81 48
17 82 59
18 0 75
18 1 43
18 2 52
18 3 56
18 4 65
18 5 50
18 6 64
18 7 45
18 8 54
18 9 39
18 10 48
18 11 49
18 12 29
18 13 33
18 14 38
18 15 46
18 16 45
18 17 61
18 18 99
18 19 44
18 20 54
18 21 35
18 22 36
18 23 58
18 24 67
18 25 48
18 26 37
18 27 48
18 28 51
18 29 56
18 30 44
18 31 38
18 32 39
18 33 43
18 34 65
18 35 35
18 36 33
18 37 55
18 38 48
18 39 39
18 40 55
18 41 53
18 42 20
18 43 44
18 44 38
18 45 48
18 46 36
18 47 31
18 48 31
18 49 31
18 50 30
18 51 28
18 52 32
18 53 40
18 54 44
18 55 30
18 56 41
18 57 42
18 58 41
18 59 37
18 60 38
18 61 31
18 62 33
18 63 42
18 64 42
18 65 39
18 66 37
18 67 33
18 68 35
18 69 36
18 70 31
18 71 34
18 72 55
18 73 39
18 74 36
18 75 36
18 76 48
18 77 37
18 78 57
18 79 46
18 80 36
18 81 32
18 82 45
19 0 49
19 1 39
19 2 55
19 3 66
19 4 37
19 5 36
19 6 59
19 7 42
19 8 49
19 9 39
19 10 39
19 11 35
19 12 37
19 13 28
19 14 40
19 15 43
19 16 33
19 17 57
19 18 44
19 19 100
19 20 50
19 21 31
19 22 27
19 23 44
19 24 54
19 25 54
19 26 44
19 27 49
19 28 34
19 29 33
19 30 39
19 31 42
19 32 43
19 33 52
19 34 49
19 35 33
19 36 36
19 37 53
19 38 55
19 39 40
19 40 50
19 41 56
19 42 14
19 43 52
19 44 35
19 45 54
19 46 48
19 47 42
19 48 38
19 49 29
19 50 40
19 51 32
19 52 30
19 53 43
19 54 41
19 55 27
19 56 35
19 57 27
19 58 46
19 59 30
19 60 35
19 61 29
19 62 36
19 63 33
19 64 41
19 65 36
19 66 34
19 67 28
19 68 36
19 69 19
19 70 27
19 71 27
19 72 43
19 73 39
19 74 40
19 75 37
19 76 47
19 77 46
19 78 60
19 79 35
19 80 42
19 81 37
19 82 47
20 0 55
20 1 57
20 2 60
20 3 63
20 4 47
20 5 44
20 6 64
20 7 54
20 8 62
20 9 45
20 10 47
20 11 54
20 12 32
20 13 39
20 14 49
20 15 34
20 16 37
20 17 58
20 18 54
20 19 50
20 20 100
20 21 43
20 22 29
20 23 59
20 24 55
20 25 63
20 26 41
20 27 55
20 28 44
20 29 38
20 30 44
20 31 51
20 32 38
20 33 62
20 34 67
20 35 20
20 36 36
20 37 53
20 38 56
20 39 31
20 40 59
20 41 65
20 42 12
20 43 43
20 44 41
20 45 50
20 46 32
20 47 30
20 48 31
20 49 30
20 50 29
20 51 38
20 52 31
20 53 40
20 54 45
20 55 33
20 56 40
20 57 38
20 58 54
20 59 37
20 60 35
20 61 44
20 62 41
20 63 40
20 64 49
20 65 40
20 66 45
20 67 44
20 68 49
20 69 33
20 70 42
20 71 37
20 72 51
20 73 52
20 74 39
20 75 47
20 76 49
20 77 32
20 78 50
20 79 41
20 80 41
20 81 33
20 82 46
21 0 33
21 1 34
21 2 33
21 3 29
21 4 40
21 5 34
21 6 39
21 7 39
21 8 41
21 9 28
21 10 32
21 11 28
21 12 22
21 13 31
21 14 39
21 15 35
21 16 21
21 17 37
21 18 35
21 19 31
21 20 43
21 21 99
21 22 32
21 23 41
21 24 37
21 25 33
21 26 29
21 27 34
21 28 31
21 29 34
21 30 33
21 31 37
21 32 28
21 33 41
21 34 45
21 35 18
21 36 28
21 37 38
21 38 37
21 39 28
21 40 42
21 41 36
21 42 12
21 43 36
21 44 29
21 45 30
21 46 36
21 47 29
21 48 36
21 49 33
21 50 29
21 51 30
21 52 21
21 53 31
21 54 34
21 55 36
21 56 31
21 57 34
21 58 38
21 59 37
21 60 30
21 61 31
21 62 28
21 63 27
21 64 35
21 65 36
21 66 41
21 67 33
21 68 32
21 69 25
21 70 37
21 71 31
21 72 43
21 73 36
21 74 36
21 75 39
21 76 25
21 77 20
21 78 36
21 79 35
21 80 38
21 81 29
21 82 30
22 0 37
22 1 25
22 2 20
22 3 23
22 4 25
22 5 28
22 6 33
22 7 31
22 8 30
22 9 20
22 10 22
22 11 28
22 12 15
22 13 10
22 14 28
22 15 16
22 16 15
22 17 25
22 18 36
22 19 27
22 20 29
22 21 32
22 22 100
22 23 34
22 24 30
22 25 22
22 26 15
22 27 31
22 28 23
22 29 35
22 30 29
22 31 16
22 32 17
22 33 21
22 34 28
22 35 15
22 36 17
22 37 30
22 38 22
22 39 17
22 40 29
22 41 26
22 42 8
22 43 23
22 44 25
22 45 23
22 46 18
22 47 10
22 48 17
22 49 8
22 50 16
22 51 15
22 52 22
22 53 28
22 54 30
22 55 14
22 56 28
22 57 31
22 58 24
22 59 19
22 60 29
22 61 21
22 62 14
22 63 22
22 64 20
22 65 26
22 66 18
22 67 19
22 68 23
22 69 23
22 70 27
22 71 25
22 72 32
22 73 26
22 74 17
22 75 27
22 76 21
22 77 7
22 78 23
22 79 21
22 80 23
22 81 9
22 82 16
23 0 57
23 1 51
23 2 47
23 3 53
23 4 48
23 5 49
23 6 62
23 7 56
23 8 63
23 9 49
23 10 47
23 11 44
23 12 33
23 13 44
23 14 57
23 15 48
23 16 29
23 17 59
23 18 58
23 19 44
23 20 59
23 21 41
23 22 34
23 23 99
23 24 55
23 25 53
23 26 52
23 27 54
23 28 50
23 29 45
23 30 48
23 31 47
23 32 43
23 33 49
23 34 66
23 35 26
23 36 45
23 37 62
23 38 62
23 39 48
23 40 57
23 41 46
23 42 20
23 43 45
23 44 47
23 45 57
23 46 43
23 47 40
23 48 47
23 49 42
23 50 39
23 51 38
23 52 30
23 53 55
23 54 51
23 55 40
23 56 48
23 57 58
23 58 61
23 59 51
23 60 43
23 61 43
23 62 49
23 63 43
23 64 56
23 65 55
23 66 50
23 67 51
23 68 53
23 69 34
23 70 42
23 71 42
23 72 70
23 73 43
23 74 48
23 75 49
23 76 42
23 77 34
23 78 55
23 79 47
23 80 45
23 81 43
23 82 47
24 0 68
24 1 50
24 2 50
24 3 58
24 4 70
24 5 46
24 6 64
24 7 44
24 8 58
24 9 48
24 10 51
24 11 44
24 12 31
24 13 36
24 14 49
24 15 55
24 16 46
24 17 64
24 18 67
24 19 54
24 20 55
24 21 37
24 22 30
24 23 55
24 24 99
24 25 53
24 26 44
24 27 47
24 28 44
24 29 58
24 30 44
24 31 50
24 32 43
24 33 48
24 34 62
24 35 30
24 36 38
24 37 62
24 38 55
24 39 46
24 40 62
24 41 58
24 42 25
24 43 50
24 44 43
24 45 56
24 46 47
24 47 39
24 48 46
24 49 42
24 50 41
24 51 40
24 52 31
24 53 42
24 54 48
24 55 44
24 56 42
24 57 46
24 58 49
24 59 43
24 60 39
24 61 38
24 62 50
24 63 40
24 64 46
24 65 50
24 66 38
24 67 36
24 68 44
24 69 35
24 70 35
24 71 38
24 72 51
24 73 39
24 74 37
24 75 45
24 76 46
24 77 42
24 78 68
24 79 46
24 80 41
24 81 40
24 82 52
25 0 50
25 1 62
25 2 55
25 3 62
25 4 44
25 5 36
25 6 59
25 7 42
25 8 55
25 9 48
25 10 50
25 11 49
25 12 41
25 13 45
25 14 48
25 15 44
25 16 28
25 17 54
25 18 48
25 19 54
25 20 63
25 21 33
25 22 22
25 23 53
25 24 53
25 25 100
25 26 43
25 27 52
25 28 56
25 29 36
25 30 42
25 31 45
25 32 51
25 33 62
25 34 61
25 35 26
25 36 43
25 37 56
25 38 60
25 39 45
25 40 61
25 41 65
25 42 21
25 43 53
25 44 40
25 45 60
25 46 39
25 47 44
25 48 36
25 49 35
25 50 43
25 51 44
25 52 39
25 53 49
25 54 47
25 55 34
25 56 33
25 57 38
25 58 57
25 59 39
25 60 42
25 61 49
25 62 43
25 63 35
25 64 46
25 65 48
25 66 42
25 67 51
25 68 52
25 69 37
25 70 42
25 71 32
25 72 51
25 73 39
25 74 49
25 75 42
25 76 60
25 77 53
25 78 54
25 79 47
25 80 37
25 81 43
25 82 44
26 0 39
26 1 48
26 2 42
26 3 52
26 4 38
26 5 27
26 6 45
26 7 34
26 8 52
26 9 54
26 10 39
26 11 36
26 12 34
26 13 43
26 14 42
26 15 38
26 16 25
26 17 49
26 18 37
26 19 44
26 20 41
26 21 29
26 22 15
26 23 52
26 24 44
26 25 43
26 26 100
26 27 42
26 28 36
26 29 35
26 30 30
26 31 42
26 32 44
26 33 42
26 34 50
26 35 20
26 36 49
26 37 43
26 38 52
26 39 53
26 40 47
26 41 42
26 42 13
26 43 44
26 44 37
26 45 47
26 46 49
26 47 41
26 48 33
26 49 38
26 50 46
26 51 40
26 52 35
26 53 45
26 54 42
26 55 30
26 56 31
26 57 34
26 58 60
26 59 36
26 60 31
26 61 29
26 62 36
26 63 30
26 64 38
26 65 48
26 66 47
26 67 38
26 68 45
26 69 23
26 70 34
26 71 26
26 72 43
26 73 31
26 74 43
26 75 34
26 76 38
26 77 28
26 78 51
26 79 44
26 80 31
26 81 39
26 82 53
27 0 48
27 1 50
27 2 59
27 3 55
27 4 40
27 5 41
27 6 52
27 7 48
27 8 57
27 9 41
27 10 58
27 11 50
27 12 35
27 13 39
27 14 62
27 15 51
27 16 45
27 17 57
27 18 48
27 19 49
27 20 55
27 21 34
27 22 31
27 23 54
27 24 47
27 25 52
27 26 42
27 27 99
27 28 37
27 29 39
27 30 49
27 31 51
27 32 48
27 33 61
27 34 55
27 35 45
27 36 44
27 37 58
27 38 50
27 39 50
27 40 62
27 41 57
27 42 9
27 43 64
27 44 66
27 45 61
27 46 45
27 47 54
27 48 49
27 49 55
27 50 47
27 51 42
27 52 34
27 53 47
27 54 58
27 55 55
27 56 45
27 57 48
27 58 50
27 59 51
27 60 55
27 61 38
27 62 45
27 63 44
27 64 49
27 65 49
27 66 58
27 67 43
27 68 45
27 69 34
27 70 45
27 71 53
27 72 52
27 73 46
27 74 47
27 75 57
27 76 51
27 77 40
27 78 56
27 79 61
27 80 52
27 81 54
27 82 47
28 0 41
28 1 46
28 2 33
28 3 37
28 4 47
28 5 34
28 6 44
28 7 33
28 8 39
28 9 32
28 10 43
28 11 37
28 12 24
28 13 39
28 14 45
28 15 49
28 16 34
28 17 45
28 18 51
28 19 34
28 20 44
28 21 31
28 22 23
28 23 50
28 24 44
28 25 56
28 26 36
28 27 37
28 28 99
28 29 42
28 30 33
28 31 32
28 32 39
28 33 38
28 34 46
28 35 20
28 36 40
28 37 51
28 38 42
28 39 49
28 40 43
28 41 44
28 42 11
28 43 37
28 44 42
28 45 45
28 46 40
28 47 38
28 48 35
28 49 34
28 50 43
28 51 35
28 52 32
28 53 36
28 54 41
28 55 30
28 56 37
28 57 35
28 58 50
28 59 43
28 60 33
28 61 50
28 62 41
28 63 34
28 64 25
28 65 43
28 66 36
28 67 41
28 68 45
28 69 36
28 70 43
28 71 32
28 72 50
28 73 30
28 74 36
28 75 42
28 76 39
28 77 41
28 78 46
28 79 44
28 80 31
28 81 32
28 82 37
29 0 54
29 1 42
29 2 44
29 3 41
29 4 56
29 5 41
29 6 43
29 7 43
29 8 40
29 9 42
29 10 44
29 11 40
29 12 29
29 13 29
29 14 42
29 15 36
29 16 34
29 17 42
29 18 56
29 19 33
29 20 38
29 21 34
29 22 35
29 23 45
29 24 58
29 25 36
29 26 35
29 27 39
29 28 42
29 29 100
29 30 51
29 31 28
29 32 31
29 33 40
29 34 53
29 35 36
29 36 33
29 37 44
29 38 37
29 39 29
29 40 46
29 41 42
29 42 22
29 43 41
29 44 34
29 45 37
29 46 30
29 47 33
29 48 26
29 49 27
29 50 28
29 51 29
29 52 28
29 53 38
29 54 36
29 55 26
29 56 39
29 57 43
29 58 37
29 59 41
29 60 44
29 61 28
29 62 33
29 63 39
29 64 38
29 65 37
29 66 35
29 67 21
29 68 24
29 69 26
29 70 42
29 71 38
29 72 46
29 73 40
29 74 34
29 75 38
29 76 37
29 77 27
29 78 44
29 79 39
29 80 36
29 81 21
29 82 36
30 0 44
30 1 45
30 2 43
30 3 43
30 4 34
30 5 44
30 6 47
30 7 51
30 8 52
30 9 40
30 10 49
30 11 44
30 12 34
30 13 36
30 14 55
30 15 43
30 16 30
30 17 49
30 18 44
30 19 39
30 20 44
30 21 33
30 22 29
30 23 48
30 24 44
30 25 42
30 26 30
30 27 49
30 28 33
30 29 51
30 30 100
30 31 38
30 32 36
30 33 44
30 34 48
30 35 31
30 36 36
30 37 51
30 38 41
30 39 33
30 40 48
30 41 48
30 42 20
30 43 41
30 44 42
30 45 42
30 46 41
30 47 34
30 48 42
30 49 45
30 50 38
30 51 35
30 52 29
30 53 48
30 54 54
30 55 38
30 56 57
30 57 43
30 58 42
30 59 49
30 60 54
30 61 38
30 62 33
30 63 42
30 64 45
30 65 41
30 66 40
30 67 34
30 68 31
30 69 32
30 70 34
30 71 45
30 72 42
30 73 45
30 74 48
30 75 37
30 76 38
30 77 28
30 78 48
30 79 48
30 80 39
30 81 36
30 82 42
31 0 44
31 1 48
31 2 41
31 3 50
31 4 44
31 5 43
31 6 64
31 7 47
31 8 58
31 9 34
31 10 45
31 11 46
31 12 22
31 13 35
31 14 48
31 15 51
31 16 34
31 17 49
31 18 38
31 19 42
31 20 51
31 21 37
31 22 16
31 23 47
31 24 50
31 25 45
31 26 42
31 27 51
31 28 32
31 29 28
31 30 38
31 31 100
31 32 49
31 33 44
31 34 52
31 35 24
31 36 37
31 37 47
31 38 59
31 39 45
31 40 67
31 41 49
31 42 23
31 43 48
31 44 47
31 45 52
31 46 47
31 47 39
31 48 43
31 49 55
31 50 45
31 51 36
31 52 16
31 53 38
31 54 40
31 55 49
31 56 34
31 57 32
31 58 55
31 59 43
31 60 37
31 61 42
31 62 53
31 63 38
31 64 55
31 65 42
31 66 50
31 67 51
31 68 47
31 69 32
31 70 39
31 71 44
31 72 50
31 73 50
31 74 34
31 75 47
31 76 43
31 77 41
31 78 50
31 79 51
31 80 56
31 81 51
31 82 37
32 0 40
32 1 41
32 2 43
32 3 43
32 4 36
32 5 27
32 6 46
32 7 24
32 8 48
32 9 33
32 10 43
32 11 33
32 12 29
32 13 30
32 14 37
32 15 50
32 16 33
32 17 53
32 18 39
32 19 43
32 20 38
32 21 28
32 22 17
32 23 43
32 24 43
32 25 51
32 26 44
32 27 48
32 28 39
32 29 31
32 30 36
32 31 49
32 32 99
32 33 42
32 34 45
32 35 42
32 36 51
32 37 44
32 38 48
32 39 50
32 40 45
32 41 46
32 42 29
32 43 53
32 44 43
32 45 57
32 46 46
32 47 52
32 48 46
32 49 62
32 50 50
32 51 43
32 52 25
32 53 36
32 54 42
32 55 39
32 56 36
32 57 30
32 58 38
32 59 41
32 60 41
32 61 35
32 62 37
32 63 35
32 64 37
32 65 41
32 66 42
32 67 37
32 68 40
32 69 22
32 70 28
32 71 34
32 72 41
32 73 23
32 74 37
32 75 41
32 76 49
32 77 47
32 78 54
32 79 55
32 80 34
32 81 51
32 82 41
33 0 47
33 1 51
33 2 70
33 3 53
33 4 39
33 5 46
33 6 57
33 7 46
33 8 56
33 9 44
33 10 52
33 11 45
33 12 36
33 13 45
33 14 54
33 15 42
33 16 37
33 17 48
33 18 43
33 19 52
33 20 62
33 21 41
33 22 21
33 23 49
33 24 48
33 25 62
33 26 42
33 27 61
33 28 38
33 29 40
33 30 44
33 31 44
33 32 42
33 33 99
33 34 59
33 35 39
33 36 42
33 37 55
33 38 53
33 39 44
33 40 59
33 41 58
33 42 17
33 43 66
33 44 57
33 45 52
33 46 39
33 47 55
33 48 39
33 49 43
33 50 38
33 51 43
33 52 38
33 53 42
33 54 45
33 55 42
33 56 41
33 57 33
33 58 54
33 59 52
33 60 48
33 61 40
33 62 47
33 63 33
33 64 46
33 65 42
33 66 50
33 67 43
33 68 39
33 69 32
33 70 46
33 71 45
33 72 43
33 73 51
33 74 45
33 75 51
33 76 62
33 77 40
33 78 55
33 79 57
33 80 51
33 81 43
33 82 52
34 0 65
34 1 58
34 2 64
34 3 63
34 4 55
34 5 48
34 6 69
34 7 54
34 8 62
34 9 46
34 10 50
34 11 51
34 12 34
34 13 44
34 14 49
34 15 48
34 16 38
34 17 60
34 18 65
34 19 49
34 20 67
34 21 45
34 22 28
34 23 66
34 24 62
34 25 61
34 26 50
34 27 55
34 28 46
34 29 53
34 30 48
34 31 52
34 32 45
34 33 59
34 34 99
34 35 31
34 36 42
34 37 64
34 38 61
34 39 48
34 40 67
34 41 66
34 42 18
34 43 55
34 44 47
34 45 63
34 46 43
34 47 42
34 48 37
34 49 42
34 50 37
34 51 37
34 52 33
34 53 47
34 54 49
34 55 37
34 56 45
34 57 48
34 58 56
34 59 47
34 60 42
34 61 38
34 62 44
34 63 39
34 64 57
34 65 50
34 66 50
34 67 47
34 68 49
34 69 33
34 70 42
34 71 39
34 72 62
34 73 54
34 74 44
34 75 49
34 76 51
34 77 35
34 78 60
34 79 50
34 80 48
34 81 43
34 82 48
35 0 34
35 1 26
35 2 49
35 3 25
35 4 28
35 5 22
35 6 24
35 7 18
35 8 28
35 9 26
35 10 29
35 11 26
35 12 25
35 13 20
35 14 33
35 15 27
35 16 33
35 17 31
35 18 35
35 19 33
35 20 20
35 21 18
35 22 15
35 23 26
35 24 30
35 25 26
35 26 20
35 27 45
35 28 20
35 29 36
35 30 31
35 31 24
35 32 42
35 33 39
35 34 31
35 35 100
35 36 36
35 37 34
35 38 27
35 39 33
35 40 31
35 41 34
35 42 18
35 43 51
35 44 48
35 45 37
35 46 21
35 47 50
35 48 31
35 49 31
35 50 29
35 51 28
35 52 17
35 53 27
35 54 31
35 55 26
35 56 26
35 57 25
35 58 23
35 59 31
35 60 41
35 61 20
35 62 22
35 63 24
35 64 23
35 65 25
35 66 24
35 67 16
35 68 14
35 69 15
35 70 22
35 71 30
35 72 21
35 73 26
35 74 26
35 75 32
35 76 36
35 77 38
35 78 37
35 79 42
35 80 31
35 81 30
35 82 24
36 0 32
36 1 51
36 2 40
36 3 40
36 4 38
36 5 27
36 6 43
36 7 30
36 8 42
36 9 35
36 10 38
36 11 42
36 12 34
36 13 45
36 14 44
36 15 38
36 16 29
36 17 45
36 18 33
36 19 36
36 20 36
36 21 28
36 22 17
36 23 45
36 24 38
36 25 43
36 26 49
36 27 44
36 28 40
36 29 33
36 30 36
36 31 37
36 32 51
36 33 42
36 34 42
36 35 36
36 36 100
36 37 46
36 38 49
36 39 44
36 40 41
36 41 38
36 42 19
36 43 42
36 44 45
36 45 55
36 46 35
36 47 44
36 48 35
36 49 41
36 50 56
36 51 55
36 52 48
36 53 52
36 54 51
36 55 31
36 56 36
36 57 36
36 58 54
36 59 39
36 60 42
36 61 36
36 62 31
36 63 31
36 64 37
36 65 34
36 66 42
36 67 36
36 68 37
36 69 31
36 70 35
36 71 35
36 72 42
36 73 34
36 74 44
36 75 38
36 76 36
36 77 37
36 78 45
36 79 49
36 80 39
36 81 40
36 82 37
37 0 51
37 1 51
37 2 46
37 3 57
37 4 47
37 5 41
37 6 63
37 7 49
37 8 55
37 9 47
37 10 59
37 11 44
37 12 33
37 13 41
37 14 61
37 15 48
37 16 40
37 17 69
37 18 55
37 19 53
37 20 53
37 21 38
37 22 30
37 23 62
37 24 62
37 25 56
37 26 43
37 27 58
37 28 51
37 29 44
37 30 51
37 31 47
37 32 44
37 33 55
37 34 64
37 35 34
37 36 46
37 37 100
37 38 54
37 39 51
37 40 70
37 41 67
37 42 7
37 43 61
37 44 63
37 45 75
37 46 50
37 47 50
37 48 44
37 49 49
37 50 51
37 51 40
37 52 31
37 53 47
37 54 61
37 55 45
37 56 47
37 57 37
37 58 59
37 59 49
37 60 49
37 61 56
37 62 52
37 63 49
37 64 51
37 65 56
37 66 44
37 67 55
37 68 57
37 69 43
37 70 39
37 71 41
37 72 60
37 73 43
37 74 46
37 75 59
37 76 45
37 77 38
37 78 66
37 79 58
37 80 51
37 81 46
37 82 55
38 0 52
38 1 56
38 2 53
38 3 58
38 4 46
38 5 43
38 6 62
38 7 50
38 8 58
38 9 41
38 10 45
38 11 49
38 12 28
38 13 44
38 14 52
38 15 51
38 16 32
38 17 55
38 18 48
38 19 55
38 20 56
38 21 37
38 22 22
38 23 62
38 24 55
38 25 60
38 26 52
38 27 50
38 28 42
38 29 37
38 30 41
38 31 59
38 32 48
38 33 53
38 34 61
38 35 27
38 36 49
38 37 54
38 38 99
38 39 51
38 40 63
38 41 52
38 42 18
38 43 53
38 44 44
38 45 62
38 46 48
38 47 51
38 48 41
38 49 41
38 50 45
38 51 43
38 52 30
38 53 49
38 54 40
38 55 37
38 56 35
38 57 47
38 58 61
38 59 43
38 60 34
38 61 37
38 62 46
38 63 34
38 64 55
38 65 46
38 66 45
38 67 45
38 68 53
38 69 33
38 70 44
38 71 39
38 72 52
38 73 50
38 74 45
38 75 48
38 76 53
38 77 46
38 78 59
38 79 44
38 80 49
38 81 42
38 82 47
39 0 41
39 1 42
39 2 40
39 3 38
39 4 36
39 5 28
39 6 41
39 7 26
39 8 55
39 9 30
39 10 41
39 11 31
39 12 26
39 13 37
39 14 48
39 15 58
39 16 36
39 17 50
39 18 39
39 19 40
39 20 31
39 21 28
39 22 17
39 23 48
39 24 46
39 25 45
39 26 53
39 27 50
39 28 49
39 29 29
39 30 33
39 31 45
39 32 50
39 33 44
39 34 48
39 35 33
39 36 44
39 37 51
39 38 51
39 39 99
39 40 54
39 41 54
39 42 16
39 43 51
39 44 58
39 45 55
39 46 55
39 47 60
39 48 46
39 49 53
39 50 47
39 51 33
39 52 25
39 53 36
39 54 38
39 55 40
39 56 32
39 57 33
39 58 46
39 59 44
39 60 35
39 61 30
39 62 48
39 63 25
39 64 33
39 65 45
39 66 47
39 67 41
39 68 50
39 69 21
39 70 42
39 71 40
39 72 41
39 73 28
39 74 34
39 75 49
39 76 47
39 77 37
39 78 55
39 79 58
39 80 46
39 81 59
39 82 40
40 0 54
40 1 58
40 2 52
40 3 64
40 4 59
40 5 51
40 6 66
40 7 62
40 8 61
40 9 40
40 10 59
40 11 51
40 12 29
40 13 42
40 14 68
40 15 52
40 16 39
40 17 60
40 18 55
40 19 50
40 20 59
40 21 42
40 22 29
40 23 57
40 24 62
40 25 61
40 26 47
40 27 62
40 28 43
40 29 46
40 30 48
40 31 67
40 32 45
40 33 59
40 34 67
40 35 31
40 36 41
40 37 70
40 38 63
40 39 54
40 40 99
40 41 67
40 42 13
40 43 59
40 44 59
40 45 69
40 46 57
40 47 46
40 48 45
40 49 51
40 50 52
40 51 41
40 52 28
40 53 47
40 54 53
40 55 50
40 56 46
40 57 43
40 58 68
40 59 51
40 60 44
40 61 51
40 62 55
40 63 50
40 64 58
40 65 53
40 66 58
40 67 65
40 68 66
40 69 44
40 70 49
40 71 50
40 72 61
40 73 57
40 74 45
40 75 57
40 76 49
40 77 38
40 78 59
40 79 58
40 80 72
40 81 47
40 82 46
41 0 55
41 1 53
41 2 58
41 3 63
41 4 46
41 5 38
41 6 62
41 7 45
41 8 57
41 9 46
41 10 52
41 11 43
41 12 36
41 13 37
41 14 49
41 15 47
41 16 57
41 17 61
41 18 53
41 19 56
41 20 65
41 21 36
41 22 26
41 23 46
41 24 58
41 25 65
41 26 42
41 27 57
41 28 44
41 29 42
41 30 48
41 31 49
41 32 46
41 33 58
41 34 66
41 35 34
41 36 38
41 37 67
41 38 52
41 39 54
41 40 67
41 41 100
41 42 11
41 43 63
41 44 53
41 45 65
41 46 48
41 47 49
41 48 39
41 49 43
41 50 41
41 51 39
41 52 33
41 53 46
41 54 51
41 55 38
41 56 41
41 57 36
41 58 46
41 59 43
41 60 45
41 61 39
41 62 41
41 63 37
41 64 44
41 65 46
41 66 46
41 67 42
41 68 44
41 69 28
41 70 39
41 71 40
41 72 51
41 73 41
41 74 41
41 75 48
41 76 49
41 77 40
41 78 60
41 79 54
41 80 49
41 81 43
41 82 45
42 0 27
42 1 15
42 2 16
42 3 13
42 4 17
42 5 16
42 6 26
42 7 19
42 8 21
42 9 20
42 10 13
42 11 6
42 12 14
42 13 16
42 14 10
42 15 18
42 16 10
42 17 15
42 18 20
42 19 14
42 20 12
42 21 12
42 22 8
42 23 20
42 24 25
42 25 21
42 26 13
42 27 9
42 28 11
42 29 22
42 30 20
42 31 23
42 32 29
42 33 17
42 34 18
42 35 18
42 36 19
42 37 7
42 38 18
42 39 16
42 40 13
42 41 11
42 42 100
42 43 17
42 44 10
42 45 16
42 46 14
42 47 16
42 48 14
42 49 18
42 50 8
42 51 26
42 52 16
42 53 18
42 54 15
42 55 11
42 56 13
42 57 20
42 58 15
42 59 12
42 60 17
42 61 10
42 62 10
42 63 17
42 64 19
42 65 22
42 66 7
42 67 5
42 68 10
42 69 5
42 70 4
42 71 9
42 72 16
42 73 14
42 74 11
42 75 14
42 76 24
42 77 21
42 78 22
42 79 19
42 80 11
42 81 24
42 82 11
43 0 50
43 1 45
43 2 58
43 3 49
43 4 37
43 5 39
43 6 55
43 7 40
43 8 52
43 9 43
43 10 52
43 11 37
43 12 31
43 13 38
43 14 49
43 15 53
43 16 51
43 17 50
43 18 44
43 19 52
43 20 43
43 21 36
43 22 23
43 23 45
43 24 50
43 25 53
43 26 44
43 27 64
43 28 37
43 29 41
43 30 41
43 31 48
43 32 53
43 33 66
43 34 55
43 35 51
43 36 42
43 37 61
43 38 53
43 39 51
43 40 59
43 41 63
43 42 17
43 43 100
43 44 56
43 45 64
43 46 48
43 47 62
43 48 41
43 49 55
43 50 49
43 51 44
43 52 30
43 53 42
43 54 49
43 55 44
43 56 33
43 57 34
43 58 44
43 59 52
43 60 52
43 61 34
43 62 47
43 63 34
43 64 46
43 65 49
43 66 57
43 67 40
43 68 38
43 69 31
43 70 42
43 71 49
43 72 46
43 73 40
43 74 39
43 75 54
43 76 58
43 77 49
43 78 63
43 79 61
43 80 56
43 81 46
43 82 48
44 0 35
44 1 42
44 2 48
44 3 36
44 4 36
44 5 38
44 6 44
44 7 36
44 8 51
44 9 27
44 10 55
44 11 50
44 12 19
44 13 32
44 14 65
44 15 42
44 16 35
44 17 53
44 18 38
44 19 35
44 20 41
44 21 29
44 22 25
44 23 47
44 24 43
44 25 40
44 26 37
44 27 66
44 28 42
44 29 34
44 30 42
44 31 47
44 32 43
44 33 57
44 34 47
44 35 48
44 36 45
44 37 63
44 38 44
44 39 58
44 40 59
44 41 53
44 42 10
44 43 56
44 44 99
44 45 58
44 46 43
44 47 61
44 48 40
44 49 53
44 50 47
44 51 32
44 52 25
44 53 35
44 54 46
44 55 47
44 56 42
44 57 44
44 58 48
44 59 49
44 60 45
44 61 48
44 62 50
44 63 42
44 64 39
44 65 56
44 66 48
44 67 48
44 68 48
44 69 33
44 70 49
44 71 56
44 72 45
44 73 44
44 74 35
44 75 54
44 76 41
44 77 41
44 78 51
44 79 63
44 80 62
44 81 49
44 82 35
45 0 50
45 1 50
45 2 52
45 3 60
45 4 43
45 5 39
45 6 61
45 7 45
45 8 54
45 9 44
45 10 54
45 11 39
45 12 32
45 13 37
45 14 57
45 15 54
45 16 41
45 17 62
45 18 48
45 19 54
45 20 50
45 21 30
45 22 23
45 23 57
45 24 56
45 25 60
45 26 47
45 27 61
45 28 45
45 29 37
45 30 42
45 31 52
45 32 57
45 33 52
45 34 63
45 35 37
45 36 55
45 37 75
45 38 62
45 39 55
45 40 69
45 41 65
45 42 16
45 43 64
45 44 58
45 45 100
45 46 55
45 47 51
45 48 47
45 49 53
45 50 56
45 51 44
45 52 31
45 53 50
45 54 55
45 55 45
45 56 44
45 57 37
45 58 56
45 59 46
45 60 47
45 61 45
45 62 50
45 63 40
45 64 51
45 65 57
45 66 50
45 67 52
45 68 58
45 69 36
45 70 41
45 71 42
45 72 56
45 73 40
45 74 48
45 75 57
45 76 50
45 77 52
45 78 64
45 79 56
45 80 53
45 81 52
45 82 48
46 0 38
46 1 37
46 2 31
46 3 33
46 4 41
46 5 26
46 6 40
46 7 32
46 8 54
46 9 32
46 10 49
46 11 22
46 12 24
46 13 35
46 14 54
46 15 67
46 16 36
46 17 53
46 18 36
46 19 48
46 20 32
46 21 36
46 22 18
46 23 43
46 24 47
46 25 39
46 26 49
46 27 45
46 28 40
46 29 30
46 30 41
46 31 47
46 32 46
46 33 39
46 34 43
46 35 21
46 36 35
46 37 50
46 38 48
46 39 55
46 40 57
46 41 48
46 42 14
46 43 48
46 44 43
46 45 55
46 46 100
46 47 43
46 48 56
46 49 61
46 50 71
46 51 37
46 52 19
46 53 34
46 54 43
46 55 55
46 56 53
46 57 33
46 58 45
46 59 45
46 60 32
46 61 34
46 62 48
46 63 43
46 64 32
46 65 48
46 66 54
46 67 53
46 68 54
46 69 21
46 70 37
46 71 39
46 72 46
46 73 23
46 74 41
46 75 47
46 76 31
46 77 35
46 78 64
46 79 51
46 80 46
46 81 57
46 82 46
47 0 37
47 1 40
47 2 53
47 3 34
47 4 31
47 5 28
47 6 41
47 7 29
47 8 49
47 9 32
47 10 41
47 11 38
47 12 29
47 13 34
47 14 46
47 15 54
47 16 36
47 17 45
47 18 31
47 19 42
47 20 30
47 21 29
47 22 10
47 23 40
47 24 39
47 25 44
47 26 41
47 27 54
47 28 38
47 29 33
47 30 34
47 31 39
47 32 52
47 33 55
47 34 42
47 35 50
47 36 44
47 37 50
47 38 51
47 39 60
47 40 46
47 41 49
47 42 16
47 43 62
47 44 61
47 45 51
47 46 43
47 47 100
47 48 40
47 49 51
47 50 40
47 51 47
47 52 29
47 53 37
47 54 41
47 55 42
47 56 29
47 57 33
47 58 44
47 59 45
47 60 40
47 61 29
47 62 48
47 63 29
47 64 32
47 65 45
47 66 47
47 67 33
47 68 34
47 69 18
47 70 37
47 71 42
47 72 36
47 73 35
47 74 38
47 75 42
47 76 49
47 77 45
47 78 54
47 79 55
47 80 48
47 81 53
47 82 39
48 0 26
48 1 36
48 2 30
48 3 30
48 4 29
48 5 28
48 6 32
48 7 31
48 8 46
48 9 32
48 10 43
48 11 23
48 12 26
48 13 36
48 14 55
48 15 61
48 16 34
48 17 46
48 18 31
48 19 38
48 20 31
48 21 36
48 22 17
48 23 47
48 24 46
48 25 36
48 26 33
48 27 49
48 28 35
48 29 26
48 30 42
48 31 43
48 32 46
48 33 39
48 34 37
48 35 31
48 36 35
48 37 44
48 38 41
48 39 46
48 40 45
48 41 39
48 42 14
48 43 41
48 44 40
48 45 47
48 46 56
48 47 40
48 48 99
48 49 63
48 50 48
48 51 36
48 52 20
48 53 37
48 54 41
48 55 64
48 56 47
48 57 40
48 58 42
48 59 56
48 60 36
48 61 33
48 62 48
48 63 32
48 64 37
48 65 39
48 66 47
48 67 43
48 68 41
48 69 31
48 70 40
48 71 45
48 72 40
48 73 21
48 74 43
48 75 53
48 76 28
48 77 36
48 78 56
48 79 56
48 80 41
48 81 61
48 82 41
49 0 28
49 1 36
49 2 36
49 3 29
49 4 36
49 5 26
49 6 39
49 7 25
49 8 51
49 9 23
49 10 48
49 11 26
49 12 21
49 13 36
49 14 49
49 15 70
49 16 45
49 17 50
49 18 31
49 19 29
49 20 30
49 21 33
49 22 8
49 23 42
49 24 42
49 25 35
49 26 38
49 27 55
49 28 34
49 29 27
49 30 45
49 31 55
49 32 62
49 33 43
49 34 42
49 35 31
49 36 41
49 37 49
49 38 41
49 39 53
49 40 51
49 41 43
49 42 18
49 43 55
49 44 53
49 45 53
49 46 61
49 47 51
49 48 63
49 49 100
49 50 59
49 51 40
49 52 16
49 53 33
49 54 46
49 55 67
49 56 43
49 57 37
49 58 39
49 59 59
49 60 38
49 61 34
49 62 56
49 63 32
49 64 37
49 65 46
49 66 57
49 67 43
49 68 40
49 69 25
49 70 41
49 71 56
49 72 36
49 73 21
49 74 36
49 75 48
49 76 34
49 77 38
49 78 58
49 79 68
49 80 47
49 81 66
49 82 48
50 0 35
50 1 45
50 2 33
50 3 34
50 4 41
50 5 25
50 6 37
50 7 28
50 8 47
50 9 27
50 10 47
50 11 32
50 12 28
50 13 44
50 14 56
50 15 60
50 16 37
50 17 47
50 18 30
50 19 40
50 20 29
50 21 29
50 22 16
50 23 39
50 24 41
50 25 43
50 26 46
50 27 47
50 28 43
50 29 28
50 30 38
50 31 45
50 32 50
50 33 38
50 34 37
50 35 29
50 36 56
50 37 51
50 38 45
50 39 47
50 40 52
50 41 41
50 42 8
50 43 49
50 44 47
50 45 56
50 46 71
50 47 40
50 48 48
50 49 59
50 50 100
50 51 52
50 52 35
50 53 45
50 54 53
50 55 49
50 56 42
50 57 30
50 58 53
50 59 49
50 60 40
50 61 38
50 62 49
50 63 41
50 64 32
50 65 48
50 66 51
50 67 46
50 68 46
50 69 30
50 70 41
50 71 43
50 72 41
50 73 26
50 74 42
50 75 43
50 76 35
50 77 41
50 78 60
50 79 57
50 80 50
50 81 53
50 82 45
51 0 36
51 1 52
51 2 41
51 3 32
51 4 24
51 5 24
51 6 44
51 7 34
51 8 53
51 9 46
51 10 40
51 11 38
51 12 41
51 13 55
51 14 44
51 15 51
51 16 28
51 17 42
51 18 28
51 19 32
51 20 38
51 21 30
51 22 15
51 23 38
51 24 40
51 25 44
51 26 40
51 27 42
51 28 35
51 29 29
51 30 35
51 31 36
51 32 43
51 33 43
51 34 37
51 35 28
51 36 55
51 37 40
51 38 43
51 39 33
51 40 41
51 41 39
51 42 26
51 43 44
51 44 32
51 45 44
51 46 37
51 47 47
51 48 36
51 49 40
51 50 52
51 51 99
51 52 52
51 53 43
51 54 54
51 55 43
51 56 33
51 57 30
51 58 50
51 59 40
51 60 33
51 61 25
51 62 40
51 63 25
51 64 33
51 65 42
51 66 39
51 67 29
51 68 33
51 69 26
51 70 30
51 71 34
51 72 36
51 73 27
51 74 40
51 75 34
51 76 35
51 77 37
51 78 46
51 79 44
51 80 34
51 81 38
51 82 46
52 0 32
52 1 48
52 2 28
52 3 35
52 4 23
52 5 22
52 6 39
52 7 31
52 8 32
52 9 44
52 10 29
52 11 34
52 12 59
52 13 39
52 14 32
52 15 28
52 16 23
52 17 33
52 18 32
52 19 30
52 20 31
52 21 21
52 22 22
52 23 30
52 24 31
52 25 39
52 26 35
52 27 34
52 28 32
52 29 28
52 30 29
52 31 16
52 32 25
52 33 38
52 34 33
52 35 17
52 36 48
52 37 31
52 38 30
52 39 25
52 40 28
52 41 33
52 42 16
52 43 30
52 44 25
52 45 31
52 46 19
52 47 29
52 48 20
52 49 16
52 50 35
52 51 52
52 52 99
52 53 49
52 54 47
52 55 19
52 56 20
52 57 28
52 58 38
52 59 24
52 60 40
52 61 15
52 62 23
52 63 20
52 64 30
52 65 26
52 66 29
52 67 19
52 68 22
52 69 22
52 70 22
52 71 20
52 72 27
52 73 28
52 74 49
52 75 23
52 76 34
52 77 16
52 78 33
52 79 28
52 80 21
52 81 24
52 82 37
53 0 39
53 1 48
53 2 36
53 3 47
53 4 35
53 5 46
53 6 55
53 7 49
53 8 45
53 9 46
53 10 38
53 11 38
53 12 56
53 13 36
53 14 48
53 15 40
53 16 32
53 17 45
53 18 40
53 19 43
53 20 40
53 21 31
53 22 28
53 23 55
53 24 42
53 25 49
53 26 45
53 27 47
53 28 36
53 29 38
53 30 48
53 31 38
53 32 36
53 33 42
53 34 47
53 35 27
53 36 52
53 37 47
53 38 49
53 39 36
53 40 47
53 41 46
53 42 18
53 43 42
53 44 35
53 45 50
53 46 34
53 47 37
53 48 37
53 49 33
53 50 45
53 51 43
53 52 49
53 53 99
53 54 58
53 55 31
53 56 35
53 57 45
53 58 54
53 59 37
53 60 56
53 61 29
53 62 38
53 63 31
53 64 46
53 65 46
53 66 39
53 67 37
53 68 40
53 69 30
53 70 31
53 71 33
53 72 50
53 73 37
53 74 57
53 75 36
53 76 38
53 77 26
53 78 47
53 79 37
53 80 41
53 81 34
53 82 43
54 0 44
54 1 51
54 2 38
54 3 46
54 4 31
54 5 33
54 6 53
54 7 42
54 8 56
54 9 47
54 10 47
54 11 43
54 12 47
54 13 49
54 14 56
54 15 46
54 16 35
54 17 64
54 18 44
54 19 41
54 20 45
54 21 34
54 22 30
54 23 51
54 24 48
54 25 47
54 26 42
54 27 58
54 28 41
54 29 36
54 30 54
54 31 40
54 32 42
54 33 45
54 34 49
54 35 31
54 36 51
54 37 61
54 38 40
54 39 38
54 40 53
54 41 51
54 42 15
54 43 49
54 44 46
54 45 55
54 46 43
54 47 41
54 48 41
54 49 46
54 50 53
54 51 54
54 52 47
54 53 58
54 54 100
54 55 43
54 56 49
54 57 41
54 58 53
54 59 40
54 60 49
54 61 39
54 62 39
54 63 41
54 64 42
54 65 51
54 66 52
54 67 42
54 68 45
54 69 40
54 70 32
54 71 45
54 72 52
54 73 33
54 74 51
54 75 48
54 76 37
54 77 32
54 78 53
54 79 51
54 80 41
54 81 42
54 82 50
55 0 31
55 1 40
55 2 31
55 3 22
55 4 35
55 5 29
55 6 38
55 7 31
55 8 50
55 9 32
55 10 49
55 11 26
55 12 22
55 13 42
55 14 54
55 15 62
55 16 39
55 17 44
55 18 30
55 19 27
55 20 33
55 21 36
55 22 14
55 23 40
55 24 44
55 25 34
55 26 30
55 27 55
55 28 30
55 29 26
55 30 38
55 31 49
55 32 39
55 33 42
55 34 37
55 35 26
55 36 31
55 37 45
55 38 37
55 39 40
55 40 50
55 41 38
55 42 11
55 43 44
55 44 47
55 45 45
55 46 55
55 47 42
55 48 64
55 49 67
55 50 49
55 51 43
55 52 19
55 53 31
55 54 43
55 55 100
55 56 41
55 57 30
55 58 42
55 59 49
55 60 36
55 61 32
55 62 54
55 63 32
55 64 31
55 65 44
55 66 53
55 67 44
55 68 44
55 69 27
55 70 42
55 71 56
55 72 40
55 73 24
55 74 34
55 75 47
55 76 25
55 77 34
55 78 47
55 79 54
55 80 44
55 81 65
55 82 43
56 0 39
56 1 40
56 2 34
56 3 33
56 4 33
56 5 39
56 6 34
56 7 37
56 8 50
56 9 37
56 10 47
56 11 37
56 12 32
56 13 33
56 14 59
56 15 45
56 16 23
56 17 49
56 18 41
56 19 35
56 20 40
56 21 31
56 22 28
56 23 48
56 24 42
56 25 33
56 26 31
56 27 45
56 28 37
56 29 39
56 30 57
56 31 34
56 32 36
56 33 41
56 34 45
56 35 26
56 36 36
56 37 47
56 38 35
56 39 32
56 40 46
56 41 41
56 42 13
56 43 33
56 44 42
56 45 44
56 46 53
56 47 29
56 48 47
56 49 43
56 50 42
56 51 33
56 52 20
56 53 35
56 54 49
56 55 41
56 56 99
56 57 47
56 58 40
56 59 47
56 60 48
56 61 38
56 62 37
56 63 52
56 64 34
56 65 46
56 66 44
56 67 40
56 68 39
56 69 30
56 70 38
56 71 40
56 72 50
56 73 33
56 74 44
56 75 49
56 76 27
56 77 27
56 78 49
56 79 46
56 80 37
56 81 39
56 82 40
57 0 45
57 1 40
57 2 33
57 3 33
57 4 36
57 5 43
57 6 41
57 7 37
57 8 48
57 9 31
57 10 37
57 11 47
57 12 24
57 13 27
57 14 51
57 15 41
57 16 28
57 17 44
57 18 42
57 19 27
57 20 38
57 21 34
57 22 31
57 23 58
57 24 46
57 25 38
57 26 34
57 27 48
57 28 35
57 29 43
57 30 43
57 31 32
57 32 30
57 33 33
57 34 48
57 35 25
57 36 36
57 37 37
57 38 47
57 39 33
57 40 43
57 41 36
57 42 20
57 43 34
57 44 44
57 45 37
57 46 33
57 47 33
57 48 40
57 49 37
57 50 30
57 51 30
57 52 28
57 53 45
57 54 41
57 55 30
57 56 47
57 57 99
57 58 40
57 59 40
57 60 39
57 61 19
57 62 34
57 63 31
57 64 43
57 65 48
57 66 43
57 67 30
57 68 33
57 69 24
57 70 35
57 71 40
57 72 49
57 73 42
57 74 32
57 75 40
57 76 33
57 77 22
57 78 38
57 79 38
57 80 37
57 81 25
57 82 27
58 0 42
58 1 72
58 2 41
58 3 54
58 4 46
58 5 50
58 6 58
58 7 53
58 8 53
58 9 53
58 10 51
58 11 60
58 12 36
58 13 58
58 14 65
58 15 45
58 16 30
58 17 47
58 18 41
58 19 46
58 20 54
58 21 38
58 22 24
58 23 61
58 24 49
58 25 57
58 26 60
58 27 50
58 28 50
58 29 37
58 30 42
58 31 55
58 32 38
58 33 54
58 34 56
58 35 23
58 36 54
58 37 59
58 38 61
58 39 46
58 40 68
58 41 46
58 42 15
58 43 44
58 44 48
58 45 56
58 46 45
58 47 44
58 48 42
58 49 39
58 50 53
58 51 50
58 52 38
58 53 54
58 54 53
58 55 42
58 56 40
58 57 40
58 58 100
58 59 53
58 60 40
58 61 52
58 62 52
58 63 42
58 64 51
58 65 52
58 66 57
58 67 61
58 68 62
58 69 44
58 70 45
58 71 42
58 72 58
58 73 56
58 74 52
58 75 50
58 76 44
58 77 36
58 78 50
58 79 44
58 80 59
58 81 40
58 82 46
59 0 36
59 1 47
59 2 47
59 3 41
59 4 40
59 5 41
59 6 41
59 7 38
59 8 45
59 9 32
59 10 47
59 11 37
59 12 20
59 13 42
59 14 56
59 15 50
59 16 36
59 17 37
59 18 37
59 19 30
59 20 37
59 21 37
59 22 19
59 23 51
59 24 43
59 25 39
59 26 36
59 27 51
59 28 43
59 29 41
59 30 49
59 31 43
59 32 41
59 33 52
59 34 47
59 35 31
59 36 39
59 37 49
59 38 43
59 39 44
59 40 51
59 41 43
59 42 12
59 43 52
59 44 49
59 45 46
59 46 45
59 47 45
59 48 56
59 49 59
59 50 49
59 51 40
59 52 24
59 53 37
59 54 40
59 55 49
59 56 47
59 57 40
59 58 53
59 59 100
59 60 48
59 61 30
59 62 51
59 63 30
59 64 45
59 65 46
59 66 54
59 67 36
59 68 35
59 69 27
59 70 51
59 71 51
59 72 47
59 73 47
59 74 38
59 75 47
59 76 38
59 77 28
59 78 47
59 79 58
59 80 48
59 81 45
59 82 46
60 0 36
60 1 47
60 2 43
60 3 43
60 4 29
60 5 43
60 6 40
60 7 43
60 8 39
60 9 50
60 10 49
60 11 35
60 12 51
60 13 35
60 14 56
60 15 36
60 16 34
60 17 40
60 18 38
60 19 35
60 20 35
60 21 30
60 22 29
60 23 43
60 24 39
60 25 42
60 26 31
60 27 55
60 28 33
60 29 44
60 30 54
60 31 37
60 32 41
60 33 48
60 34 42
60 35 41
60 36 42
60 37 49
60 38 34
60 39 35
60 40 44
60 41 45
60 42 17
60 43 52
60 44 45
60 45 47
60 46 32
60 47 40
60 48 36
60 49 38
60 50 40
60 51 33
60 52 40
60 53 56
60 54 49
60 55 36
60 56 48
60 57 39
60 58 40
60 59 48
60 60 99
60 61 40
60 62 32
60 63 42
60 64 45
60 65 44
60 66 46
60 67 33
60 68 28
60 69 39
60 70 43
60 71 47
60 72 43
60 73 41
60 74 52
60 75 50
60 76 39
60 77 31
60 78 46
60 79 50
60 80 43
60 81 34
60 82 40
61 0 25
61 1 47
61 2 27
61 3 40
61 4 34
61 5 35
61 6 40
61 7 36
61 8 36
61 9 39
61 10 51
61 11 39
61 12 17
61 13 34
61 14 51
61 15 30
61 16 20
61 17 43
61 18 31
61 19 29
61 20 44
61 21 31
61 22 21
61 23 43
61 24 38
61 25 49
61 26 29
61 27 38
61 28 50
61 29 28
61 30 38
61 31 42
61 32 35
61 33 40
61 34 38
61 35 20
61 36 36
61 37 56
61 38 37
61 39 30
61 40 51
61 41 39
61 42 10
61 43 34
61 44 48
61 45 45
61 46 34
61 47 29
61 48 33
61 49 34
61 50 38
61 51 25
61 52 15
61 53 29
61 54 39
61 55 32
61 56 38
61 57 19
61 58 52
61 59 30
61 60 40
61 61 100
61 62 37
61 63 57
61 64 38
61 65 42
61 66 32
61 67 58
61 68 57
61 69 48
61 70 41
61 71 34
61 72 40
61 73 36
61 74 40
61 75 52
61 76 32
61 77 39
61 78 42
61 79 41
61 80 38
61 81 33
61 82 29
62 0 31
62 1 39
62 2 37
62 3 36
62 4 37
62 5 36
62 6 46
62 7 34
62 8 46
62 9 30
62 10 46
62 11 38
62 12 23
62 13 31
62 14 48
62 15 56
62 16 35
62 17 45
62 18 33
62 19 36
62 20 41
62 21 28
62 22 14
62 23 49
62 24 50
62 25 43
62 26 36
62 27 45
62 28 41
62 29 33
62 30 33
62 31 53
62 32 37
62 33 47
62 34 44
62 35 22
62 36 31
62 37 52
62 38 46
62 39 48
62 40 55
62 41 41
62 42 10
62 43 47
62 44 50
62 45 50
62 46 48
62 47 48
62 48 48
62 49 56
62 50 49
62 51 40
62 52 23
62 53 38
62 54 39
62 55 54
62 56 37
62 57 34
62 58 52
62 59 51
62 60 32
62 61 37
62 62 99
62 63 31
62 64 36
62 65 51
62 66 45
62 67 44
62 68 46
62 69 26
62 70 42
62 71 40
62 72 40
62 73 32
62 74 31
62 75 45
62 76 33
62 77 43
62 78 53
62 79 53
62 80 53
62 81 54
62 82 35
63 0 38
63 1 37
63 2 37
63 3 39
63 4 37
63 5 35
63 6 40
63 7 40
63 8 47
63 9 31
63 10 58
63 11 41
63 12 19
63 13 25
63 14 50
63 15 33
63 16 23
63 17 51
63 18 42
63 19 33
63 20 40
63 21 27
63 22 22
63 23 43
63 24 40
63 25 35
63 26 30
63 27 44
63 28 34
63 29 39
63 30 42
63 31 38
63 32 35
63 33 33
63 34 39
63 35 24
63 36 31
63 37 49
63 38 34
63 39 25
63 40 50
63 41 37
63 42 17
63 43 34
63 44 42
63 45 40
63 46 43
63 47 29
63 48 32
63 49 32
63 50 41
63 51 25
63 52 20
63 53 31
63 54 41
63 55 32
63 56 52
63 57 31
63 58 42
63 59 30
63 60 42
63 61 57
63 62 31
63 63 100
63 64 34
63 65 44
63 66 34
63 67 40
63 68 43
63 69 31
63 70 35
63 71 33
63 72 43
63 73 37
63 74 34
63 75 44
63 76 26
63 77 30
63 78 48
63 79 40
63 80 36
63 81 30
63 82 26
64 0 41
64 1 58
64 2 41
64 3 56
64 4 36
64 5 45
64 6 58
64 7 59
64 8 49
64 9 52
64 10 37
64 11 45
64 12 39
64 13 38
64 14 46
64 15 38
64 16 27
64 17 41
64 18 42
64 19 41
64 20 49
64 21 35
64 22 20
64 23 56
64 24 46
64 25 46
64 26 38
64 27 49
64 28 25
64 29 38
64 30 45
64 31 55
64 32 37
64 33 46
64 34 57
64 35 23
64 36 37
64 37 51
64 38 55
64 39 33
64 40 58
64 41 44
64 42 19
64 43 46
64 44 39
64 45 51
64 46 32
64 47 32
64 48 37
64 49 37
64 50 32
64 51 33
64 52 30
64 53 46
64 54 42
64 55 31
64 56 34
64 57 43
64 58 51
64 59 45
64 60 45
64 61 38
64 62 36
64 63 34
64 64 100
64 65 40
64 66 49
64 67 43
64 68 35
64 69 37
64 70 33
64 71 34
64 72 50
64 73 52
64 74 58
64 75 45
64 76 50
64 77 27
64 78 39
64 79 43
64 80 46
64 81 38
64 82 41
65 0 42
65 1 41
65 2 40
65 3 38
65 4 36
65 5 36
65 6 43
65 7 40
65 8 56
65 9 45
65 10 57
65 11 36
65 12 26
65 13 35
65 14 53
65 15 46
65 16 26
65 17 54
65 18 39
65 19 36
65 20 40
65 21 36
65 22 26
65 23 55
65 24 50
65 25 48
65 26 48
65 27 49
65 28 43
65 29 37
65 30 41
65 31 42
65 32 41
65 33 42
65 34 50
65 35 25
65 36 34
65 37 56
65 38 46
65 39 45
65 40 53
65 41 46
65 42 22
65 43 49
65 44 56
65 45 57
65 46 48
65 47 45
65 48 39
65 49 46
65 50 48
65 51 42
65 52 26
65 53 46
65 54 51
65 55 44
65 56 46
65 57 48
65 58 52
65 59 46
65 60 44
65 61 42
65 62 51
65 63 44
65 64 40
65 65 100
65 66 43
65 67 43
65 68 49
65 69 36
65 70 43
65 71 38
65 72 51
65 73 33
65 74 35
65 75 46
65 76 36
65 77 38
65 78 53
65 79 51
65 80 41
65 81 42
65 82 44
66 0 38
66 1 54
66 2 39
66 3 39
66 4 36
66 5 43
66 6 46
66 7 42
66 8 58
66 9 38
66 10 46
66 11 44
66 12 33
66 13 45
66 14 61
66 15 54
66 16 38
66 17 45
66 18 37
66 19 34
66 20 45
66 21 41
66 22 18
66 23 50
66 24 38
66 25 42
66 26 47
66 27 58
66 28 36
66 29 35
66 30 40
66 31 50
66 32 42
66 33 50
66 34 50
66 35 24
66 36 42
66 37 44
66 38 45
66 39 47
66 40 58
66 41 46
66 42 7
66 43 57
66 44 48
66 45 50
66 46 54
66 47 47
66 48 47
66 49 57
66 50 51
66 51 39
66 52 29
66 53 39
66 54 52
66 55 53
66 56 44
66 57 43
66 58 57
66 59 54
66 60 46
66 61 32
66 62 45
66 63 34
66 64 49
66 65 43
66 66 99
66 67 53
66 68 46
66 69 35
66 70 50
66 71 58
66 72 50
66 73 43
66 74 47
66 75 49
66 76 42
66 77 31
66 78 47
66 79 52
66 80 69
66 81 48
66 82 44
67 0 29
67 1 48
67 2 28
67 3 35
67 4 40
67 5 36
67 6 41
67 7 41
67 8 45
67 9 34
67 10 49
67 11 39
67 12 27
67 13 40
67 14 65
67 15 42
67 16 23
67 17 42
67 18 33
67 19 28
67 20 44
67 21 33
67 22 19
67 23 51
67 24 36
67 25 51
67 26 38
67 27 43
67 28 41
67 29 21
67 30 34
67 31 51
67 32 37
67 33 43
67 34 47
67 35 16
67 36 36
67 37 55
67 38 45
67 39 41
67 40 65
67 41 42
67 42 5
67 43 40
67 44 48
67 45 52
67 46 53
67 47 33
67 48 43
67 49 43
67 50 46
67 51 29
67 52 19
67 53 37
67 54 42
67 55 44
67 56 40
67 57 30
67 58 61
67 59 36
67 60 33
67 61 58
67 62 44
67 63 40
67 64 43
67 65 43
67 66 53
67 67 100
67 68 69
67 69 42
67 70 42
67 71 37
67 72 52
67 73 35
67 74 41
67 75 52
67 76 41
67 77 32
67 78 43
67 79 45
67 80 50
67 81 43
67 82 34
68 0 34
68 1 46
68 2 29
68 3 42
68 4 41
68 5 31
68 6 44
68 7 35
68 8 51
68 9 32
68 10 49
68 11 39
68 12 24
68 13 36
68 14 61
68 15 44
68 16 24
68 17 53
68 18 35
68 19 36
68 20 49
68 21 32
68 22 23
68 23 53
68 24 44
68 25 52
68 26 45
68 27 45
68 28 45
68 29 24
68 30 31
68 31 47
68 32 40
68 33 39
68 34 49
68 35 14
68 36 37
68 37 57
68 38 53
68 39 50
68 40 66
68 41 44
68 42 10
68 43 38
68 44 48
68 45 58
68 46 54
68 47 34
68 48 41
68 49 40
68 50 46
68 51 33
68 52 22
68 53 40
68 54 45
68 55 44
68 56 39
68 57 33
68 58 62
68 59 35
68 60 28
68 61 57
68 62 46
68 63 43
68 64 35
68 65 49
68 66 46
68 67 69
68 68 100
68 69 40
68 70 44
68 71 35
68 72 50
68 73 37
68 74 37
68 75 57
68 76 39
68 77 32
68 78 47
68 79 42
68 80 43
68 81 38
68 82 33
69 0 25
69 1 41
69 2 17
69 3 33
69 4 27
69 5 32
69 6 33
69 7 32
69 8 26
69 9 36
69 10 43
69 11 32
69 12 24
69 13 41
69 14 49
69 15 24
69 16 21
69 17 34
69 18 36
69 19 19
69 20 33
69 21 25
69 22 23
69 23 34
69 24 35
69 25 37
69 26 23
69 27 34
69 28 36
69 29 26
69 30 32
69 31 32
69 32 22
69 33 32
69 34 33
69 35 15
69 36 31
69 37 43
69 38 33
69 39 21
69 40 44
69 41 28
69 42 5
69 43 31
69 44 33
69 45 36
69 46 21
69 47 18
69 48 31
69 49 25
69 50 30
69 51 26
69 52 22
69 53 30
69 54 40
69 55 27
69 56 30
69 57 24
69 58 44
69 59 27
69 60 39
69 61 48
69 62 26
69 63 31
69 64 37
69 65 36
69 66 35
69 67 42
69 68 40
69 69 99
69 70 37
69 71 39
69 72 40
69 73 27
69 74 34
69 75 53
69 76 33
69 77 33
69 78 35
69 79 33
69 80 33
69 81 21
69 82 30
70 0 31
70 1 41
70 2 37
70 3 37
70 4 37
70 5 35
70 6 33
70 7 37
70 8 43
70 9 31
70 10 44
70 11 30
70 12 24
70 13 38
70 14 57
70 15 38
70 16 31
70 17 34
70 18 31
70 19 27
70 20 42
70 21 37
70 22 27
70 23 42
70 24 35
70 25 42
70 26 34
70 27 45
70 28 43
70 29 42
70 30 34
70 31 39
70 32 28
70 33 46
70 34 42
70 35 22
70 36 35
70 37 39
70 38 44
70 39 42
70 40 49
70 41 39
70 42 4
70 43 42
70 44 49
70 45 41
70 46 37
70 47 37
70 48 40
70 49 41
70 50 41
70 51 30
70 52 22
70 53 31
70 54 32
70 55 42
70 56 38
70 57 35
70 58 45
70 59 51
70 60 43
70 61 41
70 62 42
70 63 35
70 64 33
70 65 43
70 66 50
70 67 42
70 68 44
70 69 37
70 70 100
70 71 63
70 72 42
70 73 40
70 74 33
70 75 55
70 76 38
70 77 34
70 78 43
70 79 50
70 80 47
70 81 34
70 82 32
71 0 34
71 1 43
71 2 41
71 3 27
71 4 34
71 5 36
71 6 40
71 7 35
71 8 51
71 9 28
71 10 47
71 11 39
71 12 20
71 13 37
71 14 64
71 15 52
71 16 40
71 17 43
71 18 34
71 19 27
71 20 37
71 21 31
71 22 25
71 23 42
71 24 38
71 25 32
71 26 26
71 27 53
71 28 32
71 29 38
71 30 45
71 31 44
71 32 34
71 33 45
71 34 39
71 35 30
71 36 35
71 37 41
71 38 39
71 39 40
71 40 50
71 41 40
71 42 9
71 43 49
71 44 56
71 45 42
71 46 39
71 47 42
71 48 45
71 49 56
71 50 43
71 51 34
71 52 20
71 53 33
71 54 45
71 55 56
71 56 40
71 57 40
71 58 42
71 59 51
71 60 47
71 61 34
71 62 40
71 63 33
71 64 34
71 65 38
71 66 58
71 67 37
71 68 35
71 69 39
71 70 63
71 71 100
71 72 42
71 73 40
71 74 33
71 75 58
71 76 32
71 77 30
71 78 48
71 79 53
71 80 54
71 81 42
71 82 41
72 0 55
72 1 54
72 2 42
72 3 48
72 4 53
72 5 52
72 6 61
72 7 50
72 8 55
72 9 49
72 10 49
72 11 42
72 12 36
72 13 38
72 14 57
72 15 47
72 16 33
72 17 54
72 18 55
72 19 43
72 20 51
72 21 43
72 22 32
72 23 70
72 24 51
72 25 51
72 26 43
72 27 52
72 28 50
72 29 46
72 30 42
72 31 50
72 32 41
72 33 43
72 34 62
72 35 21
72 36 42
72 37 60
72 38 52
72 39 41
72 40 61
72 41 51
72 42 16
72 43 46
72 44 45
72 45 56
72 46 46
72 47 36
72 48 40
72 49 36
72 50 41
72 51 36
72 52 27
72 53 50
72 54 52
72 55 40
72 56 50
72 57 49
72 58 58
72 59 47
72 60 43
72 61 40
72 62 40
72 63 43
72 64 50
72 65 51
72 66 50
72 67 52
72 68 50
72 69 40
72 70 42
72 71 42
72 72 100
72 73 43
72 74 40
72 75 51
72 76 40
72 77 34
72 78 50
72 79 47
72 80 48
72 81 37
72 82 39
73 0 45
73 1 54
73 2 46
73 3 50
73 4 38
73 5 53
73 6 53
73 7 50
73 8 44
73 9 33
73 10 44
73 11 64
73 12 17
73 13 30
73 14 53
73 15 22
73 16 22
73 17 32
73 18 39
73 19 39
73 20 52
73 21 36
73 22 26
73 23 43
73 24 39
73 25 39
73 26 31
73 27 46
73 28 30
73 29 40
73 30 45
73 31 50
73 32 23
73 33 51
73 34 54
73 35 26
73 36 34
73 37 43
73 38 50
73 39 28
73 40 57
73 41 41
73 42 14
73 43 40
73 44 44
73 45 40
73 46 23
73 47 35
73 48 21
73 49 21
73 50 26
73 51 27
73 52 28
73 53 37
73 54 33
73 55 24
73 56 33
73 57 42
73 58 56
73 59 47
73 60 41
73 61 36
73 62 32
73 63 37
73 64 52
73 65 33
73 66 43
73 67 35
73 68 37
73 69 27
73 70 40
73 71 40
73 72 43
73 73 99
73 74 41
73 75 44
73 76 42
73 77 23
73 78 32
73 79 36
73 80 56
73 81 23
73 82 26
74 0 31
74 1 66
74 2 34
74 3 40
74 4 27
74 5 33
74 6 45
74 7 48
74 8 44
74 9 57
74 10 40
74 11 41
74 12 66
74 13 50
74 14 54
74 15 39
74 16 27
74 17 42
74 18 36
74 19 40
74 20 39
74 21 36
74 22 17
74 23 48
74 24 37
74 25 49
74 26 43
74 27 47
74 28 36
74 29 34
74 30 48
74 31 34
74 32 37
74 33 45
74 34 44
74 35 26
74 36 44
74 37 46
74 38 45
74 39 34
74 40 45
74 41 41
74 42 11
74 43 39
74 44 35
74 45 48
74 46 41
74 47 38
74 48 43
74 49 36
74 50 42
74 51 40
74 52 49
74 53 57
74 54 51
74 55 34
74 56 44
74 57 32
74 58 52
74 59 38
74 60 52
74 61 40
74 62 31
74 63 34
74 64 58
74 65 35
74 66 47
74 67 41
74 68 37
74 69 34
74 70 33
74 71 33
74 72 40
74 73 41
74 74 100
74 75 43
74 76 38
74 77 30
74 78 45
74 79 42
74 80 38
74 81 40
74 82 45
75 0 35
75 1 48
75 2 37
75 3 40
75 4 34
75 5 34
75 6 42
75 7 37
75 8 47
75 9 45
75 10 55
75 11 39
75 12 31
75 13 41
75 14 68
75 15 46
75 16 37
75 17 46
75 18 36
75 19 37
75 20 47
75 21 39
75 22 27
75 23 49
75 24 45
75 25 42
75 26 34
75 27 57
75 28 42
75 29 38
75 30 37
75 31 47
75 32 41
75 33 51
75 34 49
75 35 32
75 36 38
75 37 59
75 38 48
75 39 49
75 40 57
75 41 48
75 42 14
75 43 54
75 44 54
75 45 57
75 46 47
75 47 42
75 48 53
75 49 48
75 50 43
75 51 34
75 52 23
75 53 36
75 54 48
75 55 47
75 56 49
75 57 40
75 58 50
75 59 47
75 60 50
75 61 52
75 62 45
75 63 44
75 64 45
75 65 46
75 66 49
75 67 52
75 68 57
75 69 53
75 70 55
75 71 58
75 72 51
75 73 44
75 74 43
75 75 100
75 76 41
75 77 37
75 78 58
75 79 58
75 80 50
75 81 46
75 82 40
76 0 54
76 1 50
76 2 54
76 3 43
76 4 41
76 5 39
76 6 52
76 7 41
76 8 47
76 9 45
76 10 37
76 11 40
76 12 35
76 13 37
76 14 42
76 15 39
76 16 33
76 17 42
76 18 48
76 19 47
76 20 49
76 21 25
76 22 21
76 23 42
76 24 46
76 25 60
76 26 38
76 27 51
76 28 39
76 29 37
76 30 38
76 31 43
76 32 49
76 33 62
76 34 51
76 35 36
76 36 36
76 37 45
76 38 53
76 39 47
76 40 49
76 41 49
76 42 24
76 43 58
76 44 41
76 45 50
76 46 31
76 47 49
76 48 28
76 49 34
76 50 35
76 51 35
76 52 34
76 53 38
76 54 37
76 55 25
76 56 27
76 57 33
76 58 44
76 59 38
76 60 39
76 61 32
76 62 33
76 63 26
76 64 50
76 65 36
76 66 42
76 67 41
76 68 39
76 69 33
76 70 38
76 71 32
76 72 40
76 73 42
76 74 38
76 75 41
76 76 99
76 77 53
76 78 53
76 79 48
76 80 39
76 81 39
76 82 41
77 0 36
77 1 36
77 2 43
77 3 33
77 4 29
77 5 25
77 6 37
77 7 21
77 8 36
77 9 29
77 10 45
77 11 31
77 12 22
77 13 28
77 14 38
77 15 42
77 16 28
77 17 37
77 18 37
77 19 46
77 20 32
77 21 20
77 22 7
77 23 34
77 24 42
77 25 53
77 26 28
77 27 40
77 28 41
77 29 27
77 30 28
77 31 41
77 32 47
77 33 40
77 34 35
77 35 38
77 36 37
77 37 38
77 38 46
77 39 37
77 40 38
77 41 40
77 42 21
77 43 49
77 44 41
77 45 52
77 46 35
77 47 45
77 48 36
77 49 38
77 50 41
77 51 37
77 52 16
77 53 26
77 54 32
77 55 34
77 56 27
77 57 22
77 58 36
77 59 28
77 60 31
77 61 39
77 62 43
77 63 30
77 64 27
77 65 38
77 66 31
77 67 32
77 68 32
77 69 33
77 70 34
77 71 30
77 72 34
77 73 23
77 74 30
77 75 37
77 76 53
77 77 99
77 78 55
77 79 45
77 80 35
77 81 44
77 82 27
78 0 55
78 1 47
78 2 57
78 3 53
78 4 50
78 5 38
78 6 56
78 7 39
78 8 62
78 9 43
78 10 59
78 11 38
78 12 36
78 13 39
78 14 58
78 15 63
78 16 45
78 17 66
78 18 57
78 19 60
78 20 50
78 21 36
78 22 23
78 23 55
78 24 68
78 25 54
78 26 51
78 27 56
78 28 46
78 29 44
78 30 48
78 31 50
78 32 54
78 33 55
78 34 60
78 35 37
78 36 45
78 37 66
78 38 59
78 39 55
78 40 59
78 41 60
78 42 22
78 43 63
78 44 51
78 45 64
78 46 64
78 47 54
78 48 56
78 49 58
78 50 60
78 51 46
78 52 33
78 53 47
78 54 53
78 55 47
78 56 49
78 57 38
78 58 50
78 59 47
78 60 46
78 61 42
78 62 53
78 63 48
78 64 39
78 65 53
78 66 47
78 67 43
78 68 47
78 69 35
78 70 43
78 71 48
78 72 50
78 73 32
78 74 45
78 75 58
78 76 53
78 77 55
78 78 100
78 79 61
78 80 49
78 81 55
78 82 56
79 0 40
79 1 48
79 2 53
79 3 42
79 4 38
79 5 27
79 6 46
79 7 29
79 8 52
79 9 36
79 10 57
79 11 40
79 12 30
79 13 45
79 14 58
79 15 55
79 16 39
79 17 56
79 18 46
79 19 35
79 20 41
79 21 35
79 22 21
79 23 47
79 24 46
79 25 47
79 26 44
79 27 61
79 28 44
79 29 39
79 30 48
79 31 51
79 32 55
79 33 57
79 34 50
79 35 42
79 36 49
79 37 58
79 38 44
79 39 58
79 40 58
79 41 54
79 42 19
79 43 61
79 44 63
79 45 56
79 46 51
79 47 55
79 48 56
79 49 68
79 50 57
79 51 44
79 52 28
79 53 37
79 54 51
79 55 54
79 56 46
79 57 38
79 58 44
79 59 58
79 60 50
79 61 41
79 62 53
79 63 40
79 64 43
79 65 51
79 66 52
79 67 45
79 68 42
79 69 33
79 70 50
79 71 53
79 72 47
79 73 36
79 74 42
79 75 58
79 76 48
79 77 45
79 78 61
79 79 99
79 80 51
79 81 63
79 82 48
80 0 37
80 1 50
80 2 41
80 3 43
80 4 37
80 5 49
80 6 51
80 7 50
80 8 49
80 9 25
80 10 47
80 11 48
80 12 22
80 13 37
80 14 63
80 15 44
80 16 41
80 17 39
80 18 36
80 19 42
80 20 41
80 21 38
80 22 23
80 23 45
80 24 41
80 25 37
80 26 31
80 27 52
80 28 31
80 29 36
80 30 39
80 31 56
80 32 34
80 33 51
80 34 48
80 35 31
80 36 39
80 37 51
80 38 49
80 39 46
80 40 72
80 41 49
80 42 11
80 43 56
80 44 62
80 45 53
80 46 46
80 47 48
80 48 41
80 49 47
80 50 50
80 51 34
80 52 21
80 53 41
80 54 41
80 55 44
80 56 37
80 57 37
80 58 59
80 59 48
80 60 43
80 61 38
80 62 53
80 63 36
80 64 46
80 65 41
80 66 69
80 67 50
80 68 43
80 69 33
80 70 47
80 71 54
80 72 48
80 73 56
80 74 38
80 75 50
80 76 39
80 77 35
80 78 49
80 79 51
80 80 100
80 81 46
80 82 31
81 0 32
81 1 40
81 2 39
81 3 34
81 4 30
81 5 19
81 6 37
81 7 26
81 8 51
81 9 31
81 10 43
81 11 27
81 12 25
81 13 43
81 14 48
81 15 61
81 16 33
81 17 48
81 18 32
81 19 37
81 20 33
81 21 29
81 22 9
81 23 43
81 24 40
81 25 43
81 26 39
81 27 54
81 28 32
81 29 21
81 30 36
81 31 51
81 32 51
81 33 43
81 34 43
81 35 30
81 36 40
81 37 46
81 38 42
81 39 59
81 40 47
81 41 43
81 42 24
81 43 46
81 44 49
81 45 52
81 46 57
81 47 53
81 48 61
81 49 66
81 50 53
81 51 38
81 52 24
81 53 34
81 54 42
81 55 65
81 56 39
81 57 25
81 58 40
81 59 45
81 60 34
81 61 33
81 62 54
81 63 30
81 64 38
81 65 42
81 66 48
81 67 43
81 68 38
81 69 21
81 70 34
81 71 42
81 72 37
81 73 23
81 74 40
81 75 46
81 76 39
81 77 44
81 78 55
81 79 63
81 80 46
81 81 99
81 82 45
82 0 44
82 1 50
82 2 47
82 3 49
82 4 42
82 5 31
82 6 49
82 7 37
82 8 55
82 9 57
82 10 50
82 11 30
82 12 37
82 13 61
82 14 48
82 15 48
82 16 32
82 17 59
82 18 45
82 19 47
82 20 46
82 21 30
82 22 16
82 23 47
82 24 52
82 25 44
82 26 53
82 27 47
82 28 37
82 29 36
82 30 42
82 31 37
82 32 41
82 33 52
82 34 48
82 35 24
82 36 37
82 37 55
82 38 47
82 39 40
82 40 46
82 41 45
82 42 11
82 43 48
82 44 35
82 45 48
82 46 46
82 47 39
82 48 41
82 49 48
82 50 45
82 51 46
82 52 37
82 53 43
82 54 50
82 55 43
82 56 40
82 57 27
82 58 46
82 59 46
82 60 40
82 61 29
82 62 35
82 63 26
82 64 41
82 65 44
82 66 44
82 67 34
82 68 33
82 69 30
82 70 32
82 71 41
82 72 39
82 73 26
82 74 45
82 75 40
82 76 41
82 77 27
82 78 56
82 79 48
82 80 31
82 81 45
82 82 99
