0 0 99
0 1 56
0 2 75
0 3 65
0 4 52
0 5 60
0 6 77
0 7 83
0 8 58
0 9 55
0 10 64
0 11 61
0 12 60
0 13 50
0 14 48
0 15 78
0 16 61
0 17 77
0 18 66
0 19 59
0 20 66
0 21 52
0 22 67
0 23 37
0 24 65
0 25 64
0 26 46
0 27 64
0 28 63
0 29 62
0 30 54
0 31 57
0 32 61
0 33 55
0 34 67
0 35 57
0 36 58
0 37 41
0 38 40
0 39 52
0 40 59
0 41 52
0 42 49
0 43 45
1 0 56
1 1 100
1 2 58
1 3 51
1 4 58
1 5 44
1 6 51
1 7 81
1 8 53
1 9 56
1 10 46
1 11 41
1 12 38
1 13 44
1 14 39
1 15 60
1 16 50
1 17 59
1 18 44
1 19 40
1 20 47
1 21 42
1 22 48
1 23 37
1 24 58
1 25 41
1 26 39
1 27 46
1 28 49
1 29 50
1 30 41
1 31 48
1 32 51
1 33 60
1 34 57
1 35 53
1 36 43
1 37 43
1 38 47
1 39 48
1 40 61
1 41 41
1 42 48
1 43 31
2 0 75
2 1 58
2 2 100
2 3 57
2 4 52
2 5 53
2 6 69
2 7 71
2 8 51
2 9 58
2 10 62
2 11 56
2 12 58
2 13 41
2 14 48
2 15 97
2 16 59
2 17 69
2 18 65
2 19 44
2 20 65
2 21 57
2 22 58
2 23 35
2 24 58
2 25 61
2 26 46
2 27 60
2 28 66
2 29 67
2 30 52
2 31 66
2 32 59
2 33 65
2 34 76
2 35 57
2 36 63
2 37 42
2 38 53
2 39 48
2 40 55
2 41 49
2 42 68
2 43 47
3 0 65
3 1 51
3 2 57
3 3 99
3 4 52
3 5 32
3 6 50
3 7 65
3 8 58
3 9 45
3 10 43
3 11 43
3 12 61
3 13 61
3 14 61
3 15 56
3 16 50
3 17 63
3 18 67
3 19 69
3 20 69
3 21 50
3 22 56
3 23 44
3 24 59
3 25 43
3 26 25
3 27 50
3 28 55
3 29 51
3 30 54
3 31 52
3 32 57
3 33 67
3 34 55
3 35 59
3 36 57
3 37 48
3 38 42
3 39 32
3 40 54
3 41 46
3 42 47
3 43 32
4 0 52
4 1 58
4 2 52
4 3 52
4 4 100
4 5 37
4 6 50
4 7 63
4 8 55
4 9 47
4 10 36
4 11 39
4 12 39
4 13 40
4 14 35
4 15 52
4 16 43
4 17 46
4 18 50
4 19 37
4 20 47
4 21 36
4 22 41
4 23 34
4 24 43
4 25 35
4 26 29
4 27 46
4 28 42
4 29 42
4 30 33
4 31 44
4 32 41
4 33 52
4 34 49
4 35 41
4 36 41
4 37 31
4 38 41
4 39 40
4 40 87
4 41 37
4 42 40
4 43 29
5 0 60
5 1 44
5 2 53
5 3 32
5 4 37
5 5 99
5 6 56
5 7 57
5 8 43
5 9 32
5 10 51
5 11 47
5 12 35
5 13 34
5 14 34
5 15 54
5 16 45
5 17 53
5 18 44
5 19 33
5 20 41
5 21 29
5 22 45
5 23 20
5 24 45
5 25 48
5 26 45
5 27 56
5 28 37
5 29 47
5 30 32
5 31 37
5 32 40
5 33 37
5 34 43
5 35 43
5 36 34
5 37 35
5 38 24
5 39 51
5 40 43
5 41 51
5 42 31
5 43 27
6 0 77
6 1 51
6 2 69
6 3 50
6 4 50
6 5 56
6 6 100
6 7 63
6 8 50
6 9 56
6 10 54
6 11 57
6 12 42
6 13 40
6 14 39
6 15 70
6 16 55
6 17 57
6 18 52
6 19 40
6 20 56
6 21 54
6 22 43
6 23 30
6 24 50
6 25 55
6 26 42
6 27 52
6 28 52
6 29 51
6 30 38
6 31 55
6 32 53
6 33 55
6 34 64
6 35 47
6 36 60
6 37 40
6 38 43
6 39 46
6 40 53
6 41 45
6 42 49
6 43 46
7 0 83
7 1 81
7 2 71
7 3 65
7 4 63
7 5 57
7 6 63
7 7 100
7 8 58
7 9 63
7 10 55
7 11 54
7 12 53
7 13 53
7 14 50
7 15 74
7 16 58
7 17 77
7 18 66
7 19 52
7 20 64
7 21 49
7 22 64
7 23 46
7 24 68
7 25 61
7 26 49
7 27 63
7 28 65
7 29 61
7 30 52
7 31 59
7 32 64
7 33 63
7 34 69
7 35 59
7 36 54
7 37 45
7 38 45
7 39 61
7 40 71
7 41 51
7 42 52
7 43 36
8 0 58
8 1 53
8 2 51
8 3 58
8 4 55
8 5 43
8 6 50
8 7 58
8 8 99
8 9 52
8 10 39
8 11 53
8 12 48
8 13 57
8 14 47
8 15 56
8 16 59
8 17 47
8 18 46
8 19 55
8 20 58
8 21 50
8 22 47
8 23 35
8 24 60
8 25 43
8 26 34
8 27 49
8 28 43
8 29 48
8 30 51
8 31 48
8 32 54
8 33 60
8 34 54
8 35 61
8 36 47
8 37 42
8 38 41
8 39 35
8 40 51
8 41 58
8 42 44
8 43 42
9 0 55
9 1 56
9 2 58
9 3 45
9 4 47
9 5 32
9 6 56
9 7 63
9 8 52
9 9 99
9 10 42
9 11 42
9 12 43
9 13 35
9 14 39
9 15 61
9 16 48
9 17 48
9 18 47
9 19 29
9 20 51
9 21 60
9 22 45
9 23 46
9 24 44
9 25 46
9 26 37
9 27 41
9 28 49
9 29 51
9 30 52
9 31 57
9 32 58
9 33 58
9 34 65
9 35 48
9 36 70
9 37 45
9 38 52
9 39 48
9 40 51
9 41 38
9 42 53
9 43 53
10 0 64
10 1 46
10 2 62
10 3 43
10 4 36
10 5 51
10 6 54
10 7 55
10 8 39
10 9 42
10 10 99
10 11 58
10 12 54
10 13 33
10 14 45
10 15 61
10 16 44
10 17 56
10 18 53
10 19 39
10 20 46
10 21 48
10 22 55
10 23 25
10 24 43
10 25 57
10 26 47
10 27 53
10 28 48
10 29 52
10 30 47
10 31 50
10 32 53
10 33 36
10 34 54
10 35 45
10 36 50
10 37 38
10 38 36
10 39 46
10 40 41
10 41 43
10 42 43
10 43 40
11 0 61
11 1 41
11 2 56
11 3 43
11 4 39
11 5 47
11 6 57
11 7 54
11 8 53
11 9 42
11 10 58
11 11 100
11 12 47
11 13 36
11 14 54
11 15 57
11 16 41
11 17 47
11 18 50
11 19 40
11 20 52
11 21 52
11 22 53
11 23 30
11 24 43
11 25 65
11 26 46
11 27 50
11 28 39
11 29 49
11 30 39
11 31 43
11 32 46
11 33 43
11 34 48
11 35 42
11 36 46
11 37 38
11 38 30
11 39 38
11 40 44
11 41 40
11 42 37
11 43 45
12 0 60
12 1 38
12 2 58
12 3 61
12 4 39
12 5 35
12 6 42
12 7 53
12 8 48
12 9 43
12 10 54
12 11 47
12 12 100
12 13 45
12 14 53
12 15 57
12 16 38
12 17 54
12 18 74
12 19 48
12 20 61
12 21 49
12 22 76
12 23 31
12 24 40
12 25 43
12 26 36
12 27 41
12 28 45
12 29 58
12 30 46
12 31 39
12 32 45
12 33 43
12 34 51
12 35 52
12 36 46
12 37 34
12 38 30
12 39 33
12 40 41
12 41 48
12 42 48
12 43 30
13 0 50
13 1 44
13 2 41
13 3 61
13 4 40
13 5 34
13 6 40
13 7 53
13 8 57
13 9 35
13 10 33
13 11 36
13 12 45
13 13 99
13 14 42
13 15 45
13 16 59
13 17 50
13 18 46
13 19 58
13 20 60
13 21 43
13 22 44
13 23 30
13 24 60
13 25 37
13 26 27
13 27 49
13 28 50
13 29 47
13 30 54
13 31 43
13 32 54
13 33 51
13 34 46
13 35 64
13 36 41
13 37 38
13 38 35
13 39 31
13 40 42
13 41 63
13 42 40
13 43 27
14 0 48
14 1 39
14 2 48
14 3 61
14 4 35
14 5 34
14 6 39
14 7 50
14 8 47
14 9 39
14 10 45
14 11 54
14 12 53
14 13 42
14 14 100
14 15 46
14 16 38
14 17 53
14 18 54
14 19 42
14 20 52
14 21 53
14 22 50
14 23 36
14 24 38
14 25 50
14 26 27
14 27 47
14 28 42
14 29 54
14 30 54
14 31 50
14 32 48
14 33 57
14 34 43
14 35 45
14 36 52
14 37 52
14 38 36
14 39 43
14 40 37
14 41 45
14 42 42
14 43 39
15 0 78
15 1 60
15 2 97
15 3 56
15 4 52
15 5 54
15 6 70
15 7 74
15 8 56
15 9 61
15 10 61
15 11 57
15 12 57
15 13 45
15 14 46
15 15 99
15 16 63
15 17 69
15 18 62
15 19 46
15 20 67
15 21 59
15 22 57
15 23 38
15 24 61
15 25 65
15 26 48
15 27 62
15 28 67
15 29 65
15 30 55
15 31 67
15 32 64
15 33 64
15 34 77
15 35 59
15 36 62
15 37 42
15 38 54
15 39 52
15 40 55
15 41 50
15 42 68
15 43 50
16 0 61
16 1 50
16 2 59
16 3 50
16 4 43
16 5 45
16 6 55
16 7 58
16 8 59
16 9 48
16 10 44
16 11 41
16 12 38
16 13 59
16 14 38
16 15 63
16 16 100
16 17 50
16 18 44
16 19 49
16 20 55
16 21 53
16 22 44
16 23 31
16 24 62
16 25 46
16 26 40
16 27 57
16 28 54
16 29 52
16 30 57
16 31 57
16 32 63
16 33 56
16 34 56
16 35 60
16 36 50
16 37 40
16 38 44
16 39 40
16 40 46
16 41 61
16 42 46
16 43 42
17 0 77
17 1 59
17 2 69
17 3 63
17 4 46
17 5 53
17 6 57
17 7 77
17 8 47
17 9 48
17 10 56
17 11 47
17 12 54
17 13 50
17 14 53
17 15 69
17 16 50
17 17 100
17 18 64
17 19 53
17 20 58
17 21 46
17 22 62
17 23 37
17 24 61
17 25 57
17 26 52
17 27 65
17 28 63
17 29 66
17 30 53
17 31 51
17 32 56
17 33 52
17 34 66
17 35 56
17 36 56
17 37 40
17 38 38
17 39 49
17 40 55
17 41 50
17 42 53
17 43 31
18 0 66
18 1 44
18 2 65
18 3 67
18 4 50
18 5 44
18 6 52
18 7 66
18 8 46
18 9 47
18 10 53
18 11 50
18 12 74
18 13 46
18 14 54
18 15 62
18 16 44
18 17 64
18 18 100
18 19 51
18 20 71
18 21 44
18 22 79
18 23 26
18 24 51
18 25 52
18 26 39
18 27 51
18 28 55
18 29 64
18 30 44
18 31 47
18 32 51
18 33 51
18 34 58
18 35 57
18 36 58
18 37 37
18 38 26
18 39 34
18 40 55
18 41 48
18 42 52
18 43 29
19 0 59
19 1 40
19 2 44
19 3 69
19 4 37
19 5 33
19 6 40
19 7 52
19 8 55
19 9 29
19 10 39
19 11 40
19 12 48
19 13 58
19 14 42
19 15 46
19 16 49
19 17 53
19 18 51
19 19 100
19 20 61
19 21 40
19 22 54
19 23 36
19 24 62
19 25 38
19 26 28
19 27 53
19 28 45
19 29 41
19 30 46
19 31 37
19 32 50
19 33 42
19 34 44
19 35 53
19 36 37
19 37 32
19 38 29
19 39 22
19 40 39
19 41 47
19 42 34
19 43 26
20 0 66
20 1 47
20 2 65
20 3 69
20 4 47
20 5 41
20 6 56
20 7 64
20 8 58
20 9 51
20 10 46
20 11 52
20 12 61
20 13 60
20 14 52
20 15 67
20 16 55
20 17 58
20 18 71
20 19 61
20 20 99
20 21 59
20 22 59
20 23 36
20 24 59
20 25 54
20 26 34
20 27 52
20 28 59
20 29 57
20 30 54
20 31 53
20 32 62
20 33 59
20 34 63
20 35 63
20 36 61
20 37 45
20 38 44
20 39 39
20 40 50
20 41 53
20 42 53
20 43 41
21 0 52
21 1 42
21 2 57
21 3 50
21 4 36
21 5 29
21 6 54
21 7 49
21 8 50
21 9 60
21 10 48
21 11 52
21 12 49
21 13 43
21 14 53
21 15 59
21 16 53
21 17 46
21 18 44
21 19 40
21 20 59
21 21 100
21 22 44
21 23 41
21 24 41
21 25 51
21 26 31
21 27 44
21 28 51
21 29 47
21 30 56
21 31 60
21 32 60
21 33 57
21 34 56
21 35 46
21 36 61
21 37 50
21 38 56
21 39 39
21 40 35
21 41 41
21 42 49
21 43 52
22 0 67
22 1 48
22 2 58
22 3 56
22 4 41
22 5 45
22 6 43
22 7 64
22 8 47
22 9 45
22 10 55
22 11 53
22 12 76
22 13 44
22 14 50
22 15 57
22 16 44
22 17 62
22 18 79
22 19 54
22 20 59
22 21 44
22 22 100
22 23 33
22 24 54
22 25 52
22 26 45
22 27 58
22 28 49
22 29 66
22 30 52
22 31 39
22 32 56
22 33 42
22 34 59
22 35 55
22 36 47
22 37 36
22 38 25
22 39 31
22 40 50
22 41 51
22 42 49
22 43 33
23 0 37
23 1 37
23 2 35
23 3 44
23 4 34
23 5 20
23 6 30
23 7 46
23 8 35
23 9 46
23 10 25
23 11 30
23 12 31
23 13 30
23 14 36
23 15 38
23 16 31
23 17 37
23 18 26
23 19 36
23 20 36
23 21 41
23 22 33
23 23 99
23 24 28
23 25 29
23 26 23
23 27 41
23 28 35
23 29 34
23 30 38
23 31 40
23 32 46
23 33 36
23 34 45
23 35 29
23 36 37
23 37 30
23 38 40
23 39 45
23 40 35
23 41 24
23 42 34
23 43 36
24 0 65
24 1 58
24 2 58
24 3 59
24 4 43
24 5 45
24 6 50
24 7 68
24 8 60
24 9 44
24 10 43
24 11 43
24 12 40
24 13 60
24 14 38
24 15 61
24 16 62
24 17 61
24 18 51
24 19 62
24 20 59
24 21 41
24 22 54
24 23 28
24 24 100
24 25 51
24 26 41
24 27 59
24 28 58
24 29 52
24 30 54
24 31 45
24 32 62
24 33 56
24 34 60
24 35 64
24 36 46
24 37 36
24 38 28
24 39 31
24 40 51
24 41 53
24 42 45
24 43 30
25 0 64
25 1 41
25 2 61
25 3 43
25 4 35
25 5 48
25 6 55
25 7 61
25 8 43
25 9 46
25 10 57
25 11 65
25 12 43
25 13 37
25 14 50
25 15 65
25 16 46
25 17 57
25 18 52
25 19 38
25 20 54
25 21 51
25 22 52
25 23 29
25 24 51
25 25 100
25 26 64
25 27 59
25 28 50
25 29 53
25 30 46
25 31 53
25 32 50
25 33 47
25 34 54
25 35 49
25 36 49
25 37 36
25 38 37
25 39 52
25 40 44
25 41 39
25 42 44
25 43 44
26 0 46
26 1 39
26 2 46
26 3 25
26 4 29
26 5 45
26 6 42
26 7 49
26 8 34
26 9 37
26 10 47
26 11 46
26 12 36
26 13 27
26 14 27
26 15 48
26 16 40
26 17 52
26 18 39
26 19 28
26 20 34
26 21 31
26 22 45
26 23 23
26 24 41
26 25 64
26 26 99
26 27 61
26 28 41
26 29 58
26 30 40
26 31 36
26 32 51
26 33 27
26 34 50
26 35 41
26 36 38
26 37 33
26 38 24
26 39 35
26 40 43
26 41 36
26 42 36
26 43 32
27 0 64
27 1 46
27 2 60
27 3 50
27 4 46
27 5 56
27 6 52
27 7 63
27 8 49
27 9 41
27 10 53
27 11 50
27 12 41
27 13 49
27 14 47
27 15 62
27 16 57
27 17 65
27 18 51
27 19 53
27 20 52
27 21 44
27 22 58
27 23 41
27 24 59
27 25 59
27 26 61
27 27 99
27 28 56
27 29 64
27 30 59
27 31 50
27 32 65
27 33 45
27 34 58
27 35 56
27 36 44
27 37 42
27 38 37
27 39 48
27 40 55
27 41 53
27 42 48
27 43 39
28 0 63
28 1 49
28 2 66
28 3 55
28 4 42
28 5 37
28 6 52
28 7 65
28 8 43
28 9 49
28 10 48
28 11 39
28 12 45
28 13 50
28 14 42
28 15 67
28 16 54
28 17 63
28 18 55
28 19 45
28 20 59
28 21 51
28 22 49
28 23 35
28 24 58
28 25 50
28 26 41
28 27 56
28 28 99
28 29 63
28 30 57
28 31 64
28 32 59
28 33 55
28 34 68
28 35 53
28 36 57
28 37 31
28 38 34
28 39 34
28 40 50
28 41 41
28 42 51
28 43 32
29 0 62
29 1 50
29 2 67
29 3 51
29 4 42
29 5 47
29 6 51
29 7 61
29 8 48
29 9 51
29 10 52
29 11 49
29 12 58
29 13 47
29 14 54
29 15 65
29 16 52
29 17 66
29 18 64
29 19 41
29 20 57
29 21 47
29 22 66
29 23 34
29 24 52
29 25 53
29 26 58
29 27 64
29 28 63
29 29 99
29 30 62
29 31 53
29 32 61
29 33 51
29 34 69
29 35 55
29 36 56
29 37 43
29 38 35
29 39 37
29 40 51
29 41 51
29 42 58
29 43 38
30 0 54
30 1 41
30 2 52
30 3 54
30 4 33
30 5 32
30 6 38
30 7 52
30 8 51
30 9 52
30 10 47
30 11 39
30 12 46
30 13 54
30 14 54
30 15 55
30 16 57
30 17 53
30 18 44
30 19 46
30 20 54
30 21 56
30 22 52
30 23 38
30 24 54
30 25 46
30 26 40
30 27 59
30 28 57
30 29 62
30 30 99
30 31 61
30 32 77
30 33 57
30 34 62
30 35 58
30 36 61
30 37 50
30 38 41
30 39 29
30 40 36
30 41 51
30 42 49
30 43 50
31 0 57
31 1 48
31 2 66
31 3 52
31 4 44
31 5 37
31 6 55
31 7 59
31 8 48
31 9 57
31 10 50
31 11 43
31 12 39
31 13 43
31 14 50
31 15 67
31 16 57
31 17 51
31 18 47
31 19 37
31 20 53
31 21 60
31 22 39
31 23 40
31 24 45
31 25 53
31 26 36
31 27 50
31 28 64
31 29 53
31 30 61
31 31 100
31 32 63
31 33 64
31 34 66
31 35 51
31 36 68
31 37 53
31 38 57
31 39 39
31 40 44
31 41 43
31 42 49
31 43 57
32 0 61
32 1 51
32 2 59
32 3 57
32 4 41
32 5 40
32 6 53
32 7 64
32 8 54
32 9 58
32 10 53
32 11 46
32 12 45
32 13 54
32 14 48
32 15 64
32 16 63
32 17 56
32 18 51
32 19 50
32 20 62
32 21 60
32 22 56
32 23 46
32 24 62
32 25 50
32 26 51
32 27 65
32 28 59
32 29 61
32 30 77
32 31 63
32 32 100
32 33 57
32 34 67
32 35 61
32 36 64
32 37 55
32 38 49
32 39 37
32 40 48
32 41 54
32 42 51
32 43 52
33 0 55
33 1 60
33 2 65
33 3 67
33 4 52
33 5 37
33 6 55
33 7 63
33 8 60
33 9 58
33 10 36
33 11 43
33 12 43
33 13 51
33 14 57
33 15 64
33 16 56
33 17 52
33 18 51
33 19 42
33 20 59
33 21 57
33 22 42
33 23 36
33 24 56
33 25 47
33 26 27
33 27 45
33 28 55
33 29 51
33 30 57
33 31 64
33 32 57
33 33 100
33 34 61
33 35 60
33 36 59
33 37 55
33 38 53
33 39 40
33 40 51
33 41 51
33 42 56
33 43 42
34 0 67
34 1 57
34 2 76
34 3 55
34 4 49
34 5 43
34 6 64
34 7 69
34 8 54
34 9 65
34 10 54
34 11 48
34 12 51
34 13 46
34 14 43
34 15 77
34 16 56
34 17 66
34 18 58
34 19 44
34 20 63
34 21 56
34 22 59
34 23 45
34 24 60
34 25 54
34 26 50
34 27 58
34 28 68
34 29 69
34 30 62
34 31 66
34 32 67
34 33 61
34 34 99
34 35 57
34 36 71
34 37 44
34 38 48
34 39 38
34 40 55
34 41 46
34 42 70
34 43 49
35 0 57
35 1 53
35 2 57
35 3 59
35 4 41
35 5 43
35 6 47
35 7 59
35 8 61
35 9 48
35 10 45
35 11 42
35 12 52
35 13 64
35 14 45
35 15 59
35 16 60
35 17 56
35 18 57
35 19 53
35 20 63
35 21 46
35 22 55
35 23 29
35 24 64
35 25 49
35 26 41
35 27 56
35 28 53
35 29 55
35 30 58
35 31 51
35 32 61
35 33 60
35 34 57
35 35 99
35 36 53
35 37 49
35 38 40
35 39 35
35 40 47
35 41 65
35 42 49
35 43 34
36 0 58
36 1 43
36 2 63
36 3 57
36 4 41
36 5 34
36 6 60
36 7 54
36 8 47
36 9 70
36 10 50
36 11 46
36 12 46
36 13 41
36 14 52
36 15 62
36 16 50
36 17 56
36 18 58
36 19 37
36 20 61
36 21 61
36 22 47
36 23 37
36 24 46
36 25 49
36 26 38
36 27 44
36 28 57
36 29 56
36 30 61
36 31 68
36 32 64
36 33 59
36 34 71
36 35 53
36 36 100
36 37 54
36 38 47
36 39 34
36 40 43
36 41 41
36 42 56
36 43 57
37 0 41
37 1 43
37 2 42
37 3 48
37 4 31
37 5 35
37 6 40
37 7 45
37 8 42
37 9 45
37 10 38
37 11 38
37 12 34
37 13 38
37 14 52
37 15 42
37 16 40
37 17 40
37 18 37
37 19 32
37 20 45
37 21 50
37 22 36
37 23 30
37 24 36
37 25 36
37 26 33
37 27 42
37 28 31
37 29 43
37 30 50
37 31 53
37 32 55
37 33 55
37 34 44
37 35 49
37 36 54
37 37 100
37 38 51
37 39 33
37 40 35
37 41 46
37 42 39
37 43 50
38 0 40
38 1 47
38 2 53
38 3 42
38 4 41
38 5 24
38 6 43
38 7 45
38 8 41
38 9 52
38 10 36
38 11 30
38 12 30
38 13 35
38 14 36
38 15 54
38 16 44
38 17 38
38 18 26
38 19 29
38 20 44
38 21 56
38 22 25
38 23 40
38 24 28
38 25 37
38 26 24
38 27 37
38 28 34
38 29 35
38 30 41
38 31 57
38 32 49
38 33 53
38 34 48
38 35 40
38 36 47
38 37 51
38 38 99
38 39 47
38 40 35
38 41 30
38 42 41
38 43 53
39 0 52
39 1 48
39 2 48
39 3 32
39 4 40
39 5 51
39 6 46
39 7 61
39 8 35
39 9 48
39 10 46
39 11 38
39 12 33
39 13 31
39 14 43
39 15 52
39 16 40
39 17 49
39 18 34
39 19 22
39 20 39
39 21 39
39 22 31
39 23 45
39 24 31
39 25 52
39 26 35
39 27 48
39 28 34
39 29 37
39 30 29
39 31 39
39 32 37
39 33 40
39 34 38
39 35 35
39 36 34
39 37 33
39 38 47
39 39 100
39 40 42
39 41 37
39 42 32
39 43 35
40 0 59
40 1 61
40 2 55
40 3 54
40 4 87
40 5 43
40 6 53
40 7 71
40 8 51
40 9 51
40 10 41
40 11 44
40 12 41
40 13 42
40 14 37
40 15 55
40 16 46
40 17 55
40 18 55
40 19 39
40 20 50
40 21 35
40 22 50
40 23 35
40 24 51
40 25 44
40 26 43
40 27 55
40 28 50
40 29 51
40 30 36
40 31 44
40 32 48
40 33 51
40 34 55
40 35 47
40 36 43
40 37 35
40 38 35
40 39 42
40 40 100
40 41 42
40 42 46
40 43 26
41 0 52
41 1 41
41 2 49
41 3 46
41 4 37
41 5 51
41 6 45
41 7 51
41 8 58
41 9 38
41 10 43
41 11 40
41 12 48
41 13 63
41 14 45
41 15 50
41 16 61
41 17 50
41 18 48
41 19 47
41 20 53
41 21 41
41 22 51
41 23 24
41 24 53
41 25 39
41 26 36
41 27 53
41 28 41
41 29 51
41 30 51
41 31 43
41 32 54
41 33 51
41 34 46
41 35 65
41 36 41
41 37 46
41 38 30
41 39 37
41 40 42
41 41 100
41 42 47
41 43 29
42 0 49
42 1 48
42 2 68
42 3 47
42 4 40
42 5 31
42 6 49
42 7 52
42 8 44
42 9 53
42 10 43
42 11 37
42 12 48
42 13 40
42 14 42
42 15 68
42 16 46
42 17 53
42 18 52
42 19 34
42 20 53
42 21 49
42 22 49
42 23 34
42 24 45
42 25 44
42 26 36
42 27 48
42 28 51
42 29 58
42 30 49
42 31 49
42 32 51
42 33 56
42 34 70
42 35 49
42 36 56
42 37 39
42 38 41
42 39 32
42 40 46
42 41 47
42 42 99
42 43 37
43 0 45
43 1 31
43 2 47
43 3 32
43 4 29
43 5 27
43 6 46
43 7 36
43 8 42
43 9 53
43 10 40
43 11 45
43 12 30
43 13 27
43 14 39
43 15 50
43 16 42
43 17 31
43 18 29
43 19 26
43 20 41
43 21 52
43 22 33
43 23 36
43 24 30
43 25 44
43 26 32
43 27 39
43 28 32
43 29 38
43 30 50
43 31 57
43 32 52
43 33 42
43 34 49
43 35 34
43 36 57
43 37 50
43 38 53
43 39 35
43 40 26
43 41 29
43 42 37
43 43 99
