0 0 99
0 1 47
0 2 44
0 3 51
0 4 65
0 5 63
0 6 52
0 7 59
0 8 93
0 9 64
0 10 53
0 11 50
0 12 61
0 13 50
0 14 59
0 15 59
0 16 54
0 17 55
0 18 56
0 19 64
0 20 42
0 21 47
0 22 40
0 23 61
0 24 22
0 25 54
0 26 59
0 27 47
0 28 48
0 29 46
0 30 39
0 31 61
0 32 56
0 33 48
0 34 46
0 35 47
0 36 64
0 37 55
0 38 62
0 39 48
0 40 49
0 41 49
0 42 49
0 43 54
0 44 69
0 47 47
1 0 47
1 1 100
1 2 54
1 3 32
1 4 47
1 5 35
1 6 33
1 7 50
1 8 46
1 9 48
1 10 52
1 11 30
1 12 38
1 13 29
1 14 32
1 15 34
1 16 31
1 17 39
1 18 33
1 19 33
1 20 36
1 21 40
1 22 24
1 23 30
1 24 35
1 25 27
1 26 33
1 27 44
1 28 39
1 29 18
1 30 18
1 31 61
1 32 34
1 33 38
1 34 34
1 35 45
1 36 52
1 37 44
1 38 49
1 39 39
1 40 44
1 41 34
1 42 35
1 43 43
1 44 47
1 47 38
2 0 44
2 1 54
2 2 100
2 3 42
2 4 48
2 5 40
2 6 41
2 7 33
2 8 49
2 9 42
2 10 55
2 11 30
2 12 37
2 13 19
2 14 27
2 15 33
2 16 35
2 17 48
2 18 28
2 19 32
2 20 33
2 21 26
2 22 37
2 23 36
2 24 29
2 25 25
2 26 34
2 27 43
2 28 38
2 29 18
2 30 20
2 31 86
2 32 43
2 33 36
2 34 33
2 35 37
2 36 47
2 37 56
2 38 55
2 39 55
2 40 55
2 41 40
2 42 32
2 43 53
2 44 47
2 47 46
3 0 51
3 1 32
3 2 42
3 3 100
3 4 56
3 5 59
3 6 43
3 7 31
3 8 54
3 9 41
3 10 55
3 11 47
3 12 50
3 13 32
3 14 49
3 15 56
3 16 46
3 17 53
3 18 36
3 19 56
3 20 45
3 21 42
3 22 55
3 23 65
3 24 29
3 25 50
3 26 60
3 27 43
3 28 44
3 29 45
3 30 30
3 31 52
3 32 95
3 33 38
3 34 46
3 35 41
3 36 57
3 37 49
3 38 51
3 39 40
3 40 43
3 41 52
3 42 47
3 43 49
3 44 56
3 47 45
4 0 65
4 1 47
4 2 48
4 3 56
4 4 99
4 5 58
4 6 57
4 7 55
4 8 67
4 9 61
4 10 70
4 11 56
4 12 63
4 13 32
4 14 54
4 15 60
4 16 52
4 17 55
4 18 45
4 19 66
4 20 49
4 21 45
4 22 48
4 23 64
4 24 37
4 25 49
4 26 59
4 27 48
4 28 52
4 29 40
4 30 41
4 31 66
4 32 59
4 33 47
4 34 44
4 35 48
4 36 69
4 37 59
4 38 62
4 39 53
4 40 54
4 41 52
4 42 61
4 43 58
4 44 67
4 47 46
5 0 63
5 1 35
5 2 40
5 3 59
5 4 58
5 5 100
5 6 50
5 7 49
5 8 65
5 9 58
5 10 51
5 11 57
5 12 57
5 13 33
5 14 53
5 15 58
5 16 51
5 17 55
5 18 49
5 19 60
5 20 41
5 21 39
5 22 51
5 23 53
5 24 32
5 25 48
5 26 56
5 27 41
5 28 44
5 29 52
5 30 41
5 31 53
5 32 61
5 33 46
5 34 47
5 35 40
5 36 59
5 37 51
5 38 54
5 39 41
5 40 50
5 41 56
5 42 50
5 43 60
5 44 65
5 47 50
6 0 52
6 1 33
6 2 41
6 3 43
6 4 57
6 5 50
6 6 100
6 7 43
6 8 58
6 9 64
6 10 52
6 11 48
6 12 48
6 13 27
6 14 52
6 15 51
6 16 44
6 17 47
6 18 38
6 19 53
6 20 46
6 21 25
6 22 40
6 23 51
6 24 33
6 25 40
6 26 54
6 27 30
6 28 42
6 29 35
6 30 57
6 31 53
6 32 50
6 33 47
6 34 41
6 35 40
6 36 58
6 37 43
6 38 53
6 39 32
6 40 43
6 41 44
6 42 59
6 43 45
6 44 53
6 47 40
7 0 59
7 1 50
7 2 33
7 3 31
7 4 55
7 5 49
7 6 43
7 7 100
7 8 57
7 9 59
7 10 44
7 11 40
7 12 44
7 13 33
7 14 42
7 15 40
7 16 36
7 17 38
7 18 38
7 19 45
7 20 33
7 21 34
7 22 30
7 23 38
7 24 21
7 25 40
7 26 39
7 27 39
7 28 32
7 29 36
7 30 35
7 31 40
7 32 35
7 33 39
7 34 32
7 35 39
7 36 52
7 37 39
7 38 47
7 39 33
7 40 42
7 41 45
7 42 50
7 43 43
7 44 53
7 47 37
8 0 93
8 1 46
8 2 49
8 3 54
8 4 67
8 5 65
8 6 58
8 7 57
8 8 99
8 9 66
8 10 60
8 11 50
8 12 62
8 13 48
8 14 62
8 15 62
8 16 58
8 17 60
8 18 56
8 19 67
8 20 49
8 21 46
8 22 47
8 23 63
8 24 26
8 25 52
8 26 65
8 27 46
8 28 56
8 29 48
8 30 43
8 31 68
8 32 59
8 33 49
8 34 50
8 35 46
8 36 69
8 37 60
8 38 69
8 39 57
8 40 56
8 41 51
8 42 58
8 43 61
8 44 71
8 47 55
9 0 64
9 1 48
9 2 42
9 3 41
9 4 61
9 5 58
9 6 64
9 7 59
9 8 66
9 9 100
9 10 53
9 11 43
9 12 62
9 13 41
9 14 55
9 15 52
9 16 49
9 17 49
9 18 57
9 19 59
9 20 48
9 21 38
9 22 34
9 23 53
9 24 34
9 25 47
9 26 54
9 27 38
9 28 46
9 29 38
9 30 51
9 31 58
9 32 45
9 33 55
9 34 46
9 35 44
9 36 66
9 37 40
9 38 55
9 39 35
9 40 50
9 41 48
9 42 62
9 43 47
9 44 67
9 47 47
10 0 53
10 1 52
10 2 55
10 3 55
10 4 70
10 5 51
10 6 52
10 7 44
10 8 60
10 9 53
10 10 99
10 11 50
10 12 52
10 13 23
10 14 42
10 15 53
10 16 44
10 17 57
10 18 34
10 19 51
10 20 46
10 21 40
10 22 47
10 23 51
10 24 42
10 25 36
10 26 53
10 27 43
10 28 51
10 29 33
10 30 39
10 31 63
10 32 58
10 33 46
10 34 43
10 35 41
10 36 62
10 37 52
10 38 59
10 39 51
10 40 54
10 41 47
10 42 56
10 43 57
10 44 57
10 47 47
11 0 50
11 1 30
11 2 30
11 3 47
11 4 56
11 5 57
11 6 48
11 7 40
11 8 50
11 9 43
11 10 50
11 11 100
11 12 51
11 13 29
11 14 43
11 15 60
11 16 48
11 17 50
11 18 41
11 19 51
11 20 37
11 21 40
11 22 47
11 23 47
11 24 41
11 25 43
11 26 49
11 27 53
11 28 47
11 29 39
11 30 28
11 31 45
11 32 49
11 33 37
11 34 34
11 35 45
11 36 55
11 37 50
11 38 41
11 39 44
11 40 36
11 41 43
11 42 38
11 43 52
11 44 54
11 47 40
12 0 61
12 1 38
12 2 37
12 3 50
12 4 63
12 5 57
12 6 48
12 7 44
12 8 62
12 9 62
12 10 52
12 11 51
12 12 100
12 13 47
12 14 63
12 15 61
12 16 57
12 17 53
12 18 52
12 19 70
12 20 42
12 21 49
12 22 46
12 23 62
12 24 31
12 25 54
12 26 54
12 27 42
12 28 46
12 29 38
12 30 36
12 31 56
12 32 53
12 33 42
12 34 45
12 35 47
12 36 64
12 37 44
12 38 48
12 39 36
12 40 43
12 41 49
12 42 43
12 43 54
12 44 64
12 47 40
13 0 50
13 1 29
13 2 19
13 3 32
13 4 32
13 5 33
13 6 27
13 7 33
13 8 48
13 9 41
13 10 23
13 11 29
13 12 47
13 13 100
13 14 51
13 15 44
13 16 43
13 17 29
13 18 44
13 19 51
13 20 23
13 21 37
13 22 29
13 23 40
13 24 8
13 25 58
13 26 48
13 27 34
13 28 28
13 29 24
13 30 18
13 31 34
13 32 33
13 33 23
13 34 36
13 35 47
13 36 40
13 37 30
13 38 35
13 39 23
13 40 27
13 41 35
13 42 20
13 43 32
13 44 42
13 47 29
14 0 59
14 1 32
14 2 27
14 3 49
14 4 54
14 5 53
14 6 52
14 7 42
14 8 62
14 9 55
14 10 42
14 11 43
14 12 63
14 13 51
14 14 100
14 15 64
14 16 49
14 17 49
14 18 52
14 19 74
14 20 47
14 21 31
14 22 35
14 23 59
14 24 18
14 25 57
14 26 58
14 27 30
14 28 39
14 29 46
14 30 43
14 31 44
14 32 53
14 33 40
14 34 50
14 35 44
14 36 55
14 37 34
14 38 46
14 39 27
14 40 45
14 41 47
14 42 52
14 43 41
14 44 62
14 47 38
15 0 59
15 1 34
15 2 33
15 3 56
15 4 60
15 5 58
15 6 51
15 7 40
15 8 62
15 9 52
15 10 53
15 11 60
15 12 61
15 13 44
15 14 64
15 15 100
15 16 56
15 17 59
15 18 48
15 19 68
15 20 48
15 21 44
15 22 43
15 23 61
15 24 30
15 25 52
15 26 67
15 27 41
15 28 56
15 29 38
15 30 35
15 31 50
15 32 60
15 33 45
15 34 50
15 35 45
15 36 63
15 37 50
15 38 51
15 39 43
15 40 44
15 41 41
15 42 50
15 43 51
15 44 61
15 47 43
16 0 54
16 1 31
16 2 35
16 3 46
16 4 52
16 5 51
16 6 44
16 7 36
16 8 58
16 9 49
16 10 44
16 11 48
16 12 57
16 13 43
16 14 49
16 15 56
16 16 100
16 17 58
16 18 42
16 19 56
16 20 47
16 21 46
16 22 47
16 23 57
16 24 32
16 25 50
16 26 56
16 27 45
16 28 55
16 29 37
16 30 28
16 31 53
16 32 46
16 33 45
16 34 52
16 35 36
16 36 56
16 37 55
16 38 48
16 39 42
16 40 33
16 41 40
16 42 41
16 43 62
16 44 55
16 47 48
17 0 55
17 1 39
17 2 48
17 3 53
17 4 55
17 5 55
17 6 47
17 7 38
17 8 60
17 9 49
17 10 57
17 11 50
17 12 53
17 13 29
17 14 49
17 15 59
17 16 58
17 17 99
17 18 40
17 19 56
17 20 42
17 21 47
17 22 58
17 23 56
17 24 42
17 25 43
17 26 62
17 27 40
17 28 56
17 29 36
17 30 32
17 31 59
17 32 56
17 33 45
17 34 42
17 35 31
17 36 60
17 37 59
17 38 54
17 39 50
17 40 45
17 41 46
17 42 49
17 43 61
17 44 59
17 47 48
18 0 56
18 1 33
18 2 28
18 3 36
18 4 45
18 5 49
18 6 38
18 7 38
18 8 56
18 9 57
18 10 34
18 11 41
18 12 52
18 13 44
18 14 52
18 15 48
18 16 42
18 17 40
18 18 99
18 19 55
18 20 41
18 21 46
18 22 31
18 23 51
18 24 25
18 25 47
18 26 51
18 27 33
18 28 41
18 29 31
18 30 30
18 31 44
18 32 38
18 33 32
18 34 32
18 35 36
18 36 43
18 37 37
18 38 41
18 39 31
18 40 26
18 41 37
18 42 36
18 43 33
18 44 51
18 47 31
19 0 64
19 1 33
19 2 32
19 3 56
19 4 66
19 5 60
19 6 53
19 7 45
19 8 67
19 9 59
19 10 51
19 11 51
19 12 70
19 13 51
19 14 74
19 15 68
19 16 56
19 17 56
19 18 55
19 19 100
19 20 44
19 21 39
19 22 42
19 23 64
19 24 20
19 25 59
19 26 63
19 27 36
19 28 44
19 29 48
19 30 40
19 31 51
19 32 61
19 33 42
19 34 59
19 35 45
19 36 60
19 37 41
19 38 52
19 39 36
19 40 50
19 41 51
19 42 49
19 43 49
19 44 68
19 47 44
20 0 42
20 1 36
20 2 33
20 3 45
20 4 49
20 5 41
20 6 46
20 7 33
20 8 49
20 9 48
20 10 46
20 11 37
20 12 42
20 13 23
20 14 47
20 15 48
20 16 47
20 17 42
20 18 41
20 19 44
20 20 100
20 21 38
20 22 33
20 23 49
20 24 41
20 25 37
20 26 56
20 27 41
20 28 43
20 29 25
20 30 37
20 31 43
20 32 46
20 33 46
20 34 41
20 35 36
20 36 55
20 37 43
20 38 42
20 39 42
20 40 33
20 41 33
20 42 48
20 43 43
20 44 48
20 47 39
21 0 47
21 1 40
21 2 26
21 3 42
21 4 45
21 5 39
21 6 25
21 7 34
21 8 46
21 9 38
21 10 40
21 11 40
21 12 49
21 13 37
21 14 31
21 15 44
21 16 46
21 17 47
21 18 46
21 19 39
21 20 38
21 21 99
21 22 39
21 23 54
21 24 39
21 25 54
21 26 53
21 27 43
21 28 55
21 29 24
21 30 15
21 31 45
21 32 43
21 33 34
21 34 20
21 35 36
21 36 46
21 37 47
21 38 45
21 39 27
21 40 15
21 41 33
21 42 34
21 43 42
21 44 45
21 47 29
22 0 40
22 1 24
22 2 37
22 3 55
22 4 48
22 5 51
22 6 40
22 7 30
22 8 47
22 9 34
22 10 47
22 11 47
22 12 46
22 13 29
22 14 35
22 15 43
22 16 47
22 17 58
22 18 31
22 19 42
22 20 33
22 21 39
22 22 100
22 23 54
22 24 32
22 25 38
22 26 53
22 27 52
22 28 45
22 29 40
22 30 22
22 31 50
22 32 56
22 33 27
22 34 33
22 35 34
22 36 49
22 37 52
22 38 50
22 39 46
22 40 36
22 41 48
22 42 34
22 43 58
22 44 47
22 47 37
23 0 61
23 1 30
23 2 36
23 3 65
23 4 64
23 5 53
23 6 51
23 7 38
23 8 63
23 9 53
23 10 51
23 11 47
23 12 62
23 13 40
23 14 59
23 15 61
23 16 57
23 17 56
23 18 51
23 19 64
23 20 49
23 21 54
23 22 54
23 23 99
23 24 31
23 25 59
23 26 67
23 27 45
23 28 52
23 29 45
23 30 39
23 31 56
23 32 67
23 33 48
23 34 51
23 35 38
23 36 57
23 37 50
23 38 56
23 39 38
23 40 41
23 41 45
23 42 48
23 43 58
23 44 56
23 47 39
24 0 22
24 1 35
24 2 29
24 3 29
24 4 37
24 5 32
24 6 33
24 7 21
24 8 26
24 9 34
24 10 42
24 11 41
24 12 31
24 13 8
24 14 18
24 15 30
24 16 32
24 17 42
24 18 25
24 19 20
24 20 41
24 21 39
24 22 32
24 23 31
24 24 99
24 25 30
24 26 34
24 27 28
24 28 43
24 29 9
24 30 22
24 31 40
24 32 31
24 33 35
24 34 12
24 35 25
24 36 37
24 37 44
24 38 33
24 39 31
24 40 18
24 41 19
24 42 34
24 43 35
24 44 28
24 47 22
25 0 54
25 1 27
25 2 25
25 3 50
25 4 49
25 5 48
25 6 40
25 7 40
25 8 52
25 9 47
25 10 36
25 11 43
25 12 54
25 13 58
25 14 57
25 15 52
25 16 50
25 17 43
25 18 47
25 19 59
25 20 37
25 21 54
25 22 38
25 23 59
25 24 30
25 25 99
25 26 63
25 27 34
25 28 43
25 29 35
25 30 28
25 31 41
25 32 51
25 33 33
25 34 35
25 35 39
25 36 46
25 37 40
25 38 45
25 39 26
25 40 32
25 41 41
25 42 35
25 43 37
25 44 53
25 47 34
26 0 59
26 1 33
26 2 34
26 3 60
26 4 59
26 5 56
26 6 54
26 7 39
26 8 65
26 9 54
26 10 53
26 11 49
26 12 54
26 13 48
26 14 58
26 15 67
26 16 56
26 17 62
26 18 51
26 19 63
26 20 56
26 21 53
26 22 53
26 23 67
26 24 34
26 25 63
26 26 99
26 27 44
26 28 72
26 29 38
26 30 36
26 31 54
26 32 63
26 33 42
26 34 48
26 35 39
26 36 62
26 37 62
26 38 59
26 39 40
26 40 40
26 41 47
26 42 55
26 43 48
26 44 63
26 47 44
27 0 47
27 1 44
27 2 43
27 3 43
27 4 48
27 5 41
27 6 30
27 7 39
27 8 46
27 9 38
27 10 43
27 11 53
27 12 42
27 13 34
27 14 30
27 15 41
27 16 45
27 17 40
27 18 33
27 19 36
27 20 41
27 21 43
27 22 52
27 23 45
27 24 28
27 25 34
27 26 44
27 27 99
27 28 50
27 29 28
27 30 14
27 31 55
27 32 42
27 33 34
27 34 28
27 35 48
27 36 51
27 37 61
27 38 48
27 39 55
27 40 36
27 41 51
27 42 27
27 43 57
27 44 55
27 47 35
28 0 48
28 1 39
28 2 38
28 3 44
28 4 52
28 5 44
28 6 42
28 7 32
28 8 56
28 9 46
28 10 51
28 11 47
28 12 46
28 13 28
28 14 39
28 15 56
28 16 55
28 17 56
28 18 41
28 19 44
28 20 43
28 21 55
28 22 45
28 23 52
28 24 43
28 25 43
28 26 72
28 27 50
28 28 99
28 29 24
28 30 26
28 31 56
28 32 46
28 33 39
28 34 32
28 35 38
28 36 58
28 37 73
28 38 55
28 39 40
28 40 32
28 41 35
28 42 49
28 43 51
28 44 54
28 47 38
29 0 46
29 1 18
29 2 18
29 3 45
29 4 40
29 5 52
29 6 35
29 7 36
29 8 48
29 9 38
29 10 33
29 11 39
29 12 38
29 13 24
29 14 46
29 15 38
29 16 37
29 17 36
29 18 31
29 19 48
29 20 25
29 21 24
29 22 40
29 23 45
29 24 9
29 25 35
29 26 38
29 27 28
29 28 24
29 29 100
29 30 31
29 31 29
29 32 48
29 33 25
29 34 49
29 35 22
29 36 39
29 37 19
29 38 32
29 39 21
29 40 41
29 41 40
29 42 35
29 43 36
29 44 46
29 47 33
30 0 39
30 1 18
30 2 20
30 3 30
30 4 41
30 5 41
30 6 57
30 7 35
30 8 43
30 9 51
30 10 39
30 11 28
30 12 36
30 13 18
30 14 43
30 15 35
30 16 28
30 17 32
30 18 30
30 19 40
30 20 37
30 21 15
30 22 22
30 23 39
30 24 22
30 25 28
30 26 36
30 27 14
30 28 26
30 29 31
30 30 99
30 31 30
30 32 39
30 33 37
30 34 36
30 35 27
30 36 43
30 37 20
30 38 40
30 39 18
30 40 41
30 41 33
30 42 56
30 43 30
30 44 45
30 47 27
31 0 61
31 1 61
31 2 86
31 3 52
31 4 66
31 5 53
31 6 53
31 7 40
31 8 68
31 9 58
31 10 63
31 11 45
31 12 56
31 13 34
31 14 44
31 15 50
31 16 53
31 17 59
31 18 44
31 19 51
31 20 43
31 21 45
31 22 50
31 23 56
31 24 40
31 25 41
31 26 54
31 27 55
31 28 56
31 29 29
31 30 30
31 31 99
31 32 54
31 33 47
31 34 46
31 35 46
31 36 63
31 37 65
31 38 69
31 39 60
31 40 58
31 41 50
31 42 46
31 43 65
31 44 62
31 47 53
32 0 56
32 1 34
32 2 43
32 3 95
32 4 59
32 5 61
32 6 50
32 7 35
32 8 59
32 9 45
32 10 58
32 11 49
32 12 53
32 13 33
32 14 53
32 15 60
32 16 46
32 17 56
32 18 38
32 19 61
32 20 46
32 21 43
32 22 56
32 23 67
32 24 31
32 25 51
32 26 63
32 27 42
32 28 46
32 29 48
32 30 39
32 31 54
32 32 100
32 33 40
32 34 50
32 35 39
32 36 58
32 37 50
32 38 55
32 39 40
32 40 46
32 41 56
32 42 51
32 43 50
32 44 60
32 47 47
33 0 48
33 1 38
33 2 36
33 3 38
33 4 47
33 5 46
33 6 47
33 7 39
33 8 49
33 9 55
33 10 46
33 11 37
33 12 42
33 13 23
33 14 40
33 15 45
33 16 45
33 17 45
33 18 32
33 19 42
33 20 46
33 21 34
33 22 27
33 23 48
33 24 35
33 25 33
33 26 42
33 27 34
33 28 39
33 29 25
33 30 37
33 31 47
33 32 40
33 33 100
33 34 40
33 35 30
33 36 52
33 37 40
33 38 46
33 39 33
33 40 28
33 41 32
33 42 52
33 43 46
33 44 48
33 47 40
34 0 46
34 1 34
34 2 33
34 3 46
34 4 44
34 5 47
34 6 41
34 7 32
34 8 50
34 9 46
34 10 43
34 11 34
34 12 45
34 13 36
34 14 50
34 15 50
34 16 52
34 17 42
34 18 32
34 19 59
34 20 41
34 21 20
34 22 33
34 23 51
34 24 12
34 25 35
34 26 48
34 27 28
34 28 32
34 29 49
34 30 36
34 31 46
34 32 50
34 33 40
34 34 99
34 35 36
34 36 50
34 37 31
34 38 45
34 39 31
34 40 40
34 41 36
34 42 40
34 43 44
34 44 49
34 47 48
35 0 47
35 1 45
35 2 37
35 3 41
35 4 48
35 5 40
35 6 40
35 7 39
35 8 46
35 9 44
35 10 41
35 11 45
35 12 47
35 13 47
35 14 44
35 15 45
35 16 36
35 17 31
35 18 36
35 19 45
35 20 36
35 21 36
35 22 34
35 23 38
35 24 25
35 25 39
35 26 39
35 27 48
35 28 38
35 29 22
35 30 27
35 31 46
35 32 39
35 33 30
35 34 36
35 35 100
35 36 61
35 37 46
35 38 48
35 39 37
35 40 37
35 41 47
35 42 31
35 43 42
35 44 52
35 47 30
36 0 64
36 1 52
36 2 47
36 3 57
36 4 69
36 5 59
36 6 58
36 7 52
36 8 69
36 9 66
36 10 62
36 11 55
36 12 64
36 13 40
36 14 55
36 15 63
36 16 56
36 17 60
36 18 43
36 19 60
36 20 55
36 21 46
36 22 49
36 23 57
36 24 37
36 25 46
36 26 62
36 27 51
36 28 58
36 29 39
36 30 43
36 31 63
36 32 58
36 33 52
36 34 50
36 35 61
36 36 99
36 37 60
36 38 65
36 39 52
36 40 48
36 41 51
36 42 63
36 43 59
36 44 70
36 47 50
37 0 55
37 1 44
37 2 56
37 3 49
37 4 59
37 5 51
37 6 43
37 7 39
37 8 60
37 9 40
37 10 52
37 11 50
37 12 44
37 13 30
37 14 34
37 15 50
37 16 55
37 17 59
37 18 37
37 19 41
37 20 43
37 21 47
37 22 52
37 23 50
37 24 44
37 25 40
37 26 62
37 27 61
37 28 73
37 29 19
37 30 20
37 31 65
37 32 50
37 33 40
37 34 31
37 35 46
37 36 60
37 37 99
37 38 63
37 39 60
37 40 41
37 41 47
37 42 42
37 43 65
37 44 57
37 47 45
38 0 62
38 1 49
38 2 55
38 3 51
38 4 62
38 5 54
38 6 53
38 7 47
38 8 69
38 9 55
38 10 59
38 11 41
38 12 48
38 13 35
38 14 46
38 15 51
38 16 48
38 17 54
38 18 41
38 19 52
38 20 42
38 21 45
38 22 50
38 23 56
38 24 33
38 25 45
38 26 59
38 27 48
38 28 55
38 29 32
38 30 40
38 31 69
38 32 55
38 33 46
38 34 45
38 35 48
38 36 65
38 37 63
38 38 99
38 39 53
38 40 52
38 41 50
38 42 50
38 43 60
38 44 62
38 47 54
39 0 48
39 1 39
39 2 55
39 3 40
39 4 53
39 5 41
39 6 32
39 7 33
39 8 57
39 9 35
39 10 51
39 11 44
39 12 36
39 13 23
39 14 27
39 15 43
39 16 42
39 17 50
39 18 31
39 19 36
39 20 42
39 21 27
39 22 46
39 23 38
39 24 31
39 25 26
39 26 40
39 27 55
39 28 40
39 29 21
39 30 18
39 31 60
39 32 40
39 33 33
39 34 31
39 35 37
39 36 52
39 37 60
39 38 53
39 39 100
39 40 48
39 41 40
39 42 30
39 43 61
39 44 49
39 47 43
40 0 49
40 1 44
40 2 55
40 3 43
40 4 54
40 5 50
40 6 43
40 7 42
40 8 56
40 9 50
40 10 54
40 11 36
40 12 43
40 13 27
40 14 45
40 15 44
40 16 33
40 17 45
40 18 26
40 19 50
40 20 33
40 21 15
40 22 36
40 23 41
40 24 18
40 25 32
40 26 40
40 27 36
40 28 32
40 29 41
40 30 41
40 31 58
40 32 46
40 33 28
40 34 40
40 35 37
40 36 48
40 37 41
40 38 52
40 39 48
40 40 99
40 41 52
40 42 43
40 43 49
40 44 53
40 47 47
41 0 49
41 1 34
41 2 40
41 3 52
41 4 52
41 5 56
41 6 44
41 7 45
41 8 51
41 9 48
41 10 47
41 11 43
41 12 49
41 13 35
41 14 47
41 15 41
41 16 40
41 17 46
41 18 37
41 19 51
41 20 33
41 21 33
41 22 48
41 23 45
41 24 19
41 25 41
41 26 47
41 27 51
41 28 35
41 29 40
41 30 33
41 31 50
41 32 56
41 33 32
41 34 36
41 35 47
41 36 51
41 37 47
41 38 50
41 39 40
41 40 52
41 41 100
41 42 37
41 43 53
41 44 63
41 47 42
42 0 49
42 1 35
42 2 32
42 3 47
42 4 61
42 5 50
42 6 59
42 7 50
42 8 58
42 9 62
42 10 56
42 11 38
42 12 43
42 13 20
42 14 52
42 15 50
42 16 41
42 17 49
42 18 36
42 19 49
42 20 48
42 21 34
42 22 34
42 23 48
42 24 34
42 25 35
42 26 55
42 27 27
42 28 49
42 29 35
42 30 56
42 31 46
42 32 51
42 33 52
42 34 40
42 35 31
42 36 63
42 37 42
42 38 50
42 39 30
42 40 43
42 41 37
42 42 100
42 43 41
42 44 51
42 47 44
43 0 54
43 1 43
43 2 53
43 3 49
43 4 58
43 5 60
43 6 45
43 7 43
43 8 61
43 9 47
43 10 57
43 11 52
43 12 54
43 13 32
43 14 41
43 15 51
43 16 62
43 17 61
43 18 33
43 19 49
43 20 43
43 21 42
43 22 58
43 23 58
43 24 35
43 25 37
43 26 48
43 27 57
43 28 51
43 29 36
43 30 30
43 31 65
43 32 50
43 33 46
43 34 44
43 35 42
43 36 59
43 37 65
43 38 60
43 39 61
43 40 49
43 41 53
43 42 41
43 43 100
43 44 61
43 47 54
44 0 69
44 1 47
44 2 47
44 3 56
44 4 67
44 5 65
44 6 53
44 7 53
44 8 71
44 9 67
44 10 57
44 11 54
44 12 64
44 13 42
44 14 62
44 15 61
44 16 55
44 17 59
44 18 51
44 19 68
44 20 48
44 21 45
44 22 47
44 23 56
44 24 28
44 25 53
44 26 63
44 27 55
44 28 54
44 29 46
44 30 45
44 31 62
44 32 60
44 33 48
44 34 49
44 35 52
44 36 70
44 37 57
44 38 62
44 39 49
44 40 53
44 41 63
44 42 51
44 43 61
44 44 100
44 47 53
47 0 47
47 1 38
47 2 46
47 3 45
47 4 46
47 5 50
47 6 40
47 7 37
47 8 55
47 9 47
47 10 47
47 11 40
47 12 40
47 13 29
47 14 38
47 15 43
47 16 48
47 17 48
47 18 31
47 19 44
47 20 39
47 21 29
47 22 37
47 23 39
47 24 22
47 25 34
47 26 44
47 27 35
47 28 38
47 29 33
47 30 27
47 31 53
47 32 47
47 33 40
47 34 48
47 35 30
47 36 50
47 37 45
47 38 54
47 39 43
47 40 47
47 41 42
47 42 44
47 43 54
47 44 53
47 47 99
