0 0 99
0 1 46
0 2 50
0 3 46
0 4 52
0 5 44
0 6 31
0 7 64
0 8 57
0 9 59
0 10 63
0 11 41
0 12 16
0 13 69
0 14 76
0 15 50
0 16 47
0 17 30
0 18 61
0 19 42
0 20 59
0 21 42
0 22 56
0 23 45
0 24 49
0 25 50
0 26 59
0 27 27
0 28 41
0 29 32
0 30 59
0 31 39
0 32 51
0 33 47
0 34 54
0 35 48
0 36 56
0 37 53
0 38 34
0 39 51
0 40 44
0 41 46
0 42 51
0 43 49
0 44 43
0 45 45
0 46 42
0 47 37
0 48 42
0 49 33
0 50 32
1 0 46
1 1 99
1 2 62
1 3 56
1 4 51
1 5 53
1 6 39
1 7 57
1 8 52
1 9 49
1 10 55
1 11 40
1 12 13
1 13 57
1 14 62
1 15 54
1 16 38
1 17 28
1 18 52
1 19 48
1 20 53
1 21 59
1 22 68
1 23 64
1 24 57
1 25 55
1 26 59
1 27 44
1 28 54
1 29 37
1 30 64
1 31 55
1 32 59
1 33 50
1 34 55
1 35 60
1 36 41
1 37 57
1 38 44
1 39 56
1 40 62
1 41 60
1 42 62
1 43 48
1 44 52
1 45 60
1 46 42
1 47 45
1 48 57
1 49 51
1 50 51
2 0 50
2 1 62
2 2 100
2 3 55
2 4 54
2 5 51
2 6 42
2 7 52
2 8 48
2 9 53
2 10 56
2 11 42
2 12 23
2 13 59
2 14 63
2 15 54
2 16 40
2 17 25
2 18 55
2 19 48
2 20 48
2 21 50
2 22 54
2 23 84
2 24 56
2 25 52
2 26 54
2 27 34
2 28 51
2 29 44
2 30 66
2 31 54
2 32 59
2 33 50
2 34 58
2 35 72
2 36 51
2 37 60
2 38 47
2 39 59
2 40 60
2 41 68
2 42 78
2 43 60
2 44 53
2 45 63
2 46 46
2 47 52
2 48 57
2 49 55
2 50 65
3 0 46
3 1 56
3 2 55
3 3 99
3 4 41
3 5 47
3 6 29
3 7 51
3 8 38
3 9 46
3 10 55
3 11 37
3 12 20
3 13 56
3 14 64
3 15 57
3 16 38
3 17 31
3 18 51
3 19 46
3 20 49
3 21 57
3 22 43
3 23 51
3 24 62
3 25 59
3 26 60
3 27 39
3 28 36
3 29 37
3 30 55
3 31 48
3 32 60
3 33 38
3 34 48
3 35 54
3 36 39
3 37 54
3 38 45
3 39 82
3 40 59
3 41 56
3 42 57
3 43 46
3 44 42
3 45 58
3 46 29
3 47 35
3 48 45
3 49 55
3 50 49
4 0 52
4 1 51
4 2 54
4 3 41
4 4 100
4 5 55
4 6 43
4 7 51
4 8 48
4 9 42
4 10 47
4 11 32
4 12 19
4 13 48
4 14 55
4 15 46
4 16 31
4 17 27
4 18 42
4 19 39
4 20 47
4 21 42
4 22 53
4 23 62
4 24 39
4 25 54
4 26 51
4 27 30
4 28 49
4 29 51
4 30 69
4 31 42
4 32 47
4 33 66
4 34 60
4 35 66
4 36 46
4 37 57
4 38 31
4 39 43
4 40 55
4 41 55
4 42 61
4 43 55
4 44 52
4 45 55
4 46 48
4 47 55
4 48 58
4 49 43
4 50 42
5 0 44
5 1 53
5 2 51
5 3 47
5 4 55
5 5 100
5 6 38
5 7 47
5 8 41
5 9 46
5 10 51
5 11 33
5 12 22
5 13 51
5 14 49
5 15 45
5 16 35
5 17 16
5 18 44
5 19 35
5 20 48
5 21 39
5 22 46
5 23 52
5 24 52
5 25 48
5 26 51
5 27 39
5 28 51
5 29 39
5 30 56
5 31 48
5 32 51
5 33 51
5 34 49
5 35 51
5 36 39
5 37 56
5 38 36
5 39 43
5 40 51
5 41 53
5 42 56
5 43 57
5 44 64
5 45 55
5 46 43
5 47 45
5 48 46
5 49 35
5 50 44
6 0 31
6 1 39
6 2 42
6 3 29
6 4 43
6 5 38
6 6 100
6 7 40
6 8 47
6 9 40
6 10 35
6 11 44
6 12 22
6 13 38
6 14 30
6 15 34
6 16 38
6 17 20
6 18 42
6 19 35
6 20 33
6 21 26
6 22 42
6 23 41
6 24 31
6 25 34
6 26 36
6 27 33
6 28 32
6 29 32
6 30 35
6 31 44
6 32 42
6 33 45
6 34 44
6 35 52
6 36 42
6 37 43
6 38 23
6 39 32
6 40 64
6 41 42
6 42 44
6 43 50
6 44 31
6 45 46
6 46 53
6 47 46
6 48 39
6 49 35
6 50 35
7 0 64
7 1 57
7 2 52
7 3 51
7 4 51
7 5 47
7 6 40
7 7 99
7 8 66
7 9 63
7 10 67
7 11 65
7 12 32
7 13 68
7 14 64
7 15 54
7 16 50
7 17 31
7 18 67
7 19 49
7 20 62
7 21 50
7 22 63
7 23 52
7 24 52
7 25 52
7 26 62
7 27 33
7 28 51
7 29 36
7 30 60
7 31 40
7 32 51
7 33 55
7 34 57
7 35 54
7 36 63
7 37 56
7 38 36
7 39 58
7 40 49
7 41 56
7 42 54
7 43 54
7 44 54
7 45 57
7 46 54
7 47 39
7 48 48
7 49 50
7 50 47
8 0 57
8 1 52
8 2 48
8 3 38
8 4 48
8 5 41
8 6 47
8 7 66
8 8 99
8 9 61
8 10 68
8 11 48
8 12 29
8 13 66
8 14 51
8 15 46
8 16 51
8 17 23
8 18 64
8 19 41
8 20 59
8 21 39
8 22 66
8 23 48
8 24 48
8 25 51
8 26 53
8 27 35
8 28 44
8 29 34
8 30 58
8 31 40
8 32 54
8 33 52
8 34 60
8 35 53
8 36 60
8 37 53
8 38 37
8 39 48
8 40 47
8 41 55
8 42 53
8 43 54
8 44 42
8 45 46
8 46 45
8 47 39
8 48 52
8 49 37
8 50 42
9 0 59
9 1 49
9 2 53
9 3 46
9 4 42
9 5 46
9 6 40
9 7 63
9 8 61
9 9 100
9 10 66
9 11 57
9 12 15
9 13 61
9 14 57
9 15 50
9 16 40
9 17 30
9 18 61
9 19 52
9 20 55
9 21 43
9 22 54
9 23 50
9 24 51
9 25 51
9 26 54
9 27 31
9 28 39
9 29 35
9 30 55
9 31 46
9 32 48
9 33 44
9 34 52
9 35 46
9 36 65
9 37 53
9 38 42
9 39 55
9 40 49
9 41 58
9 42 59
9 43 53
9 44 47
9 45 59
9 46 54
9 47 38
9 48 45
9 49 47
9 50 41
10 0 63
10 1 55
10 2 56
10 3 55
10 4 47
10 5 51
10 6 35
10 7 67
10 8 68
10 9 66
10 10 99
10 11 53
10 12 28
10 13 70
10 14 68
10 15 56
10 16 45
10 17 26
10 18 62
10 19 44
10 20 69
10 21 53
10 22 63
10 23 57
10 24 70
10 25 61
10 26 70
10 27 42
10 28 49
10 29 38
10 30 62
10 31 48
10 32 60
10 33 54
10 34 64
10 35 54
10 36 58
10 37 63
10 38 50
10 39 62
10 40 56
10 41 68
10 42 60
10 43 56
10 44 59
10 45 58
10 46 42
10 47 40
10 48 49
10 49 46
10 50 48
11 0 41
11 1 40
11 2 42
11 3 37
11 4 32
11 5 33
11 6 44
11 7 65
11 8 48
11 9 57
11 10 53
11 11 99
11 12 43
11 13 53
11 14 46
11 15 47
11 16 43
11 17 16
11 18 50
11 19 42
11 20 43
11 21 31
11 22 48
11 23 36
11 24 44
11 25 39
11 26 48
11 27 31
11 28 39
11 29 37
11 30 37
11 31 32
11 32 43
11 33 42
11 34 46
11 35 44
11 36 42
11 37 47
11 38 32
11 39 44
11 40 44
11 41 53
11 42 47
11 43 49
11 44 45
11 45 56
11 46 41
11 47 28
11 48 39
11 49 59
11 50 43
12 0 16
12 1 13
12 2 23
12 3 20
12 4 19
12 5 22
12 6 22
12 7 32
12 8 29
12 9 15
12 10 28
12 11 43
12 12 99
12 13 27
12 14 20
12 15 24
12 16 27
12 17 6
12 18 25
12 19 13
12 20 28
12 21 8
12 22 32
12 23 19
12 24 21
12 25 11
12 26 22
12 27 17
12 28 21
12 29 21
12 30 20
12 31 16
12 32 25
12 33 24
12 34 24
12 35 30
12 36 28
12 37 22
12 38 17
12 39 23
12 40 19
12 41 31
12 42 26
12 43 26
12 44 23
12 45 20
12 46 9
12 47 10
12 48 23
12 49 31
12 50 29
13 0 69
13 1 57
13 2 59
13 3 56
13 4 48
13 5 51
13 6 38
13 7 68
13 8 66
13 9 61
13 10 70
13 11 53
13 12 27
13 13 99
13 14 75
13 15 64
13 16 52
13 17 23
13 18 58
13 19 44
13 20 66
13 21 55
13 22 62
13 23 51
13 24 67
13 25 60
13 26 70
13 27 46
13 28 52
13 29 44
13 30 66
13 31 49
13 32 55
13 33 59
13 34 64
13 35 58
13 36 52
13 37 66
13 38 42
13 39 61
13 40 56
13 41 61
13 42 61
13 43 51
13 44 55
13 45 57
13 46 40
13 47 40
13 48 50
13 49 52
13 50 54
14 0 76
14 1 62
14 2 63
14 3 64
14 4 55
14 5 49
14 6 30
14 7 64
14 8 51
14 9 57
14 10 68
14 11 46
14 12 20
14 13 75
14 14 99
14 15 64
14 16 46
14 17 36
14 18 58
14 19 48
14 20 67
14 21 59
14 22 60
14 23 62
14 24 63
14 25 60
14 26 69
14 27 37
14 28 48
14 29 42
14 30 71
14 31 49
14 32 60
14 33 49
14 34 66
14 35 61
14 36 47
14 37 61
14 38 48
14 39 65
14 40 57
14 41 61
14 42 65
14 43 52
14 44 53
14 45 62
14 46 40
14 47 44
14 48 51
14 49 51
14 50 50
15 0 50
15 1 54
15 2 54
15 3 57
15 4 46
15 5 45
15 6 34
15 7 54
15 8 46
15 9 50
15 10 56
15 11 47
15 12 24
15 13 64
15 14 64
15 15 99
15 16 48
15 17 29
15 18 58
15 19 50
15 20 55
15 21 49
15 22 55
15 23 52
15 24 57
15 25 53
15 26 67
15 27 45
15 28 47
15 29 32
15 30 56
15 31 50
15 32 53
15 33 53
15 34 55
15 35 58
15 36 43
15 37 59
15 38 40
15 39 53
15 40 52
15 41 56
15 42 60
15 43 51
15 44 48
15 45 60
15 46 39
15 47 33
15 48 53
15 49 54
15 50 51
16 0 47
16 1 38
16 2 40
16 3 38
16 4 31
16 5 35
16 6 38
16 7 50
16 8 51
16 9 40
16 10 45
16 11 43
16 12 27
16 13 52
16 14 46
16 15 48
16 16 100
16 17 23
16 18 55
16 19 39
16 20 47
16 21 25
16 22 46
16 23 35
16 24 41
16 25 34
16 26 46
16 27 36
16 28 36
16 29 30
16 30 43
16 31 39
16 32 51
16 33 38
16 34 41
16 35 45
16 36 38
16 37 43
16 38 26
16 39 33
16 40 39
16 41 39
16 42 38
16 43 37
16 44 33
16 45 37
16 46 32
16 47 24
16 48 40
16 49 35
16 50 33
17 0 30
17 1 28
17 2 25
17 3 31
17 4 27
17 5 16
17 6 20
17 7 31
17 8 23
17 9 30
17 10 26
17 11 16
17 12 6
17 13 23
17 14 36
17 15 29
17 16 23
17 17 100
17 18 43
17 19 43
17 20 37
17 21 34
17 22 32
17 23 29
17 24 22
17 25 25
17 26 36
17 27 15
17 28 17
17 29 18
17 30 27
17 31 37
17 32 32
17 33 20
17 34 29
17 35 27
17 36 27
17 37 30
17 38 24
17 39 31
17 40 25
17 41 26
17 42 33
17 43 27
17 44 23
17 45 30
17 46 30
17 47 30
17 48 26
17 49 20
17 50 19
18 0 61
18 1 52
18 2 55
18 3 51
18 4 42
18 5 44
18 6 42
18 7 67
18 8 64
18 9 61
18 10 62
18 11 50
18 12 25
18 13 58
18 14 58
18 15 58
18 16 55
18 17 43
18 18 99
18 19 63
18 20 59
18 21 40
18 22 62
18 23 53
18 24 50
18 25 49
18 26 59
18 27 34
18 28 49
18 29 35
18 30 58
18 31 49
18 32 63
18 33 49
18 34 50
18 35 56
18 36 63
18 37 59
18 38 46
18 39 55
18 40 49
18 41 57
18 42 58
18 43 63
18 44 42
18 45 56
18 46 56
18 47 35
18 48 46
18 49 47
18 50 46
19 0 42
19 1 48
19 2 48
19 3 46
19 4 39
19 5 35
19 6 35
19 7 49
19 8 41
19 9 52
19 10 44
19 11 42
19 12 13
19 13 44
19 14 48
19 15 50
19 16 39
19 17 43
19 18 63
19 19 99
19 20 43
19 21 41
19 22 54
19 23 47
19 24 44
19 25 46
19 26 48
19 27 40
19 28 37
19 29 31
19 30 48
19 31 48
19 32 53
19 33 38
19 34 47
19 35 47
19 36 43
19 37 49
19 38 39
19 39 44
19 40 50
19 41 50
19 42 55
19 43 52
19 44 35
19 45 56
19 46 46
19 47 39
19 48 41
19 49 43
19 50 47
20 0 59
20 1 53
20 2 48
20 3 49
20 4 47
20 5 48
20 6 33
20 7 62
20 8 59
20 9 55
20 10 69
20 11 43
20 12 28
20 13 66
20 14 67
20 15 55
20 16 47
20 17 37
20 18 59
20 19 43
20 20 99
20 21 56
20 22 58
20 23 53
20 24 55
20 25 51
20 26 74
20 27 33
20 28 49
20 29 35
20 30 62
20 31 45
20 32 59
20 33 49
20 34 63
20 35 54
20 36 44
20 37 59
20 38 36
20 39 50
20 40 49
20 41 58
20 42 53
20 43 42
20 44 45
20 45 56
20 46 43
20 47 45
20 48 37
20 49 43
20 50 41
21 0 42
21 1 59
21 2 50
21 3 57
21 4 42
21 5 39
21 6 26
21 7 50
21 8 39
21 9 43
21 10 53
21 11 31
21 12 8
21 13 55
21 14 59
21 15 49
21 16 25
21 17 34
21 18 40
21 19 41
21 20 56
21 21 100
21 22 39
21 23 50
21 24 52
21 25 53
21 26 57
21 27 29
21 28 38
21 29 32
21 30 56
21 31 50
21 32 45
21 33 41
21 34 51
21 35 53
21 36 38
21 37 46
21 38 40
21 39 61
21 40 45
21 41 52
21 42 51
21 43 38
21 44 42
21 45 57
21 46 28
21 47 48
21 48 43
21 49 41
21 50 44
22 0 56
22 1 68
22 2 54
22 3 43
22 4 53
22 5 46
22 6 42
22 7 63
22 8 66
22 9 54
22 10 63
22 11 48
22 12 32
22 13 62
22 14 60
22 15 55
22 16 46
22 17 32
22 18 62
22 19 54
22 20 58
22 21 39
22 22 100
22 23 56
22 24 50
22 25 53
22 26 56
22 27 43
22 28 54
22 29 37
22 30 64
22 31 49
22 32 56
22 33 58
22 34 60
22 35 57
22 36 52
22 37 56
22 38 40
22 39 45
22 40 55
22 41 59
22 42 62
22 43 55
22 44 52
22 45 54
22 46 47
22 47 41
22 48 57
22 49 43
22 50 53
23 0 45
23 1 64
23 2 84
23 3 51
23 4 62
23 5 52
23 6 41
23 7 52
23 8 48
23 9 50
23 10 57
23 11 36
23 12 19
23 13 51
23 14 62
23 15 52
23 16 35
23 17 29
23 18 53
23 19 47
23 20 53
23 21 50
23 22 56
23 23 100
23 24 51
23 25 53
23 26 58
23 27 32
23 28 56
23 29 44
23 30 69
23 31 55
23 32 59
23 33 51
23 34 61
23 35 76
23 36 49
23 37 62
23 38 50
23 39 55
23 40 58
23 41 64
23 42 75
23 43 58
23 44 51
23 45 64
23 46 49
23 47 56
23 48 57
23 49 55
23 50 58
24 0 49
24 1 57
24 2 56
24 3 62
24 4 39
24 5 52
24 6 31
24 7 52
24 8 48
24 9 51
24 10 70
24 11 44
24 12 21
24 13 67
24 14 63
24 15 57
24 16 41
24 17 22
24 18 50
24 19 44
24 20 55
24 21 52
24 22 50
24 23 51
24 24 100
24 25 67
24 26 72
24 27 52
24 28 48
24 29 39
24 30 54
24 31 66
24 32 62
24 33 49
24 34 59
24 35 48
24 36 37
24 37 59
24 38 46
24 39 59
24 40 62
24 41 65
24 42 60
24 43 48
24 44 52
24 45 58
24 46 28
24 47 32
24 48 45
24 49 55
24 50 56
25 0 50
25 1 55
25 2 52
25 3 59
25 4 54
25 5 48
25 6 34
25 7 52
25 8 51
25 9 51
25 10 61
25 11 39
25 12 11
25 13 60
25 14 60
25 15 53
25 16 34
25 17 25
25 18 49
25 19 46
25 20 51
25 21 53
25 22 53
25 23 53
25 24 67
25 25 100
25 26 63
25 27 44
25 28 42
25 29 47
25 30 62
25 31 53
25 32 53
25 33 53
25 34 60
25 35 50
25 36 43
25 37 59
25 38 37
25 39 58
25 40 56
25 41 58
25 42 56
25 43 50
25 44 48
25 45 59
25 46 38
25 47 43
25 48 50
25 49 48
25 50 47
26 0 59
26 1 59
26 2 54
26 3 60
26 4 51
26 5 51
26 6 36
26 7 62
26 8 53
26 9 54
26 10 70
26 11 48
26 12 22
26 13 70
26 14 69
26 15 67
26 16 46
26 17 36
26 18 59
26 19 48
26 20 74
26 21 57
26 22 56
26 23 58
26 24 72
26 25 63
26 26 100
26 27 42
26 28 51
26 29 35
26 30 62
26 31 60
26 32 61
26 33 56
26 34 63
26 35 57
26 36 45
26 37 62
26 38 38
26 39 57
26 40 63
26 41 64
26 42 61
26 43 48
26 44 50
26 45 62
26 46 42
26 47 42
26 48 47
26 49 52
26 50 48
27 0 27
27 1 44
27 2 34
27 3 39
27 4 30
27 5 39
27 6 33
27 7 33
27 8 35
27 9 31
27 10 42
27 11 31
27 12 17
27 13 46
27 14 37
27 15 45
27 16 36
27 17 15
27 18 34
27 19 40
27 20 33
27 21 29
27 22 43
27 23 32
27 24 52
27 25 44
27 26 42
27 27 100
27 28 37
27 29 23
27 30 36
27 31 43
27 32 41
27 33 45
27 34 37
27 35 30
27 36 23
27 37 46
27 38 33
27 39 32
27 40 50
27 41 47
27 42 38
27 43 32
27 44 39
27 45 42
27 46 21
27 47 24
27 48 37
27 49 35
27 50 39
28 0 41
28 1 54
28 2 51
28 3 36
28 4 49
28 5 51
28 6 32
28 7 51
28 8 44
28 9 39
28 10 49
28 11 39
28 12 21
28 13 52
28 14 48
28 15 47
28 16 36
28 17 17
28 18 49
28 19 37
28 20 49
28 21 38
28 22 54
28 23 56
28 24 48
28 25 42
28 26 51
28 27 37
28 28 100
28 29 34
28 30 59
28 31 45
28 32 49
28 33 61
28 34 44
28 35 51
28 36 36
28 37 53
28 38 33
28 39 38
28 40 48
28 41 52
28 42 51
28 43 48
28 44 48
28 45 49
28 46 35
28 47 36
28 48 46
28 49 39
28 50 44
29 0 32
29 1 37
29 2 44
29 3 37
29 4 51
29 5 39
29 6 32
29 7 36
29 8 34
29 9 35
29 10 38
29 11 37
29 12 21
29 13 44
29 14 42
29 15 32
29 16 30
29 17 18
29 18 35
29 19 31
29 20 35
29 21 32
29 22 37
29 23 44
29 24 39
29 25 47
29 26 35
29 27 23
29 28 34
29 29 99
29 30 50
29 31 40
29 32 40
29 33 40
29 34 44
29 35 51
29 36 29
29 37 49
29 38 29
29 39 36
29 40 43
29 41 41
29 42 47
29 43 40
29 44 33
29 45 45
29 46 29
29 47 38
29 48 36
29 49 46
29 50 50
30 0 59
30 1 64
30 2 66
30 3 55
30 4 69
30 5 56
30 6 35
30 7 60
30 8 58
30 9 55
30 10 62
30 11 37
30 12 20
30 13 66
30 14 71
30 15 56
30 16 43
30 17 27
30 18 58
30 19 48
30 20 62
30 21 56
30 22 64
30 23 69
30 24 54
30 25 62
30 26 62
30 27 36
30 28 59
30 29 50
30 30 100
30 31 54
30 32 58
30 33 59
30 34 70
30 35 66
30 36 49
30 37 62
30 38 41
30 39 55
30 40 57
30 41 60
30 42 67
30 43 54
30 44 52
30 45 63
30 46 48
30 47 53
30 48 58
30 49 51
30 50 55
31 0 39
31 1 55
31 2 54
31 3 48
31 4 42
31 5 48
31 6 44
31 7 40
31 8 40
31 9 46
31 10 48
31 11 32
31 12 16
31 13 49
31 14 49
31 15 50
31 16 39
31 17 37
31 18 49
31 19 48
31 20 45
31 21 50
31 22 49
31 23 55
31 24 66
31 25 53
31 26 60
31 27 43
31 28 45
31 29 40
31 30 54
31 31 99
31 32 53
31 33 45
31 34 47
31 35 50
31 36 35
31 37 48
31 38 43
31 39 45
31 40 62
31 41 59
31 42 61
31 43 46
31 44 47
31 45 56
31 46 35
31 47 38
31 48 51
31 49 47
31 50 53
32 0 51
32 1 59
32 2 59
32 3 60
32 4 47
32 5 51
32 6 42
32 7 51
32 8 54
32 9 48
32 10 60
32 11 43
32 12 25
32 13 55
32 14 60
32 15 53
32 16 51
32 17 32
32 18 63
32 19 53
32 20 59
32 21 45
32 22 56
32 23 59
32 24 62
32 25 53
32 26 61
32 27 41
32 28 49
32 29 40
32 30 58
32 31 53
32 32 100
32 33 49
32 34 59
32 35 67
32 36 43
32 37 66
32 38 52
32 39 55
32 40 61
32 41 57
32 42 64
32 43 60
32 44 49
32 45 59
32 46 38
32 47 40
32 48 47
32 49 48
32 50 44
33 0 47
33 1 50
33 2 50
33 3 38
33 4 66
33 5 51
33 6 45
33 7 55
33 8 52
33 9 44
33 10 54
33 11 42
33 12 24
33 13 59
33 14 49
33 15 53
33 16 38
33 17 20
33 18 49
33 19 38
33 20 49
33 21 41
33 22 58
33 23 51
33 24 49
33 25 53
33 26 56
33 27 45
33 28 61
33 29 40
33 30 59
33 31 45
33 32 49
33 33 99
33 34 58
33 35 55
33 36 47
33 37 58
33 38 37
33 39 42
33 40 56
33 41 59
33 42 55
33 43 53
33 44 58
33 45 56
33 46 44
33 47 42
33 48 56
33 49 40
33 50 45
34 0 54
34 1 55
34 2 58
34 3 48
34 4 60
34 5 49
34 6 44
34 7 57
34 8 60
34 9 52
34 10 64
34 11 46
34 12 24
34 13 64
34 14 66
34 15 55
34 16 41
34 17 29
34 18 50
34 19 47
34 20 63
34 21 51
34 22 60
34 23 61
34 24 59
34 25 60
34 26 63
34 27 37
34 28 44
34 29 44
34 30 70
34 31 47
34 32 59
34 33 58
34 34 100
34 35 62
34 36 50
34 37 60
34 38 38
34 39 55
34 40 56
34 41 62
34 42 63
34 43 55
34 44 57
34 45 58
34 46 46
34 47 50
34 48 45
34 49 47
34 50 49
35 0 48
35 1 60
35 2 72
35 3 54
35 4 66
35 5 51
35 6 52
35 7 54
35 8 53
35 9 46
35 10 54
35 11 44
35 12 30
35 13 58
35 14 61
35 15 58
35 16 45
35 17 27
35 18 56
35 19 47
35 20 54
35 21 53
35 22 57
35 23 76
35 24 48
35 25 50
35 26 57
35 27 30
35 28 51
35 29 51
35 30 66
35 31 50
35 32 67
35 33 55
35 34 62
35 35 99
35 36 50
35 37 65
35 38 53
35 39 57
35 40 60
35 41 63
35 42 71
35 43 61
35 44 48
35 45 63
35 46 50
35 47 57
35 48 61
35 49 57
35 50 58
36 0 56
36 1 41
36 2 51
36 3 39
36 4 46
36 5 39
36 6 42
36 7 63
36 8 60
36 9 65
36 10 58
36 11 42
36 12 28
36 13 52
36 14 47
36 15 43
36 16 38
36 17 27
36 18 63
36 19 43
36 20 44
36 21 38
36 22 52
36 23 49
36 24 37
36 25 43
36 26 45
36 27 23
36 28 36
36 29 29
36 30 49
36 31 35
36 32 43
36 33 47
36 34 50
36 35 50
36 36 100
36 37 50
36 38 48
36 39 58
36 40 44
36 41 54
36 42 52
36 43 58
36 44 45
36 45 44
36 46 54
36 47 40
36 48 38
36 49 35
36 50 34
37 0 53
37 1 57
37 2 60
37 3 54
37 4 57
37 5 56
37 6 43
37 7 56
37 8 53
37 9 53
37 10 63
37 11 47
37 12 22
37 13 66
37 14 61
37 15 59
37 16 43
37 17 30
37 18 59
37 19 49
37 20 59
37 21 46
37 22 56
37 23 62
37 24 59
37 25 59
37 26 62
37 27 46
37 28 53
37 29 49
37 30 62
37 31 48
37 32 66
37 33 58
37 34 60
37 35 65
37 36 50
37 37 99
37 38 47
37 39 55
37 40 59
37 41 56
37 42 64
37 43 61
37 44 53
37 45 60
37 46 47
37 47 49
37 48 52
37 49 50
37 50 45
38 0 34
38 1 44
38 2 47
38 3 45
38 4 31
38 5 36
38 6 23
38 7 36
38 8 37
38 9 42
38 10 50
38 11 32
38 12 17
38 13 42
38 14 48
38 15 40
38 16 26
38 17 24
38 18 46
38 19 39
38 20 36
38 21 40
38 22 40
38 23 50
38 24 46
38 25 37
38 26 38
38 27 33
38 28 33
38 29 29
38 30 41
38 31 43
38 32 52
38 33 37
38 34 38
38 35 53
38 36 48
38 37 47
38 38 99
38 39 57
38 40 44
38 41 66
38 42 52
38 43 50
38 44 49
38 45 45
38 46 29
38 47 34
38 48 38
38 49 38
38 50 42
39 0 51
39 1 56
39 2 59
39 3 82
39 4 43
39 5 43
39 6 32
39 7 58
39 8 48
39 9 55
39 10 62
39 11 44
39 12 23
39 13 61
39 14 65
39 15 53
39 16 33
39 17 31
39 18 55
39 19 44
39 20 50
39 21 61
39 22 45
39 23 55
39 24 59
39 25 58
39 26 57
39 27 32
39 28 38
39 29 36
39 30 55
39 31 45
39 32 55
39 33 42
39 34 55
39 35 57
39 36 58
39 37 55
39 38 57
39 39 100
39 40 57
39 41 67
39 42 65
39 43 56
39 44 51
39 45 56
39 46 39
39 47 38
39 48 45
39 49 53
39 50 48
40 0 44
40 1 62
40 2 60
40 3 59
40 4 55
40 5 51
40 6 64
40 7 49
40 8 47
40 9 49
40 10 56
40 11 44
40 12 19
40 13 56
40 14 57
40 15 52
40 16 39
40 17 25
40 18 49
40 19 50
40 20 49
40 21 45
40 22 55
40 23 58
40 24 62
40 25 56
40 26 63
40 27 50
40 28 48
40 29 43
40 30 57
40 31 62
40 32 61
40 33 56
40 34 56
40 35 60
40 36 44
40 37 59
40 38 44
40 39 57
40 40 99
40 41 65
40 42 65
40 43 58
40 44 46
40 45 63
40 46 47
40 47 54
40 48 50
40 49 58
40 50 52
41 0 46
41 1 60
41 2 68
41 3 56
41 4 55
41 5 53
41 6 42
41 7 56
41 8 55
41 9 58
41 10 68
41 11 53
41 12 31
41 13 61
41 14 61
41 15 56
41 16 39
41 17 26
41 18 57
41 19 50
41 20 58
41 21 52
41 22 59
41 23 64
41 24 65
41 25 58
41 26 64
41 27 47
41 28 52
41 29 41
41 30 60
41 31 59
41 32 57
41 33 59
41 34 62
41 35 63
41 36 54
41 37 56
41 38 66
41 39 67
41 40 65
41 41 99
41 42 74
41 43 63
41 44 60
41 45 64
41 46 43
41 47 47
41 48 59
41 49 58
41 50 62
42 0 51
42 1 62
42 2 78
42 3 57
42 4 61
42 5 56
42 6 44
42 7 54
42 8 53
42 9 59
42 10 60
42 11 47
42 12 26
42 13 61
42 14 65
42 15 60
42 16 38
42 17 33
42 18 58
42 19 55
42 20 53
42 21 51
42 22 62
42 23 75
42 24 60
42 25 56
42 26 61
42 27 38
42 28 51
42 29 47
42 30 67
42 31 61
42 32 64
42 33 55
42 34 63
42 35 71
42 36 52
42 37 64
42 38 52
42 39 65
42 40 65
42 41 74
42 42 99
42 43 71
42 44 60
42 45 69
42 46 44
42 47 50
42 48 61
42 49 64
42 50 64
43 0 49
43 1 48
43 2 60
43 3 46
43 4 55
43 5 57
43 6 50
43 7 54
43 8 54
43 9 53
43 10 56
43 11 49
43 12 26
43 13 51
43 14 52
43 15 51
43 16 37
43 17 27
43 18 63
43 19 52
43 20 42
43 21 38
43 22 55
43 23 58
43 24 48
43 25 50
43 26 48
43 27 32
43 28 48
43 29 40
43 30 54
43 31 46
43 32 60
43 33 53
43 34 55
43 35 61
43 36 58
43 37 61
43 38 50
43 39 56
43 40 58
43 41 63
43 42 71
43 43 99
43 44 52
43 45 62
43 46 46
43 47 40
43 48 51
43 49 44
43 50 45
44 0 43
44 1 52
44 2 53
44 3 42
44 4 52
44 5 64
44 6 31
44 7 54
44 8 42
44 9 47
44 10 59
44 11 45
44 12 23
44 13 55
44 14 53
44 15 48
44 16 33
44 17 23
44 18 42
44 19 35
44 20 45
44 21 42
44 22 52
44 23 51
44 24 52
44 25 48
44 26 50
44 27 39
44 28 48
44 29 33
44 30 52
44 31 47
44 32 49
44 33 58
44 34 57
44 35 48
44 36 45
44 37 53
44 38 49
44 39 51
44 40 46
44 41 60
44 42 60
44 43 52
44 44 100
44 45 55
44 46 34
44 47 31
44 48 55
44 49 38
44 50 43
45 0 45
45 1 60
45 2 63
45 3 58
45 4 55
45 5 55
45 6 46
45 7 57
45 8 46
45 9 59
45 10 58
45 11 56
45 12 20
45 13 57
45 14 62
45 15 60
45 16 37
45 17 30
45 18 56
45 19 56
45 20 56
45 21 57
45 22 54
45 23 64
45 24 58
45 25 59
45 26 62
45 27 42
45 28 49
45 29 45
45 30 63
45 31 56
45 32 59
45 33 56
45 34 58
45 35 63
45 36 44
45 37 60
45 38 45
45 39 56
45 40 63
45 41 64
45 42 69
45 43 62
45 44 55
45 45 99
45 46 54
45 47 53
45 48 60
45 49 60
45 50 59
46 0 42
46 1 42
46 2 46
46 3 29
46 4 48
46 5 43
46 6 53
46 7 54
46 8 45
46 9 54
46 10 42
46 11 41
46 12 9
46 13 40
46 14 40
46 15 39
46 16 32
46 17 30
46 18 56
46 19 46
46 20 43
46 21 28
46 22 47
46 23 49
46 24 28
46 25 38
46 26 42
46 27 21
46 28 35
46 29 29
46 30 48
46 31 35
46 32 38
46 33 44
46 34 46
46 35 50
46 36 54
46 37 47
46 38 29
46 39 39
46 40 47
46 41 43
46 42 44
46 43 46
46 44 34
46 45 54
46 46 100
46 47 55
46 48 34
46 49 36
46 50 30
47 0 37
47 1 45
47 2 52
47 3 35
47 4 55
47 5 45
47 6 46
47 7 39
47 8 39
47 9 38
47 10 40
47 11 28
47 12 10
47 13 40
47 14 44
47 15 33
47 16 24
47 17 30
47 18 35
47 19 39
47 20 45
47 21 48
47 22 41
47 23 56
47 24 32
47 25 43
47 26 42
47 27 24
47 28 36
47 29 38
47 30 53
47 31 38
47 32 40
47 33 42
47 34 50
47 35 57
47 36 40
47 37 49
47 38 34
47 39 38
47 40 54
47 41 47
47 42 50
47 43 40
47 44 31
47 45 53
47 46 55
47 47 100
47 48 35
47 49 37
47 50 41
48 0 42
48 1 57
48 2 57
48 3 45
48 4 58
48 5 46
48 6 39
48 7 48
48 8 52
48 9 45
48 10 49
48 11 39
48 12 23
48 13 50
48 14 51
48 15 53
48 16 40
48 17 26
48 18 46
48 19 41
48 20 37
48 21 43
48 22 57
48 23 57
48 24 45
48 25 50
48 26 47
48 27 37
48 28 46
48 29 36
48 30 58
48 31 51
48 32 47
48 33 56
48 34 45
48 35 61
48 36 38
48 37 52
48 38 38
48 39 45
48 40 50
48 41 59
48 42 61
48 43 51
48 44 55
48 45 60
48 46 34
48 47 35
48 48 100
48 49 49
48 50 53
49 0 33
49 1 51
49 2 55
49 3 55
49 4 43
49 5 35
49 6 35
49 7 50
49 8 37
49 9 47
49 10 46
49 11 59
49 12 31
49 13 52
49 14 51
49 15 54
49 16 35
49 17 20
49 18 47
49 19 43
49 20 43
49 21 41
49 22 43
49 23 55
49 24 55
49 25 48
49 26 52
49 27 35
49 28 39
49 29 46
49 30 51
49 31 47
49 32 48
49 33 40
49 34 47
49 35 57
49 36 35
49 37 50
49 38 38
49 39 53
49 40 58
49 41 58
49 42 64
49 43 44
49 44 38
49 45 60
49 46 36
49 47 37
49 48 49
49 49 99
49 50 55
50 0 32
50 1 51
50 2 65
50 3 49
50 4 42
50 5 44
50 6 35
50 7 47
50 8 42
50 9 41
50 10 48
50 11 43
50 12 29
50 13 54
50 14 50
50 15 51
50 16 33
50 17 19
50 18 46
50 19 47
50 20 41
50 21 44
50 22 53
50 23 58
50 24 56
50 25 47
50 26 48
50 27 39
50 28 44
50 29 50
50 30 55
50 31 53
50 32 44
50 33 45
50 34 49
50 35 58
50 36 34
50 37 45
50 38 42
50 39 48
50 40 52
50 41 62
50 42 64
50 43 45
50 44 43
50 45 59
50 46 30
50 47 41
50 48 53
50 49 55
50 50 99
