0 0 100
0 1 53
0 2 47
0 3 35
0 4 57
0 5 54
0 6 67
0 7 53
0 8 61
0 9 51
0 10 54
0 11 41
0 12 58
0 13 49
0 14 58
0 15 49
0 16 48
0 17 52
0 18 48
0 19 38
0 20 52
0 21 42
0 22 52
0 23 35
0 24 54
0 25 48
0 26 57
0 27 67
1 0 53
1 1 100
1 2 44
1 3 35
1 4 56
1 5 47
1 6 56
1 7 83
1 8 48
1 9 47
1 10 60
1 11 42
1 12 51
1 13 57
1 14 57
1 15 50
1 16 37
1 17 63
1 18 45
1 19 31
1 20 47
1 21 45
1 22 41
1 23 39
1 24 58
1 25 43
1 26 50
1 27 54
2 0 47
2 1 44
2 2 99
2 3 47
2 4 48
2 5 33
2 6 52
2 7 57
2 8 50
2 9 52
2 10 47
2 11 41
2 12 43
2 13 43
2 14 68
2 15 59
2 16 53
2 17 67
2 18 52
2 19 43
2 20 48
2 21 44
2 22 45
2 23 41
2 24 47
2 25 46
2 26 52
2 27 41
3 0 35
3 1 35
3 2 47
3 3 100
3 4 47
3 5 33
3 6 38
3 7 38
3 8 40
3 9 35
3 10 39
3 11 34
3 12 40
3 13 37
3 14 49
3 15 33
3 16 44
3 17 44
3 18 46
3 19 36
3 20 47
3 21 33
3 22 40
3 23 21
3 24 37
3 25 38
3 26 43
3 27 35
4 0 57
4 1 56
4 2 48
4 3 47
4 4 100
4 5 45
4 6 56
4 7 60
4 8 56
4 9 68
4 10 69
4 11 42
4 12 53
4 13 42
4 14 59
4 15 45
4 16 48
4 17 52
4 18 55
4 19 34
4 20 55
4 21 46
4 22 53
4 23 30
4 24 62
4 25 51
4 26 60
4 27 55
5 0 54
5 1 47
5 2 33
5 3 33
5 4 45
5 5 100
5 6 52
5 7 46
5 8 56
5 9 48
5 10 54
5 11 45
5 12 69
5 13 48
5 14 41
5 15 48
5 16 44
5 17 49
5 18 41
5 19 36
5 20 48
5 21 46
5 22 43
5 23 34
5 24 52
5 25 51
5 26 37
5 27 44
6 0 67
6 1 56
6 2 52
6 3 38
6 4 56
6 5 52
6 6 100
6 7 60
6 8 61
6 9 60
6 10 62
6 11 42
6 12 57
6 13 59
6 14 60
6 15 53
6 16 51
6 17 60
6 18 54
6 19 50
6 20 58
6 21 46
6 22 55
6 23 37
6 24 54
6 25 51
6 26 62
6 27 53
7 0 53
7 1 83
7 2 57
7 3 38
7 4 60
7 5 46
7 6 60
7 7 99
7 8 53
7 9 58
7 10 61
7 11 44
7 12 53
7 13 60
7 14 62
7 15 59
7 16 43
7 17 67
7 18 50
7 19 39
7 20 56
7 21 51
7 22 50
7 23 45
7 24 57
7 25 57
7 26 51
7 27 56
8 0 61
8 1 48
8 2 50
8 3 40
8 4 56
8 5 56
8 6 61
8 7 53
8 8 100
8 9 59
8 10 61
8 11 55
8 12 69
8 13 67
8 14 55
8 15 60
8 16 62
8 17 59
8 18 65
8 19 51
8 20 71
8 21 68
8 22 59
8 23 48
8 24 58
8 25 59
8 26 53
8 27 47
9 0 51
9 1 47
9 2 52
9 3 35
9 4 68
9 5 48
9 6 60
9 7 58
9 8 59
9 9 100
9 10 61
9 11 47
9 12 54
9 13 41
9 14 57
9 15 52
9 16 49
9 17 57
9 18 56
9 19 42
9 20 61
9 21 48
9 22 51
9 23 39
9 24 50
9 25 53
9 26 61
9 27 57
10 0 54
10 1 60
10 2 47
10 3 39
10 4 69
10 5 54
10 6 62
10 7 61
10 8 61
10 9 61
10 10 99
10 11 53
10 12 63
10 13 56
10 14 59
10 15 55
10 16 51
10 17 69
10 18 58
10 19 50
10 20 60
10 21 58
10 22 52
10 23 42
10 24 66
10 25 56
10 26 62
10 27 59
11 0 41
11 1 42
11 2 41
11 3 34
11 4 42
11 5 45
11 6 42
11 7 44
11 8 55
11 9 47
11 10 53
11 11 99
11 12 50
11 13 46
11 14 48
11 15 44
11 16 43
11 17 49
11 18 46
11 19 40
11 20 50
11 21 48
11 22 42
11 23 48
11 24 43
11 25 46
11 26 41
11 27 43
12 0 58
12 1 51
12 2 43
12 3 40
12 4 53
12 5 69
12 6 57
12 7 53
12 8 69
12 9 54
12 10 63
12 11 50
12 12 99
12 13 61
12 14 50
12 15 57
12 16 55
12 17 61
12 18 52
12 19 47
12 20 63
12 21 50
12 22 56
12 23 42
12 24 58
12 25 62
12 26 59
12 27 46
13 0 49
13 1 57
13 2 43
13 3 37
13 4 42
13 5 48
13 6 59
13 7 60
13 8 67
13 9 41
13 10 56
13 11 46
13 12 61
13 13 100
13 14 49
13 15 49
13 16 50
13 17 58
13 18 56
13 19 51
13 20 65
13 21 54
13 22 51
13 23 46
13 24 52
13 25 53
13 26 48
13 27 38
14 0 58
14 1 57
14 2 68
14 3 49
14 4 59
14 5 41
14 6 60
14 7 62
14 8 55
14 9 57
14 10 59
14 11 48
14 12 50
14 13 49
14 14 99
14 15 52
14 16 49
14 17 64
14 18 54
14 19 45
14 20 56
14 21 51
14 22 50
14 23 41
14 24 55
14 25 51
14 26 62
14 27 50
15 0 49
15 1 50
15 2 59
15 3 33
15 4 45
15 5 48
15 6 53
15 7 59
15 8 60
15 9 52
15 10 55
15 11 44
15 12 57
15 13 49
15 14 52
15 15 99
15 16 54
15 17 63
15 18 51
15 19 42
15 20 54
15 21 54
15 22 43
15 23 52
15 24 52
15 25 57
15 26 47
15 27 53
16 0 48
16 1 37
16 2 53
16 3 44
16 4 48
16 5 44
16 6 51
16 7 43
16 8 62
16 9 49
16 10 51
16 11 43
16 12 55
16 13 50
16 14 49
16 15 54
16 16 99
16 17 62
16 18 61
16 19 57
16 20 63
16 21 55
16 22 51
16 23 39
16 24 53
16 25 50
16 26 50
16 27 34
17 0 52
17 1 63
17 2 67
17 3 44
17 4 52
17 5 49
17 6 60
17 7 67
17 8 59
17 9 57
17 10 69
17 11 49
17 12 61
17 13 58
17 14 64
17 15 63
17 16 62
17 17 100
17 18 58
17 19 51
17 20 59
17 21 54
17 22 46
17 23 47
17 24 63
17 25 57
17 26 63
17 27 52
18 0 48
18 1 45
18 2 52
18 3 46
18 4 55
18 5 41
18 6 54
18 7 50
18 8 65
18 9 56
18 10 58
18 11 46
18 12 52
18 13 56
18 14 54
18 15 51
18 16 61
18 17 58
18 18 99
18 19 51
18 20 72
18 21 62
18 22 49
18 23 47
18 24 55
18 25 56
18 26 48
18 27 42
19 0 38
19 1 31
19 2 43
19 3 36
19 4 34
19 5 36
19 6 50
19 7 39
19 8 51
19 9 42
19 10 50
19 11 40
19 12 47
19 13 51
19 14 45
19 15 42
19 16 57
19 17 51
19 18 51
19 19 100
19 20 59
19 21 55
19 22 40
19 23 41
19 24 42
19 25 39
19 26 40
19 27 28
20 0 52
20 1 47
20 2 48
20 3 47
20 4 55
20 5 48
20 6 58
20 7 56
20 8 71
20 9 61
20 10 60
20 11 50
20 12 63
20 13 65
20 14 56
20 15 54
20 16 63
20 17 59
20 18 72
20 19 59
20 20 100
20 21 68
20 22 52
20 23 48
20 24 59
20 25 59
20 26 53
20 27 47
21 0 42
21 1 45
21 2 44
21 3 33
21 4 46
21 5 46
21 6 46
21 7 51
21 8 68
21 9 48
21 10 58
21 11 48
21 12 50
21 13 54
21 14 51
21 15 54
21 16 55
21 17 54
21 18 62
21 19 55
21 20 68
21 21 99
21 22 46
21 23 48
21 24 57
21 25 53
21 26 39
21 27 45
22 0 52
22 1 41
22 2 45
22 3 40
22 4 53
22 5 43
22 6 55
22 7 50
22 8 59
22 9 51
22 10 52
22 11 42
22 12 56
22 13 51
22 14 50
22 15 43
22 16 51
22 17 46
22 18 49
22 19 40
22 20 52
22 21 46
22 22 99
22 23 32
22 24 50
22 25 44
22 26 54
22 27 45
23 0 35
23 1 39
23 2 41
23 3 21
23 4 30
23 5 34
23 6 37
23 7 45
23 8 48
23 9 39
23 10 42
23 11 48
23 12 42
23 13 46
23 14 41
23 15 52
23 16 39
23 17 47
23 18 47
23 19 41
23 20 48
23 21 48
23 22 32
23 23 100
23 24 42
23 25 46
23 26 31
23 27 29
24 0 54
24 1 58
24 2 47
24 3 37
24 4 62
24 5 52
24 6 54
24 7 57
24 8 58
24 9 50
24 10 66
24 11 43
24 12 58
24 13 52
24 14 55
24 15 52
24 16 53
24 17 63
24 18 55
24 19 42
24 20 59
24 21 57
24 22 50
24 23 42
24 24 99
24 25 49
24 26 55
24 27 54
25 0 48
25 1 43
25 2 46
25 3 38
25 4 51
25 5 51
25 6 51
25 7 57
25 8 59
25 9 53
25 10 56
25 11 46
25 12 62
25 13 53
25 14 51
25 15 57
25 16 50
25 17 57
25 18 56
25 19 39
25 20 59
25 21 53
25 22 44
25 23 46
25 24 49
25 25 100
25 26 49
25 27 41
26 0 57
26 1 50
26 2 52
26 3 43
26 4 60
26 5 37
26 6 62
26 7 51
26 8 53
26 9 61
26 10 62
26 11 41
26 12 59
26 13 48
26 14 62
26 15 47
26 16 50
26 17 63
26 18 48
26 19 40
26 20 53
26 21 39
26 22 54
26 23 31
26 24 55
26 25 49
26 26 100
26 27 62
27 0 67
27 1 54
27 2 41
27 3 35
27 4 55
27 5 44
27 6 53
27 7 56
27 8 47
27 9 57
27 10 59
27 11 43
27 12 46
27 13 38
27 14 50
27 15 53
27 16 34
27 17 52
27 18 42
27 19 28
27 20 47
27 21 45
27 22 45
27 23 29
27 24 54
27 25 41
27 26 62
27 27 99
0 0 100
0 1 53
0 2 47
0 3 35
0 4 57
0 5 54
0 6 67
0 7 53
0 8 61
0 9 51
0 10 54
0 11 41
0 12 58
0 13 49
0 14 58
0 15 49
0 16 48
0 17 52
0 18 48
0 19 38
0 20 52
0 21 42
0 22 52
0 23 35
0 24 54
0 25 48
0 26 57
0 27 67
1 0 53
1 1 100
1 2 44
1 3 35
1 4 56
1 5 47
1 6 56
1 7 83
1 8 48
1 9 47
1 10 60
1 11 42
1 12 51
1 13 57
1 14 57
1 15 50
1 16 37
1 17 63
1 18 45
1 19 31
1 20 47
1 21 45
1 22 41
1 23 39
1 24 58
1 25 43
1 26 50
1 27 54
2 0 47
2 1 44
2 2 99
2 3 47
2 4 48
2 5 33
2 6 52
2 7 57
2 8 50
2 9 52
2 10 47
2 11 41
2 12 43
2 13 43
2 14 68
2 15 59
2 16 53
2 17 67
2 18 52
2 19 43
2 20 48
2 21 44
2 22 45
2 23 41
2 24 47
2 25 46
2 26 52
2 27 41
3 0 35
3 1 35
3 2 47
3 3 100
3 4 47
3 5 33
3 6 38
3 7 38
3 8 40
3 9 35
3 10 39
3 11 34
3 12 40
3 13 37
3 14 49
3 15 33
3 16 44
3 17 44
3 18 46
3 19 36
3 20 47
3 21 33
3 22 40
3 23 21
3 24 37
3 25 38
3 26 43
3 27 35
4 0 57
4 1 56
4 2 48
4 3 47
4 4 100
4 5 45
4 6 56
4 7 60
4 8 56
4 9 68
4 10 69
4 11 42
4 12 53
4 13 42
4 14 59
4 15 45
4 16 48
4 17 52
4 18 55
4 19 34
4 20 55
4 21 46
4 22 53
4 23 30
4 24 62
4 25 51
4 26 60
4 27 55
5 0 54
5 1 47
5 2 33
5 3 33
5 4 45
5 5 100
5 6 52
5 7 46
5 8 56
5 9 48
5 10 54
5 11 45
5 12 69
5 13 48
5 14 41
5 15 48
5 16 44
5 17 49
5 18 41
5 19 36
5 20 48
5 21 46
5 22 43
5 23 34
5 24 52
5 25 51
5 26 37
5 27 44
6 0 67
6 1 56
6 2 52
6 3 38
6 4 56
6 5 52
6 6 100
6 7 60
6 8 61
6 9 60
6 10 62
6 11 42
6 12 57
6 13 59
6 14 60
6 15 53
6 16 51
6 17 60
6 18 54
6 19 50
6 20 58
6 21 46
6 22 55
6 23 37
6 24 54
6 25 51
6 26 62
6 27 53
7 0 53
7 1 83
7 2 57
7 3 38
7 4 60
7 5 46
7 6 60
7 7 99
7 8 53
7 9 58
7 10 61
7 11 44
7 12 53
7 13 60
7 14 62
7 15 59
7 16 43
7 17 67
7 18 50
7 19 39
7 20 56
7 21 51
7 22 50
7 23 45
7 24 57
7 25 57
7 26 51
7 27 56
8 0 61
8 1 48
8 2 50
8 3 40
8 4 56
8 5 56
8 6 61
8 7 53
8 8 100
8 9 59
8 10 61
8 11 55
8 12 69
8 13 67
8 14 55
8 15 60
8 16 62
8 17 59
8 18 65
8 19 51
8 20 71
8 21 68
8 22 59
8 23 48
8 24 58
8 25 59
8 26 53
8 27 47
9 0 51
9 1 47
9 2 52
9 3 35
9 4 68
9 5 48
9 6 60
9 7 58
9 8 59
9 9 100
9 10 61
9 11 47
9 12 54
9 13 41
9 14 57
9 15 52
9 16 49
9 17 57
9 18 56
9 19 42
9 20 61
9 21 48
9 22 51
9 23 39
9 24 50
9 25 53
9 26 61
9 27 57
10 0 54
10 1 60
10 2 47
10 3 39
10 4 69
10 5 54
10 6 62
10 7 61
10 8 61
10 9 61
10 10 99
10 11 53
10 12 63
10 13 56
10 14 59
10 15 55
10 16 51
10 17 69
10 18 58
10 19 50
10 20 60
10 21 58
10 22 52
10 23 42
10 24 66
10 25 56
10 26 62
10 27 59
11 0 41
11 1 42
11 2 41
11 3 34
11 4 42
11 5 45
11 6 42
11 7 44
11 8 55
11 9 47
11 10 53
11 11 99
11 12 50
11 13 46
11 14 48
11 15 44
11 16 43
11 17 49
11 18 46
11 19 40
11 20 50
11 21 48
11 22 42
11 23 48
11 24 43
11 25 46
11 26 41
11 27 43
12 0 58
12 1 51
12 2 43
12 3 40
12 4 53
12 5 69
12 6 57
12 7 53
12 8 69
12 9 54
12 10 63
12 11 50
12 12 99
12 13 61
12 14 50
12 15 57
12 16 55
12 17 61
12 18 52
12 19 47
12 20 63
12 21 50
12 22 56
12 23 42
12 24 58
12 25 62
12 26 59
12 27 46
13 0 49
13 1 57
13 2 43
13 3 37
13 4 42
13 5 48
13 6 59
13 7 60
13 8 67
13 9 41
13 10 56
13 11 46
13 12 61
13 13 100
13 14 49
13 15 49
13 16 50
13 17 58
13 18 56
13 19 51
13 20 65
13 21 54
13 22 51
13 23 46
13 24 52
13 25 53
13 26 48
13 27 38
14 0 58
14 1 57
14 2 68
14 3 49
14 4 59
14 5 41
14 6 60
14 7 62
14 8 55
14 9 57
14 10 59
14 11 48
14 12 50
14 13 49
14 14 99
14 15 52
14 16 49
14 17 64
14 18 54
14 19 45
14 20 56
14 21 51
14 22 50
14 23 41
14 24 55
14 25 51
14 26 62
14 27 50
15 0 49
15 1 50
15 2 59
15 3 33
15 4 45
15 5 48
15 6 53
15 7 59
15 8 60
15 9 52
15 10 55
15 11 44
15 12 57
15 13 49
15 14 52
15 15 99
15 16 54
15 17 63
15 18 51
15 19 42
15 20 54
15 21 54
15 22 43
15 23 52
15 24 52
15 25 57
15 26 47
15 27 53
16 0 48
16 1 37
16 2 53
16 3 44
16 4 48
16 5 44
16 6 51
16 7 43
16 8 62
16 9 49
16 10 51
16 11 43
16 12 55
16 13 50
16 14 49
16 15 54
16 16 99
16 17 62
16 18 61
16 19 57
16 20 63
16 21 55
16 22 51
16 23 39
16 24 53
16 25 50
16 26 50
16 27 34
17 0 52
17 1 63
17 2 67
17 3 44
17 4 52
17 5 49
17 6 60
17 7 67
17 8 59
17 9 57
17 10 69
17 11 49
17 12 61
17 13 58
17 14 64
17 15 63
17 16 62
17 17 100
17 18 58
17 19 51
17 20 59
17 21 54
17 22 46
17 23 47
17 24 63
17 25 57
17 26 63
17 27 52
18 0 48
18 1 45
18 2 52
18 3 46
18 4 55
18 5 41
18 6 54
18 7 50
18 8 65
18 9 56
18 10 58
18 11 46
18 12 52
18 13 56
18 14 54
18 15 51
18 16 61
18 17 58
18 18 99
18 19 51
18 20 72
18 21 62
18 22 49
18 23 47
18 24 55
18 25 56
18 26 48
18 27 42
19 0 38
19 1 31
19 2 43
19 3 36
19 4 34
19 5 36
19 6 50
19 7 39
19 8 51
19 9 42
19 10 50
19 11 40
19 12 47
19 13 51
19 14 45
19 15 42
19 16 57
19 17 51
19 18 51
19 19 100
19 20 59
19 21 55
19 22 40
19 23 41
19 24 42
19 25 39
19 26 40
19 27 28
20 0 52
20 1 47
20 2 48
20 3 47
20 4 55
20 5 48
20 6 58
20 7 56
20 8 71
20 9 61
20 10 60
20 11 50
20 12 63
20 13 65
20 14 56
20 15 54
20 16 63
20 17 59
20 18 72
20 19 59
20 20 100
20 21 68
20 22 52
20 23 48
20 24 59
20 25 59
20 26 53
20 27 47
21 0 42
21 1 45
21 2 44
21 3 33
21 4 46
21 5 46
21 6 46
21 7 51
21 8 68
21 9 48
21 10 58
21 11 48
21 12 50
21 13 54
21 14 51
21 15 54
21 16 55
21 17 54
21 18 62
21 19 55
21 20 68
21 21 99
21 22 46
21 23 48
21 24 57
21 25 53
21 26 39
21 27 45
22 0 52
22 1 41
22 2 45
22 3 40
22 4 53
22 5 43
22 6 55
22 7 50
22 8 59
22 9 51
22 10 52
22 11 42
22 12 56
22 13 51
22 14 50
22 15 43
22 16 51
22 17 46
22 18 49
22 19 40
22 20 52
22 21 46
22 22 99
22 23 32
22 24 50
22 25 44
22 26 54
22 27 45
23 0 35
23 1 39
23 2 41
23 3 21
23 4 30
23 5 34
23 6 37
23 7 45
23 8 48
23 9 39
23 10 42
23 11 48
23 12 42
23 13 46
23 14 41
23 15 52
23 16 39
23 17 47
23 18 47
23 19 41
23 20 48
23 21 48
23 22 32
23 23 100
23 24 42
23 25 46
23 26 31
23 27 29
24 0 54
24 1 58
24 2 47
24 3 37
24 4 62
24 5 52
24 6 54
24 7 57
24 8 58
24 9 50
24 10 66
24 11 43
24 12 58
24 13 52
24 14 55
24 15 52
24 16 53
24 17 63
24 18 55
24 19 42
24 20 59
24 21 57
24 22 50
24 23 42
24 24 99
24 25 49
24 26 55
24 27 54
25 0 48
25 1 43
25 2 46
25 3 38
25 4 51
25 5 51
25 6 51
25 7 57
25 8 59
25 9 53
25 10 56
25 11 46
25 12 62
25 13 53
25 14 51
25 15 57
25 16 50
25 17 57
25 18 56
25 19 39
25 20 59
25 21 53
25 22 44
25 23 46
25 24 49
25 25 100
25 26 49
25 27 41
26 0 57
26 1 50
26 2 52
26 3 43
26 4 60
26 5 37
26 6 62
26 7 51
26 8 53
26 9 61
26 10 62
26 11 41
26 12 59
26 13 48
26 14 62
26 15 47
26 16 50
26 17 63
26 18 48
26 19 40
26 20 53
26 21 39
26 22 54
26 23 31
26 24 55
26 25 49
26 26 100
26 27 62
27 0 67
27 1 54
27 2 41
27 3 35
27 4 55
27 5 44
27 6 53
27 7 56
27 8 47
27 9 57
27 10 59
27 11 43
27 12 46
27 13 38
27 14 50
27 15 53
27 16 34
27 17 52
27 18 42
27 19 28
27 20 47
27 21 45
27 22 45
27 23 29
27 24 54
27 25 41
27 26 62
27 27 99
