0 3
1 0
2 3
3 8
4 3
5 3
6 8
7 3
8 0
9 0
10 0
11 3
12 0
13 8
14 3
15 7
16 3
17 3
18 8
19 8
20 8
21 8
22 8
23 3
24 7
25 7
26 8
27 1
28 2
29 8
30 7
31 7
32 8
33 8
34 0
35 0
36 7
37 3
38 8
39 7
40 0
41 0
42 0
43 0
44 0
45 7
46 3
47 3
48 0
49 7
50 8
51 7
52 3
53 7
54 7
55 7
56 7
57 0
58 3
59 3
60 7
61 7
62 7
63 7
64 3
65 3
66 3
67 8
68 3
69 7
70 7
71 7
72 7
73 7
74 3
75 3
76 3
77 0
78 3
79 7
80 4
81 5
82 6
83 3
84 3
85 8
86 3
87 7
88 7
89 7
90 3
91 8
92 3
93 8
94 8
95 3
96 3
97 7
98 0
99 8
100 7
101 7
102 8
103 8
104 8
105 7
106 7
107 3
108 7
109 7
110 7
111 8
112 3
113 8
114 3
115 8
116 7
117 3
118 7
119 8
120 8
121 8
122 7
123 7
124 8
125 3
126 0
