0 1
1 0
2 0
3 0
4 1
5 1
6 1
7 1
8 1
9 2
10 1
11 1
12 1
13 1
14 1
15 1
16 1
17 2
18 2
19 2
20 2
21 1
22 1
23 0
24 2
25 0
26 0
27 0
28 2
29 0
30 0
31 1
32 0
33 2
34 2
35 0
36 0
37 0
38 0
39 0
40 0
41 0
42 0
43 2
44 2
45 0
46 0
47 2
48 0
49 2
50 0
51 0
52 2
53 0
54 2
55 2
56 2
57 2
58 0
59 0
60 0
61 0
62 2
63 0
64 0
65 0
66 0
67 2
68 2
69 3
70 4
71 5
72 2
73 0
74 0
75 1
76 0
77 2
78 0
79 1
80 2
81 2
82 0
83 0
84 0
85 6
86 7
87 8
88 2
89 2
90 0
91 1
92 0
93 0
94 0
95 0
96 1
97 9
98 10
99 11
100 1
101 1
102 0
103 1
104 1
105 1
106 1
107 1
108 1
109 1
110 1
111 1
