0 23
1 24
2 24
3 11
4 23
5 24
6 11
7 23
8 24
9 11
10 11
11 24
12 11
13 24
14 24
15 24
16 23
17 24
18 23
19 23
20 23
21 24
22 24
23 24
24 23
25 24
26 23
27 24
28 11
29 11
30 24
31 11
32 23
33 11
34 11
35 23
36 11
37 24
38 24
39 23
40 24
41 23
42 11
43 23
44 24
45 24
46 23
47 23
48 23
49 23
50 11
51 0
52 1
53 23
54 2
55 3
56 11
57 24
58 11
59 4
60 5
61 6
62 11
63 11
64 24
65 24
66 11
67 23
68 11
69 23
70 24
71 24
72 11
73 24
74 11
75 8
76 9
77 10
78 24
79 11
80 12
81 13
82 14
83 11
84 15
85 16
86 11
87 11
88 24
89 24
90 24
91 24
92 24
93 11
94 11
95 11
96 24
97 23
98 11
99 17
100 18
101 19
102 11
103 20
104 21
105 22
106 11
107 11
108 24
109 24
110 23
111 11
112 23
113 7
114 23
115 7
116 11
117 23
118 23
119 23
120 23
121 24
122 24
123 23
124 24
125 11
126 23
127 24
128 23
129 23
130 24
131 24
132 11
133 24
134 24
135 24
136 24
137 24
138 24
139 11
140 11
141 11
142 24
143 11
144 24
145 24
146 11
147 23
148 23
149 11
150 11
151 11
152 7
153 24
154 23
155 23
156 24
157 11
158 23
159 11
160 24
161 23
162 11
163 11
164 24
165 23
166 24
167 24
168 24
169 23
170 24
171 24
172 11
173 23
174 11
175 11
176 11
177 11
178 11
179 11
180 23
181 24
182 11
183 11
184 11
185 11
186 24
187 24
188 11
189 11
190 11
191 11
192 24
193 11
194 23
195 24
196 24
197 24
198 24
199 24
200 24
201 24
202 11
203 24
204 24
205 24
206 24
207 24
208 24
209 24
210 11
211 24
212 23
213 23
214 23
215 24
216 11
217 11
218 11
219 24
220 11
221 7
222 11
223 11
224 23
225 24
226 24
227 23
228 23
229 11
230 24
231 7
