0 0
1 0
2 0
3 0
4 1
5 1
6 0
7 0
8 0
9 1
10 0
11 0
12 0
13 5
14 1
15 0
16 0
17 0
18 0
19 0
20 1
21 0
22 5
23 2
24 3
25 4
26 0
27 0
28 0
29 0
30 1
31 1
32 5
33 1
34 5
35 5
36 0
37 0
38 6
39 0
40 6
41 5
42 5
43 5
44 5
45 1
46 5
47 5
48 5
49 5
50 5
51 5
52 1
53 5
54 1
55 1
56 1
57 5
58 5
59 0
60 0
61 1
62 0
63 5
64 1
65 1
66 1
67 6
68 1
69 1
70 1
71 0
72 5
73 1
74 0
75 1
76 0
77 5
78 0
79 5
80 5
81 0
82 0
83 5
84 1
85 5
86 1
87 5
88 1
89 5
90 5
91 5
92 5
93 5
94 5
95 5
96 5
97 5
98 5
99 0
100 0
101 0
102 6
103 0
104 5
105 6
106 0
107 0
108 6
109 0
110 0
111 0
112 6
113 0
114 0
115 6
116 0
117 0
118 6
119 0
120 0
121 0
122 0
123 0
124 0
125 0
126 1
127 0
128 0
