0 2
1 0
2 2
3 2
4 2
5 2
6 2
7 2
8 1
9 2
10 2
11 0
12 1
13 2
14 1
15 1
16 2
17 2
18 2
19 2
20 2
21 0
22 0
23 0
24 2
25 1
26 0
27 0
28 1
29 1
30 2
31 2
32 2
33 2
34 0
35 0
36 0
37 0
38 0
39 0
40 2
41 2
42 2
43 2
44 0
45 0
46 0
47 1
48 0
49 0
50 0
51 2
52 1
53 2
54 0
55 2
56 0
57 1
58 0
59 0
60 2
61 0
62 0
63 0
64 0
65 1
66 1
67 2
68 1
69 0
70 0
71 1
72 2
73 0
74 0
75 2
76 0
77 0
78 0
79 2
80 0
81 0
82 0
83 2
84 0
85 0
86 0
87 0
88 0
89 0
90 0
91 2
92 0
93 0
94 0
95 2
96 2
97 0
98 2
99 2
100 2
101 2
102 2
103 2
104 2
105 0
106 2
107 2
108 1
109 2
110 2
111 1
112 2
113 1
114 0
115 2
116 1
117 2
118 2
119 2
120 2
121 1
122 1
123 2
124 0
125 2
126 0
127 0
128 2
129 0
