0 0
1 0
2 0
3 16
4 16
5 16
6 0
7 0
8 0
9 1
10 0
11 16
12 16
13 16
14 16
15 16
16 16
17 16
18 16
19 16
20 16
21 16
22 0
23 0
24 0
25 0
26 0
27 0
28 0
29 0
30 0
31 0
32 0
33 1
34 0
35 0
36 0
37 0
38 1
39 1
40 1
41 1
42 1
43 16
44 0
45 1
46 16
47 16
48 0
49 16
50 1
51 0
52 1
53 1
54 16
55 1
56 1
57 1
58 16
59 16
60 0
61 16
62 16
63 16
64 16
65 16
66 0
67 0
68 0
69 0
70 0
71 1
72 1
73 2
74 3
75 4
76 16
77 5
78 6
79 16
80 7
81 8
82 9
83 16
84 10
85 11
86 12
87 16
88 13
89 14
90 15
91 16
92 16
93 16
94 16
95 17
96 18
97 19
98 16
