0 2
1 0
2 0
3 0
4 0
5 3
6 3
7 3
8 3
9 3
10 2
11 2
12 3
13 3
14 3
15 2
16 0
17 3
18 0
19 0
20 1
21 0
22 3
23 0
24 0
25 0
26 2
27 2
28 2
29 2
30 2
31 2
32 2
33 2
34 2
35 2
36 2
37 2
38 2
39 2
40 2
41 2
42 2
43 2
44 2
45 2
46 2
47 0
48 0
49 3
50 3
51 0
52 2
53 2
54 3
55 3
56 3
57 3
58 3
59 0
60 0
61 2
62 0
63 3
64 3
65 0
66 3
67 3
68 2
69 0
70 3
71 3
72 3
73 0
74 0
75 2
76 0
77 0
78 3
79 0
80 3
81 2
82 3
83 3
84 3
85 3
86 3
87 3
88 0
89 0
90 3
91 0
92 2
93 3
94 2
95 0
96 0
97 2
98 2
99 0
100 2
101 0
102 2
103 2
104 2
105 2
106 2
107 2
108 2
109 2
110 2
111 2
112 2
113 2
114 3
115 3
116 3
117 3
118 0
119 4
120 5
121 2
