0 7
1 6
2 3
3 3
4 7
5 3
6 7
7 7
8 7
9 7
10 7
11 2
12 7
13 7
14 6
15 3
16 3
17 2
18 3
19 7
20 7
21 3
22 3
23 2
24 3
25 2
26 3
27 7
28 3
29 6
30 6
31 6
32 3
33 7
34 3
35 7
36 3
37 6
38 7
39 6
40 6
41 6
42 2
43 3
44 0
45 1
46 2
47 7
48 7
49 7
50 6
51 6
52 3
53 3
54 3
55 2
56 6
57 7
58 2
59 7
60 2
61 2
62 3
63 3
64 2
65 3
66 7
67 3
68 3
69 6
70 6
71 3
72 3
73 2
74 3
75 7
76 6
77 3
78 4
79 5
80 3
81 6
82 3
83 7
84 7
85 2
86 7
87 7
88 6
89 7
90 6
91 7
92 2
93 3
94 3
95 3
96 2
97 2
98 3
99 7
100 7
101 3
102 6
103 7
104 7
105 2
106 7
107 7
108 6
