0 12
1 8
2 0
3 0
4 0
5 0
6 12
7 12
8 8
9 1
10 1
11 8
12 2
13 3
14 4
15 8
16 1
17 8
18 8
19 8
20 8
21 12
22 12
23 8
24 12
25 8
26 8
27 8
28 8
29 8
30 8
31 8
32 8
33 8
34 12
35 12
36 8
37 12
38 12
39 12
40 12
41 12
42 12
43 8
44 5
45 6
46 7
47 8
48 8
49 12
50 12
51 8
52 8
53 12
54 8
55 9
56 10
57 11
58 8
59 12
60 0
61 0
62 0
63 0
64 12
65 0
66 1
67 1
68 0
69 0
70 0
71 0
72 8
73 8
74 12
75 0
76 8
77 12
78 8
79 12
80 12
81 12
82 12
83 12
84 12
85 1
86 12
87 12
88 12
89 12
90 8
91 12
92 12
93 8
94 8
95 8
96 8
97 12
98 12
99 12
100 8
101 8
