0 5
1 5
2 5
3 5
4 4
5 4
6 1
7 1
8 1
9 1
10 0
11 1
12 5
13 5
14 5
15 1
16 0
17 4
18 1
19 5
20 1
21 4
22 4
23 4
24 5
25 5
26 5
27 0
28 5
29 5
30 4
31 5
32 0
33 4
34 1
35 5
36 5
37 5
38 1
39 0
40 0
41 4
42 5
43 5
44 1
45 4
46 1
47 4
48 1
49 5
50 1
51 4
52 2
53 3
54 1
55 1
56 4
57 1
58 5
59 1
60 0
61 0
62 5
63 4
64 4
65 0
66 1
67 1
68 5
69 1
70 1
71 5
72 5
73 4
74 5
75 1
76 1
77 5
78 5
79 1
80 5
81 0
82 1
83 5
84 5
85 1
86 0
87 1
88 0
89 5
90 5
91 0
92 4
93 1
94 4
95 4
96 1
97 4
98 4
99 1
100 1
101 4
102 1
103 1
104 4
105 1
106 4
107 4
108 1
109 1
